HOST|0.00007|0.04018|0.03161|0.12241|0.00756|-0.28735|0.37305 =>  96.3557621305
HOST|-0.00009|0.06878|-0.02942|0.11011|0.21725|0.02702|-0.08151 =>  40.0125582398
SERVER|-0.00008|0.37921|0.00054|-0.00583|-0.11222|-0.08369|-1.42136 =>  -354.026347869
SERVER|-0.00011|-0.34804|0.14333|-0.02210|0.10985|-0.20081|0.61789 =>  96.5077901044
HOST|-0.00004|-0.29830|0.03678|0.21137|0.02324|-0.09862|0.28403 =>  32.2401303142
SERVER|0.00004|-0.27302|0.07670|0.05536|-0.16067|-0.42130|0.26596 =>  -42.1803476539
SERVER|-0.00001|0.12935|0.03155|-0.10397|-0.22419|-0.24456|0.12283 =>  -67.9342161976
SERVER|-0.00008|0.17210|0.32649|0.13374|-0.21561|0.55446|-0.59563 =>  -250.318720224
SERVER|0.00006|0.44983|0.01829|-0.14979|-0.14536|0.25807|0.21555 =>  43.8674248037
HOST|0.00004|-0.18471|0.15899|-0.03655|-0.11776|-0.25071|0.00724 =>  -73.8699589553
HOST|0.00004|0.14525|-0.00778|0.05775|0.35600|0.11100|-0.48452 =>  23.8055103994
SERVER|-0.00008|0.16452|-0.07252|-0.16088|-0.24389|-0.12624|-0.44277 =>  -215.498594032
SERVER|0.00000|-0.21165|-0.01829|-0.02281|0.04639|-0.14352|0.25305 =>  15.0513112991
HOST|0.00003|0.21023|-0.08540|-0.16910|0.00008|-0.06002|-0.17048 =>  -19.472965556
HOST|-0.00007|0.37048|0.23812|0.18636|0.22082|0.04084|0.17661 =>  149.580363997
SERVER|0.00009|-0.40277|0.18838|0.11141|0.07109|0.49096|0.28158 =>  10.0081517001
HOST|0.00022|0.11742|0.21339|-0.05394|0.07989|0.46583|-1.11558 =>  -171.8630535
HOST|0.00003|-0.29903|-0.01078|-0.28647|0.42958|-0.20906|-0.53579 =>  -19.3421992699
SERVER|0.00001|-0.27132|-0.27164|-0.08613|0.06210|-0.60008|-0.13818 =>  -66.454178885
SERVER|0.00010|0.34868|-0.00896|0.10452|-0.10700|0.37401|0.05762 =>  23.0348208555
HOST|0.00010|-0.24434|-0.06017|-0.06694|0.02682|0.38248|0.23328 =>  36.3378774492
SERVER|-0.00004|-0.01477|0.05045|-0.04556|0.42178|0.18781|-0.34465 =>  39.5633917024
SERVER|0.00006|0.20328|0.14064|0.02531|-0.21474|0.12134|-0.16074 =>  -97.8036285929
HOST|-0.00018|0.06131|-0.18193|0.06223|0.00272|0.71246|-0.12713 =>  -67.2983096811
HOST|-0.00000|-0.03114|0.29132|-0.08743|0.41684|1.02590|0.14452 =>  164.859190134
SERVER|-0.00006|-0.02472|0.11079|0.00749|-0.22737|0.73963|-0.65134 =>  -258.830125117
SERVER|-0.00021|0.47389|-0.28656|-0.03065|0.06762|0.45854|-0.16534 =>  -7.92387406156
SERVER|-0.00011|-0.36048|0.03382|-0.04801|0.18058|-0.42376|-0.32833 =>  -119.652932231
HOST|-0.00019|0.43881|0.18448|0.03377|-0.02613|0.54515|0.96222 =>  251.062303559
HOST|-0.00002|-0.08916|0.05676|-0.00074|0.18424|0.42727|-0.26339 =>  -6.52859260141
HOST|-0.00007|-0.32614|0.02070|0.01779|0.10945|0.34277|0.02235 =>  -31.6934813023
SERVER|0.00011|0.20045|0.11376|0.00325|-0.29477|0.54817|-0.05988 =>  -102.579361821
SERVER|-0.00018|-0.58626|-0.09257|-0.05413|0.05064|0.15267|0.16905 =>  -87.2192420975
HOST|0.00025|-0.22854|-0.04249|0.09380|-0.11977|0.53856|-0.25550 =>  -107.608994212
SERVER|-0.00006|0.13634|-0.34845|-0.03542|0.27952|0.03249|0.28730 =>  152.637857424
HOST|0.00012|0.44365|-0.15727|-0.07714|-0.07646|0.12175|-0.19734 =>  0.579422849938
HOST|0.00022|0.38743|-0.22858|-0.09957|-0.26416|-0.35242|-0.61589 =>  -156.917050219
SERVER|-0.00005|0.47096|0.14625|0.12108|-0.11209|0.41146|0.20657 =>  26.0692015604
SERVER|-0.00003|0.32085|0.00268|-0.07644|-0.19936|0.22769|-0.55277 =>  -193.367386596
SERVER|0.00010|0.09972|-0.15941|-0.03755|-0.12019|-0.08811|0.16188 =>  -6.37588948759
SERVER|-0.00009|0.42691|-0.02080|0.10293|-0.10855|0.31919|0.25862 =>  49.0154016736
SERVER|-0.00006|0.86923|-0.16883|0.02407|-0.45253|0.38540|-0.14388 =>  -108.563283435
HOST|0.00008|-0.59336|0.16033|0.02439|0.39351|0.22966|0.39837 =>  141.936656642
HOST|0.00003|-0.04324|0.09199|0.07694|0.07387|-0.06238|-0.12645 =>  -20.7187194982
HOST|0.00007|0.13271|-0.06083|0.01461|-0.21991|0.28587|-0.02349 =>  -66.0655457747
HOST|-0.00002|-0.08395|0.06604|0.08218|-0.04592|0.25010|0.09080 =>  -10.9492391412
HOST|0.00001|0.07711|-0.11002|0.09189|0.00740|-0.27631|-0.64926 =>  -146.644825466
HOST|-0.00020|-0.05918|-0.04495|0.04334|-0.17666|0.01409|0.73839 =>  55.1203577974
HOST|-0.00003|-0.27960|0.04584|0.05007|-0.11582|-0.18954|-0.48736 =>  -225.347917633
HOST|-0.00001|0.07936|-0.14969|-0.12902|0.05780|-0.05088|0.12718 =>  37.8260896141
SERVER|-0.00003|0.06094|-0.09306|0.05546|-0.01534|0.01225|-0.44481 =>  -129.747490488
SERVER|0.00006|-0.27824|0.23051|-0.03279|-0.10222|0.69042|-0.45807 =>  -200.05899976
SERVER|-0.00013|0.28078|0.06065|-0.03251|0.23050|0.21703|0.16009 =>  112.351045818
SERVER|0.00008|0.24557|-0.09025|-0.01489|0.09116|0.47474|0.08403 =>  80.4126916577
HOST|-0.00020|-0.17621|-0.08521|-0.28514|-0.04963|0.41008|0.23911 =>  -24.903460954
HOST|0.00007|-0.06248|0.15298|0.13878|-0.15081|0.28620|-0.31819 =>  -142.355104973
HOST|0.00006|0.66238|-0.18363|-0.03776|-0.19876|-0.49498|-0.14121 =>  -10.1170378439
SERVER|0.00000|-0.28382|0.11312|0.00933|-0.34583|0.30602|-0.38146 =>  -280.20645726
SERVER|-0.00011|0.29745|-0.05829|-0.08631|0.15431|0.02588|0.74197 =>  216.073508576
HOST|-0.00004|-0.01730|0.18963|-0.05818|-0.05123|0.22986|-0.25029 =>  -97.4530606666
HOST|0.00010|-0.33364|-0.07405|0.10454|0.15609|-0.52485|-0.50661 =>  -96.1277043979
HOST|-0.00002|0.17520|0.05534|0.22823|0.03557|0.12656|0.84696 =>  203.365687588
SERVER|-0.00004|0.36560|-0.00304|-0.01650|-0.02791|-0.20905|0.32246 =>  74.9172959819
HOST|0.00001|0.78091|0.20596|-0.05666|0.00530|0.08239|-0.19401 =>  52.8412685546
HOST|0.00017|-0.06825|-0.14764|0.00344|-0.07007|-0.62747|0.22219 =>  35.7657915637
HOST|0.00001|0.21141|-0.02487|0.22783|0.03565|-0.02045|-0.25871 =>  -16.6281481506
HOST|-0.00005|0.31284|0.21396|0.21943|-0.19960|-0.00822|-0.55474 =>  -175.108786488
HOST|0.00023|-0.01045|0.14374|0.04305|-0.15373|-0.05146|-0.11629 =>  -63.3115440829
HOST|0.00001|0.11503|-0.09312|-0.02251|0.08687|-0.39667|-0.44593 =>  -72.5571472092
HOST|0.00013|0.26232|0.01215|-0.06639|0.12840|-0.14491|-0.41868 =>  -3.4507966465
SERVER|-0.00004|0.01738|0.08541|0.18127|-0.07714|0.00408|0.63448 =>  78.6367781809
HOST|0.00004|-0.63550|-0.09331|0.02931|0.19173|-0.20753|0.21702 =>  19.9916392654
HOST|0.00012|0.41001|-0.17141|0.07592|-0.08322|0.02683|0.10329 =>  74.9056189332
HOST|0.00017|-0.24914|-0.15200|-0.09590|-0.18151|0.50125|-0.13700 =>  -120.157523651
SERVER|-0.00012|0.13514|0.15008|0.21570|-0.00369|-0.35604|0.22593 =>  12.6802286211
HOST|0.00005|0.45930|-0.00720|0.13225|0.20828|0.19219|-0.57453 =>  25.7099185012
SERVER|0.00009|0.45993|0.05060|0.02973|0.27580|-0.49041|-0.57803 =>  14.2630645282
SERVER|-0.00011|0.01903|-0.01688|0.02409|0.02668|0.19739|0.36906 =>  40.5359691207
SERVER|-0.00006|-0.11402|-0.05166|0.05526|0.18800|0.18898|0.30993 =>  81.4320518546
SERVER|-0.00002|0.38259|-0.02388|0.04926|-0.08964|-0.31754|-0.01556 =>  -23.2447955313
SERVER|-0.00012|-0.04556|-0.14791|0.11208|-0.55042|0.56669|-0.30196 =>  -319.899212837
SERVER|0.00019|-0.17145|-0.13955|-0.04157|-0.06652|-0.09239|-0.83449 =>  -238.098514832
HOST|0.00019|-0.45401|-0.03090|0.04825|0.04427|0.13371|-0.09708 =>  -60.0088155561
HOST|0.00002|-0.47016|0.05261|0.04755|-0.41980|0.33145|0.35091 =>  -149.855167307
HOST|-0.00015|-0.22542|-0.02678|0.17232|0.00396|-0.63178|-0.99969 =>  -287.868488817
HOST|0.00006|0.12558|0.07012|0.00014|-0.10600|-0.06291|-0.04803 =>  -33.0624444923
HOST|-0.00010|-0.03864|-0.22552|-0.03718|0.09821|0.16482|0.14909 =>  25.1560747501
SERVER|-0.00013|-0.67574|-0.12229|0.06727|-0.25676|-0.38980|-0.91739 =>  -464.803512421
HOST|-0.00003|0.17882|-0.16944|-0.00399|-0.31542|0.11629|0.03143 =>  -80.9419158023
SERVER|-0.00005|0.05167|0.17125|0.14653|-0.27623|0.06136|-0.25568 =>  -181.125102548
HOST|-0.00013|-0.20057|0.24214|-0.05591|-0.03487|0.67816|0.50947 =>  52.0206643269
HOST|-0.00005|0.24963|-0.07774|0.01623|0.08783|-0.07528|-0.32142 =>  -24.4774852629
HOST|-0.00006|-0.06772|0.14407|-0.08154|0.22459|-0.47395|0.20038 =>  99.7603541876
SERVER|0.00009|-0.48720|-0.15444|0.18190|0.19536|-0.10698|0.21719 =>  42.6692319954
SERVER|0.00000|0.44033|-0.06867|-0.07367|-0.09905|-0.14872|0.20943 =>  51.8013934109
HOST|-0.00006|0.40915|-0.12533|-0.08402|0.04017|0.24158|0.25140 =>  105.599020711
SERVER|-0.00006|-0.42641|0.38846|-0.05110|-0.46429|0.12317|-0.51305 =>  -384.923082682
SERVER|0.00010|-0.60846|-0.09663|-0.11496|-0.14013|0.15900|-0.66192 =>  -305.242580403
SERVER|0.00001|0.18037|-0.10041|0.01884|0.23795|-0.06518|-0.28670 =>  20.0863572829
SERVER|-0.00004|-0.19058|0.02100|-0.10632|0.08296|0.05229|0.19097 =>  23.0065679148
SERVER|0.00015|-0.32286|-0.05932|0.02816|0.14216|-0.03043|0.31843 =>  76.8671989563
SERVER|-0.00001|0.50100|0.22940|0.01858|0.22792|0.11264|-0.14942 =>  92.0920043666
HOST|-0.00011|-0.19135|0.11487|-0.03506|-0.02168|0.00732|-0.12934 =>  -89.0087896267
HOST|0.00028|0.02484|-0.24875|0.00625|0.16673|-0.52461|0.32329 =>  165.000370649
SERVER|0.00015|0.08894|-0.12969|0.21178|-0.09969|0.06640|-0.36997 =>  -102.840785147
HOST|-0.00007|-0.10732|0.12274|-0.11523|0.17389|0.41087|0.63717 =>  175.10228222
SERVER|-0.00008|-0.21319|-0.23465|0.04816|-0.06670|0.02453|0.03522 =>  -83.7275732056
HOST|-0.00016|0.04079|0.02890|0.03855|0.00197|-0.02657|0.30382 =>  24.9010669927
HOST|-0.00002|0.22069|0.19475|-0.01312|0.00538|0.67277|-0.02906 =>  11.0081833617
HOST|0.00015|0.65832|-0.12167|0.28618|-0.20138|-0.40253|0.87256 =>  241.471096139
SERVER|0.00011|-0.32732|-0.02841|0.08888|-0.29396|-0.60483|0.20900 =>  -114.052819048
HOST|-0.00011|0.04109|-0.08286|0.17108|-0.23789|0.31967|-0.03219 =>  -126.423617408
HOST|0.00020|0.01963|0.31562|-0.09941|0.14615|-0.34840|0.03250 =>  88.4547738638
HOST|-0.00002|0.46993|0.12722|0.01872|0.06821|-0.17014|0.08386 =>  93.4193449594
SERVER|0.00005|0.26989|-0.07271|-0.10610|-0.34012|-0.58572|-0.06739 =>  -114.386630036
HOST|0.00012|0.32960|-0.00990|0.03852|0.02728|-0.30662|-0.19829 =>  36.2572787024
SERVER|-0.00013|-0.11419|-0.22211|0.00318|-0.14853|0.14148|-0.01320 =>  -117.273594571
HOST|-0.00009|0.10916|0.06024|-0.02259|0.21345|0.08676|-0.01563 =>  67.0977659983
SERVER|0.00005|-0.27914|-0.07959|-0.06209|-0.19073|-0.16785|-0.29654 =>  -195.921651972
HOST|-0.00009|-0.19186|0.01793|-0.19409|-0.12906|0.31525|-0.61145 =>  -246.592554175
HOST|0.00007|-0.49615|-0.06710|-0.09188|-0.18017|0.90194|0.27465 =>  -81.0740989552
HOST|0.00013|-0.46561|0.10480|0.08464|0.10203|-0.15888|0.27147 =>  43.828492612
HOST|-0.00004|-0.40815|0.08111|0.02766|-0.13004|-0.29042|-0.73418 =>  -299.45528637
HOST|-0.00001|-0.52271|-0.04577|-0.05711|-0.15356|-0.51065|0.36131 =>  -53.9910415915
SERVER|0.00002|-0.14189|-0.17234|0.14265|0.07128|0.15656|-0.06479 =>  -37.0296469488
SERVER|-0.00009|0.24144|-0.20653|0.01161|0.28828|0.17468|-0.32470 =>  39.6657788681
HOST|-0.00001|0.09131|-0.17520|-0.02174|-0.05497|-0.63689|-0.00261 =>  -10.7942924047
SERVER|-0.00005|-0.17844|0.08380|0.01609|0.25403|-0.19386|-0.22561 =>  -25.3084552781
SERVER|-0.00008|0.14695|-0.16265|-0.06035|0.07344|-0.02681|0.16383 =>  43.345564264
HOST|0.00007|-0.19502|-0.22046|-0.07837|0.09954|0.20536|-0.29045 =>  -62.6453160822
SERVER|0.00017|0.04043|-0.10362|0.06435|0.12368|-0.00855|0.15622 =>  85.3325027181
SERVER|0.00003|-0.53733|0.15440|-0.00699|0.01444|-0.15923|-0.27564 =>  -153.78487514
HOST|0.00006|-0.29499|-0.06229|0.07025|-0.24437|0.05293|0.30891 =>  -49.212304556
SERVER|0.00007|-0.01248|0.01933|0.04696|-0.13531|0.45848|0.20363 =>  -23.9549310458
HOST|-0.00006|-0.30622|0.18140|-0.09912|0.22171|-0.56239|0.31157 =>  88.4088491965
HOST|0.00002|-0.50661|-0.27362|0.06278|-0.24193|0.37772|0.54198 =>  -41.479634129
SERVER|0.00008|-0.15102|0.08675|0.04296|0.10340|0.03946|0.40711 =>  105.392355468
SERVER|-0.00002|0.15368|0.07174|-0.02428|-0.10197|-0.00729|0.24532 =>  12.6166378148
SERVER|-0.00018|-0.02925|0.03912|-0.08671|0.12661|0.02113|0.29990 =>  48.1968245977
SERVER|-0.00004|-0.01915|-0.00552|0.05600|-0.10803|-0.05255|-0.09617 =>  -89.8883970721
HOST|-0.00009|0.10766|-0.08972|0.00316|0.21019|-0.70376|-0.02740 =>  56.5328392074
SERVER|0.00013|0.26392|-0.07599|-0.11633|-0.01255|-0.43169|-0.53418 =>  -88.927995066
HOST|-0.00000|-0.07176|-0.09411|0.01001|-0.18473|-0.31214|-0.18277 =>  -113.268745469
SERVER|-0.00011|-0.29883|-0.11555|0.07116|0.01678|0.18277|-0.46391 =>  -202.396528793
SERVER|0.00008|-0.27425|0.01331|0.21749|-0.00565|-0.09597|0.71207 =>  105.18907333
HOST|0.00012|0.03759|0.17986|-0.01226|0.04057|-0.26461|-0.14200 =>  4.73585062704
HOST|-0.00020|-0.13615|-0.04269|-0.03213|0.07482|-0.46101|0.77394 =>  129.211668156
SERVER|0.00012|-0.65244|-0.06470|-0.13738|0.24080|0.86119|0.04173 =>  -11.3861421507
SERVER|0.00010|0.19708|-0.04510|0.09259|0.16634|-0.44158|0.35447 =>  162.838466963
HOST|-0.00005|-0.37934|0.60297|0.04593|0.02325|0.28375|-0.49811 =>  -177.390288475
SERVER|-0.00018|-0.10904|-0.09693|-0.01169|0.14567|0.12100|0.04772 =>  -14.7964537022
HOST|0.00010|-0.12863|0.16375|0.02866|-0.08081|0.28550|0.73551 =>  125.01749357
HOST|0.00004|-0.07838|0.08092|0.04023|-0.20969|0.10525|-0.09931 =>  -114.212385554
HOST|-0.00013|0.17093|-0.22834|0.02546|0.01903|0.34608|0.08847 =>  22.0964632069
HOST|-0.00009|-0.34887|0.00646|0.02082|0.00486|-0.22779|-0.15640 =>  -112.289350866
SERVER|0.00020|0.24759|0.07788|0.02775|0.11148|0.66673|0.26304 =>  136.176183812
HOST|-0.00007|-0.14219|-0.01880|0.04320|-0.04857|0.17608|0.41239 =>  24.8708474247
SERVER|-0.00013|-0.24057|0.07555|0.03025|-0.11952|-0.01982|-0.41410 =>  -217.744359879
HOST|-0.00005|0.30203|0.24225|-0.01863|-0.06318|-0.15938|0.41254 =>  96.8662558391
SERVER|0.00013|-0.79954|0.02348|-0.19898|0.10149|0.04960|0.88845 =>  116.326944084
HOST|0.00023|-0.46216|-0.17822|0.04075|-0.11582|-0.15077|0.90087 =>  119.258047329
HOST|0.00011|-0.36092|0.18977|-0.05685|-0.17884|0.18258|0.11599 =>  -62.1592779997
HOST|0.00004|-0.09963|-0.18339|-0.02359|-0.19156|0.33384|0.46511 =>  15.7747631268
SERVER|-0.00002|-0.61332|-0.14774|-0.14034|0.32340|0.75085|0.14817 =>  33.8131679671
HOST|-0.00001|-0.01999|-0.13139|0.17655|0.01823|0.49895|0.40355 =>  97.3657209338
HOST|-0.00030|0.16750|-0.08675|-0.03071|-0.12664|-0.09447|0.94362 =>  144.123441279
HOST|0.00009|0.30947|-0.00860|-0.07157|-0.02370|0.39493|-0.36876 =>  -56.9445153341
SERVER|0.00027|0.11042|0.09165|-0.09327|-0.04636|-0.31885|-0.38749 =>  -87.4989950722
HOST|0.00008|0.06929|-0.26218|-0.05968|0.07259|-0.03467|-0.02381 =>  24.5760138341
SERVER|0.00033|0.56400|-0.18416|-0.03609|-0.22563|0.12458|-0.33587 =>  -76.6998105885
SERVER|-0.00006|-0.44370|0.04217|-0.02832|-0.01931|-0.41514|-0.09182 =>  -120.234080043
SERVER|0.00005|0.22869|0.03052|-0.14558|0.31392|-0.12472|0.10997 =>  147.242369761
SERVER|0.00003|0.41575|0.00050|0.00412|0.01421|0.34236|0.07143 =>  45.0914598128
HOST|-0.00007|0.37726|-0.20783|-0.02665|0.13443|-0.40937|0.14233 =>  114.239713109
SERVER|0.00001|-0.34332|-0.21148|0.04165|0.00559|-0.10196|-0.79700 =>  -256.657831807
HOST|-0.00003|-0.24204|0.07863|0.01319|-0.32834|-0.09059|0.23943 =>  -100.229606772
SERVER|-0.00019|0.15092|-0.26684|-0.05449|-0.18092|0.70379|0.34262 =>  -33.2938120267
HOST|0.00013|-0.17691|0.17310|0.02976|0.02597|-0.26430|-0.15010 =>  -32.7351570923
SERVER|0.00014|-0.14428|0.04055|0.01638|0.10655|0.05199|0.00242 =>  18.3730750655
SERVER|-0.00002|-0.29463|0.06149|0.04088|0.14201|0.03533|-0.32028 =>  -111.139725007
SERVER|-0.00004|0.47332|-0.10403|-0.15166|-0.13595|0.43012|-0.24404 =>  -103.074910189
SERVER|-0.00008|0.21798|-0.10870|-0.03556|-0.08370|-0.45699|0.31539 =>  28.3308663431
SERVER|-0.00008|-0.28178|-0.06891|-0.16417|-0.16900|-0.09895|-0.07285 =>  -158.040373213
HOST|0.00006|0.49302|-0.04320|-0.05619|-0.03257|0.39919|0.36441 =>  151.635641577
SERVER|-0.00015|0.05362|0.10356|-0.05966|0.12788|0.33402|-0.74830 =>  -172.448480134
HOST|-0.00013|-0.03649|0.13893|0.05871|-0.01900|0.44794|0.66375 =>  89.0304910472
HOST|0.00023|-0.58086|-0.13019|-0.10655|0.21123|0.22603|0.03235 =>  36.5872788005
HOST|-0.00013|-0.08733|-0.02992|0.04972|0.07903|0.20406|-0.51745 =>  -117.083993539
SERVER|-0.00000|-0.03744|0.08682|-0.17459|0.18797|0.36384|0.18404 =>  65.5074720695
SERVER|-0.00001|-0.16724|0.04644|-0.02100|0.05753|0.28917|-0.62203 =>  -175.602359779
HOST|-0.00009|-0.44875|-0.14413|0.01148|0.02969|0.07406|-0.13134 =>  -110.038611399
HOST|-0.00001|-0.11578|0.10771|0.05461|0.02572|-0.54102|-0.75991 =>  -200.195175817
SERVER|0.00006|-0.21411|-0.15946|-0.04552|0.21523|-0.07980|0.56538 =>  159.247773691
SERVER|-0.00003|-0.03979|-0.11468|-0.06430|0.04660|0.44563|0.06853 =>  -18.3342900005
HOST|0.00034|-0.34273|0.02535|0.12053|0.02642|-0.07593|0.10110 =>  35.7447504889
HOST|-0.00001|0.45499|-0.23575|-0.12425|-0.16328|0.16405|0.10660 =>  19.9687694914
SERVER|0.00013|0.14241|0.46899|-0.02367|-0.00553|0.57087|-0.62634 =>  -131.606551601
SERVER|-0.00004|0.23599|0.06445|0.07933|0.25109|0.10546|-0.10257 =>  67.9074763498
HOST|0.00004|-0.31117|0.09070|-0.06695|-0.26458|-0.66725|0.29891 =>  -77.9752212738
HOST|0.00019|0.17815|0.14714|0.04591|-0.15897|-0.26634|0.08107 =>  6.03814632958
HOST|-0.00009|-0.16024|-0.16059|0.05425|0.28484|-0.42458|0.25747 =>  111.598896867
SERVER|-0.00002|-0.45627|0.02319|0.01776|0.19777|0.10405|-0.08867 =>  -39.1274084089
SERVER|0.00006|0.34876|-0.23326|0.19466|-0.41579|0.08886|0.88247 =>  79.57795096
HOST|0.00011|-0.85821|0.09860|0.00337|-0.04210|0.12842|-0.85411 =>  -339.309267806
SERVER|-0.00010|0.34881|-0.18162|0.12893|-0.10931|-0.17088|-0.06171 =>  -47.3300928094
SERVER|-0.00011|-0.08490|-0.10457|0.15794|-0.06100|0.15795|-0.78975 =>  -263.553511846
SERVER|0.00005|-0.22754|0.04697|0.08681|-0.27805|0.02679|0.58730 =>  -16.4965480929
SERVER|0.00005|-0.05407|0.08967|0.23627|-0.16628|-0.37596|-0.34052 =>  -174.022221452
HOST|0.00016|0.57476|0.16595|0.03892|0.31911|0.55914|-0.20801 =>  172.146311259
HOST|-0.00022|-0.19671|0.10588|0.21805|0.38792|0.69950|-0.32094 =>  -0.117565581441
SERVER|-0.00012|0.17603|-0.28389|-0.08991|-0.10936|-0.29087|-0.81547 =>  -237.927910794
HOST|-0.00008|0.21060|0.00122|0.06225|0.06723|-0.07697|-0.28097 =>  -26.8141916433
SERVER|0.00003|-0.12172|0.10690|-0.04868|-0.07122|-0.06852|-0.10991 =>  -86.7909903552
SERVER|0.00002|-0.05273|-0.18999|0.08862|-0.15151|-0.30013|0.54797 =>  39.4476498691
HOST|-0.00011|-0.21234|-0.08772|0.12902|-0.33407|-0.37424|0.04245 =>  -172.249551758
SERVER|-0.00003|0.34590|-0.29900|-0.07914|0.30315|0.44647|0.25284 =>  183.031355921
SERVER|-0.00008|-0.31470|0.18863|-0.15801|0.01725|-0.01353|-0.27533 =>  -137.589250589
SERVER|-0.00002|0.07988|-0.06300|-0.00653|-0.09398|0.93357|-0.80298 =>  -247.463944488
SERVER|-0.00016|-0.18025|0.04246|-0.08334|0.42242|-0.08225|-0.33360 =>  2.12300475354
HOST|0.00002|0.24833|0.11976|-0.15589|0.10183|-0.36352|-0.79923 =>  -118.506473936
HOST|0.00008|0.40984|0.14112|0.06416|0.22438|0.04590|-0.39025 =>  47.9628694061
HOST|0.00008|0.19778|0.06825|-0.09811|-0.18206|-0.54958|-0.26437 =>  -115.170643657
HOST|0.00008|0.36100|-0.12460|0.11961|-0.51801|0.20490|-1.02377 =>  -378.672477044
SERVER|-0.00003|0.02308|0.08670|-0.04505|-0.30337|-0.35908|0.07847 =>  -120.461336576
SERVER|-0.00004|0.03580|0.03517|-0.05392|-0.19929|-0.64338|-0.45602 =>  -207.863043518
SERVER|-0.00015|-0.04212|-0.04792|-0.15279|0.04966|-0.00909|0.31293 =>  31.5550066574
HOST|-0.00002|-0.54741|0.23052|-0.05329|0.40907|-0.15959|0.24605 =>  137.795864898
HOST|-0.00014|-0.22104|-0.00711|-0.07794|-0.09543|-0.07449|-0.49763 =>  -215.291461941
HOST|0.00011|0.31901|-0.15745|0.14449|0.10126|-0.22552|-0.12127 =>  57.9762483092
HOST|0.00010|-0.02734|-0.08758|0.02509|-0.02355|0.01892|-0.60499 =>  -149.992651816
SERVER|-0.00005|0.12980|0.15706|-0.09971|0.13568|-0.03878|-0.24327 =>  -15.6431844594
SERVER|0.00017|0.25659|-0.14417|-0.01588|0.21568|0.03575|0.35635 =>  188.062450702
HOST|-0.00007|-0.47298|-0.17862|0.18370|-0.00817|-0.55980|-0.04988 =>  -93.8256093099
SERVER|-0.00022|0.37552|-0.02961|-0.10284|0.12525|-0.04577|0.01159 =>  34.2480697513
SERVER|-0.00011|-0.57111|0.04609|0.03622|-0.19994|-0.63599|-0.53461 =>  -317.705329699
SERVER|-0.00003|0.02445|-0.03659|-0.03671|0.13720|-0.28514|0.20773 =>  67.4041890121
SERVER|0.00014|-0.42848|0.05164|0.01973|0.44077|0.24873|-0.03958 =>  69.4395898392
HOST|0.00002|0.42529|0.17222|-0.02005|-0.32371|-0.80986|0.15151 =>  -34.0072766592
HOST|-0.00005|-0.09040|0.04319|-0.10173|-0.24204|-0.37715|-0.83895 =>  -311.808180905
SERVER|0.00007|-0.31810|-0.07858|-0.11344|0.32750|-0.11615|-0.20599 =>  2.33536083315
SERVER|0.00000|-0.26719|-0.02982|0.09640|0.04755|-0.01392|0.46283 =>  50.1254865342
SERVER|-0.00008|0.30203|0.01027|0.01832|-0.04905|-0.04841|0.52654 =>  96.8572594782
SERVER|0.00004|-0.02708|0.07830|0.14694|0.09746|0.56029|0.00127 =>  13.0121474668
HOST|-0.00003|0.23891|0.06409|-0.03669|-0.01961|0.41454|0.34320 =>  83.4830193838
SERVER|0.00008|0.07751|0.16898|0.28638|-0.21763|-0.75044|-0.08467 =>  -95.4433687216
HOST|-0.00003|0.59573|-0.06667|-0.01117|-0.02941|0.62006|0.82668 =>  253.001595371
HOST|-0.00001|0.56553|0.04995|0.14404|-0.45945|-0.22116|0.03525 =>  -91.2065891192
SERVER|-0.00015|0.58249|0.02395|0.18446|-0.02168|-0.16507|0.01081 =>  9.34641095492
SERVER|-0.00004|0.11813|-0.00762|-0.24828|-0.38932|-0.29719|-0.04572 =>  -176.151460987
HOST|-0.00010|-0.34057|0.01490|0.02944|-0.12536|0.19017|0.18913 =>  -79.2360485426
SERVER|0.00006|-0.09929|0.07039|-0.08581|-0.13018|0.50747|-0.56609 =>  -200.260657062
HOST|-0.00010|-0.52861|0.11504|-0.04005|0.20073|0.67853|-0.15624 =>  -59.7886971639
SERVER|0.00016|-0.05548|-0.21296|-0.00174|0.16522|-0.26795|0.16478 =>  75.0182985742
SERVER|-0.00016|-0.47856|-0.11069|0.05259|-0.06357|0.63600|-1.02183 =>  -386.736479214
HOST|0.00021|0.15385|-0.00137|-0.31697|-0.24330|-0.72166|-0.59225 =>  -189.033817693
SERVER|-0.00001|0.01473|-0.02315|0.00794|0.04424|-0.01562|-0.55169 =>  -127.542650833
SERVER|-0.00012|-0.01431|-0.05713|-0.00327|-0.04321|-0.35520|0.16975 =>  -15.8333845164
HOST|0.00009|-0.18255|0.09895|0.00549|-0.20396|0.05962|-0.26607 =>  -155.592935248
SERVER|-0.00003|0.35966|-0.20528|0.04953|-0.12328|0.05544|-0.17803 =>  -59.7666444911
HOST|0.00018|-0.08133|0.29496|0.01619|0.08725|-0.13763|0.47872 =>  148.964063976
HOST|-0.00016|-0.02581|-0.26999|-0.02327|0.25501|0.25846|-0.05340 =>  36.8328425796
HOST|-0.00004|-0.09464|0.17592|-0.07203|0.11901|0.03173|-0.23113 =>  -38.1439398293
SERVER|-0.00000|0.40344|0.04850|0.10889|0.27923|-0.20147|-0.95663 =>  -95.7316221443
SERVER|-0.00008|-0.42785|-0.17499|0.08641|0.32640|-0.13494|0.07053 =>  31.5706128175
SERVER|0.00007|0.20793|0.20308|-0.03688|0.16952|-0.89003|0.09381 =>  103.902841044
HOST|0.00008|-0.14161|0.03715|-0.13726|0.22354|0.29029|-0.04160 =>  55.4045508786
SERVER|-0.00022|0.02688|0.31530|0.03718|-0.04039|0.62719|-0.11142 =>  -91.5615257337
SERVER|-0.00005|-0.38560|-0.21801|-0.09887|0.05141|-0.59349|0.01408 =>  -81.9189983367
SERVER|0.00012|0.48991|-0.10831|0.17636|0.03793|0.25829|1.04421 =>  316.824356435
SERVER|0.00019|-0.15453|0.11057|-0.14795|0.40128|-0.29169|-0.00286 =>  127.54589883
SERVER|-0.00013|-0.14388|0.06983|-0.01387|0.15538|0.03465|-0.53038 =>  -144.508526016
SERVER|-0.00008|-0.11620|-0.18755|0.03585|0.24819|-0.37990|-0.55913 =>  -108.803921324
SERVER|-0.00002|0.19316|0.22752|0.03963|-0.31637|0.07683|-0.09357 =>  -150.983967554
SERVER|-0.00002|0.00815|0.11711|0.07012|0.16785|-0.12976|-0.30727 =>  -29.1985968657
SERVER|-0.00012|0.17888|0.07308|0.07815|-0.03413|0.04371|-0.04540 =>  -34.1076473004
HOST|0.00009|-0.18946|-0.01765|0.05327|0.15797|0.30753|0.15961 =>  85.5559191289
SERVER|-0.00005|-0.02023|0.06150|0.02620|-0.13470|0.03866|-0.19590 =>  -132.457430094
HOST|0.00009|-0.01411|0.13987|0.20397|0.22699|0.92295|0.63512 =>  216.850164894
SERVER|-0.00011|-0.21439|0.00502|0.10043|-0.13963|-0.11656|0.11796 =>  -111.348660697
SERVER|0.00000|0.01272|0.29649|-0.01477|-0.07138|0.30397|0.81613 =>  129.513507405
SERVER|-0.00015|0.19109|0.11138|-0.05007|0.32253|0.00125|0.23972 =>  144.151135006
SERVER|0.00020|0.32769|0.18909|0.10761|0.01784|-0.14600|-0.09588 =>  41.63219937
SERVER|-0.00006|0.21357|0.03040|0.06765|0.17908|0.17491|-0.36983 =>  -37.0835398978
HOST|-0.00010|-0.25862|0.21462|-0.07206|-0.11342|0.61369|0.17058 =>  -64.3304034943
HOST|-0.00007|0.53178|0.03586|-0.26503|-0.20222|0.03178|0.43930 =>  74.9268477072
SERVER|0.00002|0.26564|0.13224|-0.12655|-0.19278|0.56222|0.01485 =>  -77.0095635702
SERVER|-0.00009|0.08574|-0.01099|0.08851|-0.03004|0.13490|0.28940 =>  16.4335285412
HOST|-0.00002|-0.04866|0.05256|-0.14198|0.02911|0.20622|0.03548 =>  -9.35728293679
SERVER|0.00003|-0.22193|-0.16680|0.12762|0.12384|-0.20665|-0.92860 =>  -216.208888499
SERVER|0.00021|-0.96569|0.11735|-0.03827|-0.03160|0.24708|0.29564 =>  -69.577931224
SERVER|-0.00009|0.07316|0.01712|0.05999|-0.15455|-0.02938|0.34254 =>  -19.9907618691
HOST|-0.00009|0.34969|0.09447|-0.12505|-0.16180|-0.44715|0.29983 =>  31.0275134248
HOST|-0.00004|-0.17234|-0.09684|0.24776|0.01151|-0.43311|0.05606 =>  -3.23692242557
HOST|0.00016|-0.45587|0.06923|-0.02929|0.13175|0.06799|-0.29628 =>  -61.9792982865
HOST|0.00013|0.25609|-0.12608|-0.17258|0.01652|0.55551|0.20291 =>  107.606949958
HOST|-0.00003|0.23117|0.09931|-0.14257|0.00919|0.19160|-0.31691 =>  -56.1896629608
SERVER|-0.00010|0.42984|0.05115|-0.10894|-0.07417|0.21409|-0.20556 =>  -72.4592149652
SERVER|0.00017|0.34603|0.12519|-0.09479|-0.22008|0.20070|0.52931 =>  66.5638862978
HOST|0.00030|-0.12335|0.13913|0.22144|0.38274|0.24368|-0.96877 =>  -61.9096882219
HOST|0.00010|0.32648|-0.01204|0.03040|-0.05081|-0.05479|-0.72080 =>  -136.920312117
SERVER|0.00015|-0.13482|0.14935|-0.01117|0.06716|-0.12758|0.57662 =>  123.698155859
SERVER|0.00010|-0.37916|-0.10102|0.03227|0.05034|-0.55303|0.33469 =>  32.7190160843
SERVER|0.00009|0.47451|0.09493|0.13428|0.06968|0.16563|0.25013 =>  136.207607245
SERVER|0.00010|-0.47061|-0.02489|0.20088|0.38132|-0.24668|0.47801 =>  184.884919846
SERVER|0.00002|-0.48513|-0.27602|0.17359|0.21554|-0.09682|-0.10052 =>  -60.6035260975
SERVER|-0.00006|0.17719|-0.13987|0.03754|0.05943|-0.63506|-0.15882 =>  -40.6740735409
SERVER|0.00005|0.85484|0.09962|-0.18664|-0.23800|-0.05327|0.79765 =>  196.370708832
HOST|-0.00010|0.16792|0.02508|0.00272|-0.00612|-0.47650|-0.10595 =>  -39.8002495669
SERVER|0.00013|0.18163|-0.01567|0.02460|0.15597|-0.33578|0.07569 =>  96.075073002
HOST|0.00023|-0.84565|0.13375|-0.12901|0.14849|-0.05661|-0.08712 =>  -52.5560412726
SERVER|0.00007|-0.26953|0.08500|-0.06256|0.00173|-0.11748|-0.10870 =>  -73.4319362439
SERVER|0.00004|-0.03595|-0.09516|-0.04307|0.34624|-0.18557|-0.50122 =>  -16.2678905962
SERVER|-0.00001|0.14145|0.07134|-0.26554|-0.24141|0.20003|-0.08636 =>  -117.074838854
SERVER|0.00005|0.45289|0.00496|-0.09480|-0.01147|0.44175|-0.16570 =>  -3.00070919329
SERVER|-0.00013|0.36856|-0.10845|-0.01945|0.17585|-0.63841|0.44295 =>  170.819947742
HOST|0.00019|0.30633|0.00543|0.11653|-0.25457|-0.13965|-0.41163 =>  -114.680780179
HOST|-0.00001|0.28351|-0.00531|0.00181|0.16924|0.37541|-0.27340 =>  31.1975775754
SERVER|0.00003|0.23492|0.20343|-0.02269|-0.00438|0.65968|-1.15209 =>  -257.674264199
HOST|-0.00004|0.13630|0.19329|-0.12751|0.19090|0.00522|0.42644 =>  160.572471764
HOST|0.00004|-0.14754|0.17989|0.06969|-0.26408|0.42453|-0.08353 =>  -150.301103282
SERVER|-0.00014|0.28819|0.13245|-0.04164|-0.02502|0.42974|-0.51382 =>  -131.745138582
HOST|0.00004|0.05691|0.12226|0.14777|-0.04317|-0.30439|0.97610 =>  211.917986849
SERVER|-0.00002|-0.74743|-0.03026|-0.04252|0.10784|-0.37209|-0.22977 =>  -161.956455064
SERVER|0.00006|0.29392|0.17972|0.00597|-0.13514|0.15370|0.07888 =>  -16.1332461783
SERVER|0.00002|-0.28427|-0.03466|0.05481|-0.34049|-0.72604|-0.37013 =>  -258.934677658
SERVER|0.00006|-0.06955|-0.00067|0.06402|-0.06016|0.80833|-0.94546 =>  -272.617860798
SERVER|0.00028|-0.37336|-0.11829|-0.00751|0.52090|0.54096|0.10056 =>  161.563197039
HOST|0.00005|-0.03930|-0.11364|0.14077|0.00922|-0.19094|1.14346 =>  248.58705004
SERVER|0.00010|-0.45698|-0.09805|0.06933|-0.15011|0.06137|0.17293 =>  -85.8657834224
HOST|-0.00005|-0.30352|-0.06788|-0.00686|-0.03443|-0.03992|0.18872 =>  -44.6843333749
SERVER|0.00003|-0.29876|0.02376|-0.09182|-0.04952|-0.12044|0.09313 =>  -56.7713786333
SERVER|0.00001|-0.21394|0.21006|-0.04786|-0.17791|0.08347|-0.51559 =>  -237.975961779
SERVER|-0.00014|0.35598|-0.05411|0.10652|-0.01463|-0.18847|-0.04992 =>  -14.8725104453
HOST|-0.00002|-0.18627|-0.02505|-0.03106|-0.15115|0.16738|-0.28266 =>  -156.525586955
SERVER|-0.00005|0.01891|0.01013|0.04058|0.26334|-0.04251|0.06280 =>  70.789324169
SERVER|0.00008|0.04460|-0.21816|0.03926|-0.12025|-0.24722|-0.43524 =>  -166.351786505
HOST|-0.00008|-0.23488|0.26685|-0.12141|-0.17163|0.31983|-0.14254 =>  -152.619432184
SERVER|-0.00024|-0.54331|-0.10083|0.11997|-0.02335|-0.10983|-0.30262 =>  -229.976711278
HOST|-0.00019|0.03669|0.14333|0.10091|-0.02621|0.37277|0.51285 =>  61.750059233
HOST|0.00002|-0.34373|-0.14978|0.00753|0.12577|-0.11292|0.16793 =>  26.4507554724
SERVER|0.00005|0.09773|0.05978|0.10545|-0.28884|-0.07467|0.90071 =>  99.7405433616
HOST|0.00007|-0.12243|-0.14303|0.01873|-0.06563|0.01337|-0.53848 =>  -155.078103264
HOST|-0.00002|0.01818|-0.10689|-0.21553|0.24312|0.16570|-0.36104 =>  -7.74314936356
SERVER|-0.00002|0.49740|-0.09764|0.11887|0.07833|-0.21319|-0.25850 =>  -8.21069900654
SERVER|0.00021|-0.39093|-0.31123|0.02957|0.31450|-0.47967|0.36005 =>  155.523730263
SERVER|0.00015|0.42748|0.15718|0.10028|-0.03331|-0.29504|0.11071 =>  75.0370820821
HOST|-0.00024|0.24055|-0.23752|-0.11471|-0.08844|-0.23549|0.14359 =>  -15.236313433
SERVER|-0.00015|0.05008|-0.06168|0.06144|0.20977|-0.78422|-0.30179 =>  -39.2817726315
SERVER|-0.00005|-0.08121|-0.03051|-0.06909|0.10921|-0.41012|-0.69678 =>  -173.816959248
SERVER|0.00003|-0.17786|0.15623|0.06721|0.19114|0.21402|0.21971 =>  77.4242021451
SERVER|0.00006|0.03790|0.02482|0.05951|-0.07599|0.54712|-0.18859 =>  -95.4559370975
SERVER|-0.00018|-0.46441|-0.09422|-0.12091|-0.10274|-0.18648|-0.31403 =>  -224.917778643
SERVER|-0.00009|0.04002|-0.24532|-0.10135|-0.05282|0.54678|-0.47525 =>  -167.730058935
SERVER|0.00005|-0.05664|0.03675|0.04033|-0.14632|0.02759|0.12181 =>  -48.8870565487
HOST|0.00002|-0.67259|0.18567|-0.23288|0.00790|0.13936|-0.39272 =>  -179.166290011
SERVER|0.00034|-0.26460|-0.13238|0.06456|0.01471|-0.21438|0.50941 =>  124.509946029
SERVER|-0.00012|0.50353|-0.06830|0.03727|0.10077|-0.25748|0.03375 =>  54.0432337576
SERVER|-0.00002|-0.29842|-0.17443|-0.00088|-0.38898|0.08163|-0.02812 =>  -217.207386004
SERVER|-0.00010|-0.66826|-0.11493|0.14745|-0.00092|-0.31734|-0.03709 =>  -141.499557472
SERVER|0.00006|0.27656|-0.09189|-0.02225|-0.00761|-0.09590|-0.24080 =>  -31.5056792091
HOST|-0.00009|-0.33233|-0.14281|-0.06315|0.16899|-0.20344|-0.43036 =>  -113.239048024
SERVER|0.00003|0.13908|0.29263|0.08802|-0.11485|0.33980|-0.02228 =>  -43.6247688866
SERVER|0.00014|0.27038|0.15643|0.07938|0.01375|-0.03344|0.18814 =>  64.8899040051
SERVER|0.00001|-0.24858|-0.03135|-0.03099|-0.25165|0.22863|-0.22577 =>  -196.940416507
SERVER|0.00001|-0.30441|-0.01573|-0.03976|0.30469|-0.07892|0.51456 =>  149.775817033
HOST|0.00003|-0.21339|0.21236|0.03760|-0.17762|0.24524|-0.81090 =>  -274.704156228
HOST|0.00001|-0.48164|-0.21027|-0.01125|-0.05209|0.36638|-0.26359 =>  -162.790349337
SERVER|-0.00014|-0.36803|-0.19889|-0.10757|0.18810|-0.29864|0.56415 =>  95.0775511271
HOST|0.00017|0.06534|-0.18164|0.03129|0.03088|-0.03916|-0.13164 =>  13.8220841255
HOST|-0.00024|0.05162|0.02772|-0.01870|-0.11555|0.16536|0.44323 =>  -0.289326713856
HOST|-0.00015|-0.05134|0.17966|0.04806|0.29999|0.11179|0.11150 =>  87.1239344308
SERVER|-0.00010|-0.08935|-0.06183|0.00535|0.04922|0.04089|0.65534 =>  115.238930058
HOST|0.00008|0.09070|0.05912|-0.11139|-0.05176|0.01107|0.44259 =>  99.9348599042
SERVER|-0.00009|-0.31952|0.28422|-0.15730|0.23840|0.12026|0.80917 =>  182.664666287
SERVER|-0.00010|0.28930|0.03517|-0.12134|0.07633|-0.36761|-0.54237 =>  -100.733908864
SERVER|0.00010|-0.23575|-0.14896|0.17653|-0.16773|0.42313|-0.26918 =>  -166.628924711
HOST|0.00006|0.25484|-0.02605|0.07516|0.00624|-0.58781|-0.79280 =>  -141.785714247
SERVER|0.00008|0.15664|-0.07847|0.17220|0.06337|0.00190|0.23878 =>  78.2399616564
SERVER|-0.00019|-0.42142|0.00422|-0.03438|-0.02800|-0.20658|-0.12990 =>  -162.537733899
HOST|-0.00006|-0.03864|-0.10217|0.15180|0.00736|-0.36286|0.26711 =>  49.0535052174
HOST|0.00013|0.54369|0.12290|0.09285|0.17130|0.03967|0.14662 =>  193.569434948
HOST|-0.00001|-0.01920|-0.00964|0.03748|0.27899|0.09571|0.08920 =>  92.6458129954
SERVER|0.00007|0.25441|0.14791|0.06595|0.07303|0.50632|0.35369 =>  135.152372773
HOST|-0.00012|0.16279|-0.13535|-0.09542|0.02925|0.05075|0.25976 =>  59.6431746049
SERVER|0.00006|0.24250|-0.02046|0.00325|-0.14257|0.18151|0.24346 =>  15.0749302775
SERVER|-0.00009|-0.35994|0.17433|-0.01051|0.07157|-0.47138|0.36422 =>  -4.55900270488
SERVER|-0.00002|0.18603|0.09873|-0.06891|0.12143|0.26496|0.25119 =>  108.203651745
SERVER|-0.00009|-0.03035|0.07250|0.07405|-0.13620|-0.06243|-0.27859 =>  -150.952717134
SERVER|-0.00004|0.07575|-0.16461|0.15186|0.02676|0.00456|0.71331 =>  157.321904699
SERVER|0.00011|-0.12849|0.02076|0.11775|0.03676|-0.11956|-0.34531 =>  -94.884327892
HOST|-0.00007|-0.20629|0.15149|0.02533|0.04300|-0.01980|-0.32443 =>  -111.580410588
HOST|0.00003|-0.14170|0.10618|0.10705|-0.31245|0.50499|-0.01258 =>  -144.556723862
SERVER|0.00009|-0.00790|-0.03201|0.02279|0.30658|0.37330|-0.47294 =>  -23.3655747317
HOST|-0.00003|0.21011|0.03433|0.13438|0.22320|0.06424|0.96511 =>  302.973658626
SERVER|-0.00031|-0.30283|0.07425|-0.08298|-0.45587|-0.47217|0.12022 =>  -260.905347188
HOST|-0.00000|0.20843|0.03809|-0.06469|-0.05865|-0.06652|0.34425 =>  77.3230233896
SERVER|0.00007|0.11069|-0.01788|0.08020|0.16055|0.26132|0.05257 =>  83.5564354853
HOST|-0.00007|0.18857|0.24075|-0.11183|-0.18067|0.35172|-0.25981 =>  -123.533417255
HOST|0.00005|0.19394|-0.04027|0.02808|-0.07044|0.03429|0.77885 =>  173.868632492
HOST|0.00015|-0.15922|0.09321|-0.10460|-0.18904|0.01969|-0.36578 =>  -153.428183895
SERVER|0.00004|0.20285|-0.26465|-0.01593|0.15648|0.33350|0.27160 =>  116.050297684
HOST|-0.00005|-0.13390|0.17081|0.08265|0.25563|-0.49622|0.02809 =>  66.1485193613
SERVER|-0.00004|0.13378|0.16462|-0.03449|-0.14075|-0.03439|-0.28302 =>  -143.669666968
SERVER|-0.00000|-0.12421|0.08369|0.00729|-0.22943|-0.38473|0.78359 =>  39.5679499008
HOST|-0.00003|-0.39194|0.14808|0.08016|-0.03335|-0.60619|0.06365 =>  -63.1992395908
SERVER|0.00007|0.44987|-0.01109|0.06740|0.18367|-0.28382|0.15564 =>  142.38933983
HOST|0.00003|-0.34011|0.25459|0.01446|-0.01328|0.37624|0.19839 =>  -3.52027614525
SERVER|0.00005|0.00143|0.09947|-0.02061|0.07600|0.13298|-0.24044 =>  -48.8068567711
HOST|0.00012|0.26482|0.05115|-0.12718|-0.11722|0.31113|-0.04654 =>  13.8185524807
HOST|-0.00005|-0.24979|-0.05904|0.17174|-0.58156|-0.41291|-0.46124 =>  -382.557067569
HOST|0.00013|0.07626|-0.12949|-0.03412|-0.17099|0.03244|-0.84964 =>  -233.706631846
HOST|0.00012|-0.10528|-0.06722|-0.07631|-0.21398|0.65482|0.10236 =>  -70.0455871528
HOST|0.00016|0.56219|0.13423|-0.01588|0.21902|-0.13523|-0.88756 =>  -27.1200437026
HOST|-0.00007|0.23212|0.04559|0.07846|0.18100|0.42895|-0.25361 =>  36.119670797
HOST|0.00002|-0.25006|0.15050|-0.05294|-0.28751|0.10495|-0.06018 =>  -170.428489964
HOST|-0.00013|0.19192|-0.01473|-0.05488|0.22204|0.44493|0.18833 =>  112.636248438
SERVER|-0.00026|0.12324|-0.01435|-0.07799|-0.24226|0.53857|0.09148 =>  -124.772913523
SERVER|-0.00003|-0.07404|-0.03714|0.05780|0.01628|-0.58083|0.06450 =>  -8.24232819218
SERVER|0.00015|0.02755|-0.01148|0.07825|0.30777|0.27744|0.19481 =>  167.918822955
SERVER|0.00012|-0.04148|-0.18544|-0.02307|-0.33459|0.37339|-0.04621 =>  -138.361708009
HOST|0.00006|-0.39091|0.00222|0.12326|-0.08827|0.26837|-0.37808 =>  -188.467188845
SERVER|0.00010|-0.00668|0.06424|-0.02028|-0.05616|-0.16187|-0.00012 =>  -32.9220264399
HOST|0.00012|0.06815|0.06791|-0.06067|0.17693|-0.21472|0.23018 =>  134.78127814
SERVER|0.00018|-0.28999|0.02588|-0.01881|-0.10128|0.62837|0.28037 =>  -25.8910418676
SERVER|0.00018|0.24848|-0.15929|0.07892|-0.28591|0.23397|0.92764 =>  152.675391327
SERVER|-0.00025|-0.09699|0.15428|0.02546|-0.01180|-1.00161|0.18963 =>  -48.643040749
SERVER|-0.00015|-0.08245|-0.11237|0.05294|0.39207|-0.11287|-0.22647 =>  2.33907584838
HOST|0.00001|-0.06057|-0.01672|-0.05319|-0.32869|0.61355|0.00668 =>  -133.42445482
SERVER|-0.00007|0.03267|-0.04962|0.08519|-0.19815|0.54777|0.15191 =>  -70.0749635585
HOST|-0.00013|0.13586|-0.34629|-0.05245|-0.07529|-0.12246|-0.24526 =>  -100.101968527
SERVER|0.00006|-0.02548|-0.02292|0.02626|0.30663|-0.31498|0.23072 =>  137.527023734
HOST|-0.00019|-0.14799|-0.02254|-0.02649|-0.33588|0.12839|-0.34204 =>  -268.18134426
HOST|-0.00008|-0.07009|-0.20127|-0.01908|0.12949|-0.37567|0.39138 =>  106.836720661
HOST|-0.00001|0.43751|0.16900|0.00845|0.05564|0.37304|0.08698 =>  78.3110515916
HOST|-0.00010|-0.19257|0.05053|0.08834|-0.19822|0.01946|-0.03701 =>  -118.431347504
SERVER|-0.00001|0.30838|-0.03448|0.06782|0.01078|-0.74982|0.15099 =>  46.1293856001
SERVER|-0.00002|-0.12207|-0.04296|0.20146|-0.27197|0.54769|-0.12144 =>  -169.903103543
SERVER|0.00014|0.26470|0.02987|0.07464|0.08267|0.02310|-0.27105 =>  11.4689556167
HOST|-0.00010|-0.00926|0.08383|-0.04958|-0.05091|-0.11181|-0.44284 =>  -155.213149573
SERVER|0.00006|-0.20083|-0.01054|0.02859|0.06320|0.02317|-0.18038 =>  -66.2867915843
HOST|0.00003|0.08460|-0.28434|-0.00847|0.08036|-0.27597|0.17482 =>  61.6086265758
SERVER|-0.00003|-0.07682|-0.11969|0.07027|-0.29065|-0.33954|0.44696 =>  -50.4785397693
HOST|0.00014|0.09179|-0.22997|-0.09999|-0.13824|0.28263|0.19010 =>  15.3808266304
SERVER|0.00003|0.20249|-0.29533|-0.01068|-0.01573|-0.93303|0.50530 =>  121.971048611
HOST|0.00001|-0.21714|0.13936|0.08046|0.02155|-0.23716|0.77314 =>  127.529384614
HOST|0.00026|0.73846|0.19492|0.08997|0.01911|-0.07688|0.05135 =>  147.658034707
SERVER|0.00024|0.28237|-0.12093|0.07573|0.10227|0.50533|0.28681 =>  162.808921203
HOST|-0.00017|-0.08368|-0.03439|0.01624|-0.09570|0.52030|0.83734 =>  111.594772165
HOST|-0.00009|-0.38217|-0.25743|0.00818|-0.01185|0.43012|0.58494 =>  48.7178435678
SERVER|0.00014|0.36901|-0.04587|0.04036|-0.14431|0.42637|-0.33825 =>  -71.0909723464
SERVER|0.00003|-0.07105|-0.21992|-0.06230|0.17549|0.28381|-0.36031 =>  -48.4927339081
HOST|-0.00016|-0.15268|0.20819|-0.10447|0.20741|-0.01539|0.24320 =>  77.5755910482
SERVER|-0.00007|0.18680|-0.17251|-0.02747|-0.00968|-0.05421|0.01831 =>  -9.78074057642
HOST|-0.00007|-0.07454|0.23191|-0.08399|-0.14748|-0.33253|0.09587 =>  -70.2552790461
SERVER|-0.00002|0.54566|-0.25659|0.04588|0.11544|0.08780|-0.04648 =>  72.5593887093
HOST|-0.00007|0.39198|0.11268|0.03509|-0.12877|0.32566|0.59854 =>  118.972225283
HOST|-0.00020|-0.33850|0.09030|0.05650|-0.22738|0.17928|-0.18910 =>  -204.798481563
SERVER|0.00006|-0.24068|-0.12689|0.10247|0.39925|0.08825|-0.28430 =>  26.0914925354
SERVER|0.00015|0.68432|-0.06982|-0.09433|-0.02194|0.10043|0.35315 =>  160.452894915
SERVER|0.00003|-0.07893|0.09552|0.10966|-0.20142|-0.61726|0.28666 =>  -29.0782512746
SERVER|-0.00013|0.13713|0.00450|-0.00076|0.05922|-0.10426|-0.24095 =>  -60.096182596
SERVER|-0.00010|0.11393|0.01355|-0.00110|-0.00954|-0.04712|-0.18043 =>  -88.961137078
SERVER|-0.00012|0.31314|0.19125|-0.04154|-0.25962|0.92609|-0.44565 =>  -205.131806308
HOST|-0.00002|-0.26788|0.09256|0.14847|-0.00170|0.12227|0.15822 =>  -21.611368382
SERVER|0.00009|-0.24280|0.13876|0.04282|-0.11658|0.39312|-0.16743 =>  -129.763279592
SERVER|-0.00005|-0.04073|0.17388|0.04181|-0.01294|0.30162|-0.35719 =>  -113.604832297
HOST|0.00005|-0.07610|0.09089|-0.09456|-0.11317|-0.36047|0.13104 =>  -33.3669391593
HOST|0.00019|0.05225|0.07368|0.04652|0.15155|-0.15458|0.68472 =>  234.356624484
HOST|-0.00007|-0.29965|0.04590|-0.15328|0.12637|0.16738|0.40870 =>  62.370253167
HOST|-0.00002|-0.31973|-0.25269|0.00270|-0.05102|0.07786|-0.25443 =>  -137.1216525
SERVER|-0.00001|-0.42245|0.22970|0.06007|0.03612|0.47931|-0.20081 =>  -126.96081258
SERVER|0.00022|0.26953|-0.17995|-0.04481|0.03122|0.05674|-0.23429 =>  4.30210369024
SERVER|0.00017|0.22234|-0.01332|0.07908|-0.02328|-0.19419|-1.01830 =>  -222.725635886
HOST|-0.00019|-0.34486|-0.10760|-0.07581|-0.21672|0.14985|-0.37776 =>  -258.506048362
SERVER|-0.00019|-0.20157|-0.17560|0.02310|-0.11401|0.46118|-0.07924 =>  -142.140816695
HOST|-0.00027|-0.29523|0.02624|0.05804|0.15349|-0.08281|0.16491 =>  -11.0564255917
SERVER|-0.00011|0.00721|-0.17412|0.08308|-0.11921|0.03825|-0.91555 =>  -296.196971878
SERVER|-0.00012|0.36096|-0.02785|-0.06855|-0.27272|-0.04287|0.08771 =>  -65.9512586477
HOST|-0.00006|-0.02837|0.08796|0.06904|-0.13950|0.39128|-0.59635 =>  -213.609972613
SERVER|0.00004|0.28666|-0.00015|0.07784|0.08480|-0.13041|0.02305 =>  50.1926145894
SERVER|0.00006|0.16819|0.01808|0.01982|-0.06539|-0.33144|0.23292 =>  34.5314434549
SERVER|0.00005|0.17415|0.01312|0.12486|-0.08983|0.09835|0.48140 =>  67.6865864096
HOST|0.00009|0.33189|-0.15862|0.10596|-0.02751|0.05298|-0.43268 =>  -63.6616131791
HOST|-0.00011|0.30816|0.01237|-0.15107|0.08649|0.33968|0.99957 =>  273.457562562
HOST|0.00003|-0.13801|-0.01842|-0.10267|-0.17868|-0.11229|-0.30983 =>  -177.789350546
SERVER|-0.00011|0.01477|-0.10563|0.01891|-0.12466|0.06354|-0.00580 =>  -91.1077024837
SERVER|0.00005|-0.21905|0.02517|-0.14641|-0.12460|0.33469|-0.40631 =>  -193.308321947
HOST|0.00003|-0.06137|-0.08749|-0.09130|0.21515|0.20225|-0.55912 =>  -59.424854489
HOST|0.00002|0.35413|0.03831|-0.01610|-0.12332|-0.29539|0.08507 =>  9.90090033223
HOST|0.00020|-0.21707|0.10513|0.10957|0.05992|0.41195|-0.32161 =>  -63.6011989907
SERVER|0.00008|-0.47659|-0.12443|-0.09139|-0.04966|0.50773|-0.80477 =>  -281.690513203
HOST|-0.00004|0.12953|0.09867|0.04560|0.14818|0.14507|0.36230 =>  131.16849691
SERVER|-0.00011|-0.27517|0.10343|-0.00069|-0.15090|-0.30124|0.24994 =>  -89.6318956941
SERVER|0.00003|-0.42919|0.26739|0.06253|0.26399|-0.50638|0.51755 =>  119.968630337
HOST|-0.00004|0.34858|0.03523|-0.03855|0.00565|0.03268|-0.87003 =>  -174.50631745
SERVER|0.00010|0.35925|0.10726|-0.06870|0.14746|0.43925|-0.05773 =>  80.6374198806
SERVER|0.00019|-0.36293|0.08006|0.02051|0.02278|-0.03243|0.05007 =>  -21.9072685299
SERVER|0.00012|-0.16102|0.11611|-0.08285|-0.30743|-0.06669|0.14999 =>  -111.042951148
HOST|0.00014|0.05885|0.13345|-0.00538|-0.20169|-0.26262|0.09260 =>  -26.6256619667
HOST|0.00004|0.65620|-0.11178|0.21547|-0.06173|0.00802|-0.51994 =>  -54.7345533893
SERVER|-0.00024|-0.22717|-0.04222|-0.08733|-0.04622|0.01039|0.12235 =>  -102.015328616
SERVER|-0.00002|0.03042|-0.07991|-0.06713|0.22331|0.05901|-0.14525 =>  20.2061315681
SERVER|0.00017|0.31961|-0.02832|0.09354|-0.40022|0.18561|-0.19552 =>  -151.881218114
SERVER|-0.00012|0.23321|0.13315|0.13571|0.25229|0.33659|0.69511 =>  240.153213616
HOST|-0.00000|0.01207|-0.07994|-0.15944|0.02956|0.67114|-0.65672 =>  -155.881428513
SERVER|0.00014|-0.17612|-0.11070|-0.00818|-0.21083|-0.48725|-1.04603 =>  -358.320467223
SERVER|0.00008|-0.90139|0.08497|-0.03003|-0.04513|0.01771|-0.14205 =>  -204.603214686
SERVER|0.00016|0.20146|-0.05838|0.10759|0.10067|-0.37694|0.33776 =>  146.530605215
HOST|0.00006|0.12862|-0.21343|0.14184|-0.20346|0.28594|-0.17009 =>  -86.4671047225
HOST|-0.00018|-0.01960|-0.26832|0.02962|0.07437|0.07819|-0.32777 =>  -93.6318154323
SERVER|0.00004|-0.00659|0.11858|-0.01621|-0.04951|-0.08679|-0.37528 =>  -133.611731533
SERVER|0.00012|0.09435|0.04563|0.01795|0.11457|-0.25021|0.38373 =>  125.288535566
HOST|0.00018|0.57256|-0.30273|-0.01693|0.10954|-0.09245|-0.04621 =>  119.966205819
HOST|-0.00029|0.45333|0.16116|-0.13172|0.25270|-0.18818|-0.20468 =>  38.8958890907
HOST|0.00003|0.14808|-0.10375|-0.03382|-0.38238|-0.16559|0.10880 =>  -102.438007858
SERVER|-0.00001|0.04578|0.01739|0.03111|0.25098|-0.08818|-0.45076 =>  -43.8004828738
SERVER|-0.00005|-0.31980|-0.37880|-0.07221|-0.38271|0.28935|-0.23650 =>  -270.281962213
SERVER|-0.00019|0.17350|-0.15065|0.09718|-0.13454|0.31138|0.12331 =>  -51.7555953657
HOST|-0.00024|0.03641|0.00287|-0.00682|-0.06128|0.15633|-0.38240 =>  -142.91668785
HOST|-0.00020|-0.08501|0.05361|0.05313|-0.13362|0.08497|0.39611 =>  5.05942733289
SERVER|0.00000|0.11173|0.00563|-0.10150|0.20251|0.41931|0.10274 =>  75.8027390072
HOST|-0.00000|-0.05126|0.09076|0.10158|-0.04338|-0.14769|-0.51450 =>  -150.476035317
HOST|-0.00002|-0.16514|0.05220|0.04097|-0.11012|-0.11782|-0.57550 =>  -206.872567214
SERVER|-0.00011|-0.28438|0.25038|0.01867|0.03417|0.42442|-0.08336 =>  -105.766708594
HOST|-0.00011|0.04322|-0.07155|-0.06741|0.01174|0.10855|-0.35080 =>  -103.410036118
SERVER|0.00010|0.00463|-0.13399|-0.01564|-0.03435|0.04848|-0.22652 =>  -85.6965585656
SERVER|0.00010|0.03999|-0.17319|-0.05004|0.12951|-0.51206|0.18205 =>  83.6348649428
SERVER|-0.00016|0.26645|-0.03295|-0.13153|-0.23653|0.08452|-0.08375 =>  -122.12034225
HOST|-0.00005|-0.10374|0.03144|-0.01579|-0.21552|0.78076|0.73715 =>  77.2368365219
SERVER|0.00008|0.24029|0.07604|-0.08751|-0.15233|-0.44866|-0.40954 =>  -125.401160349
SERVER|-0.00000|-0.31113|-0.34550|0.01355|-0.25294|0.08158|-0.12196 =>  -193.579516196
HOST|0.00006|0.31970|0.08961|-0.06480|0.18366|0.26132|-0.00795 =>  114.125973306
SERVER|0.00004|0.32871|-0.07132|-0.02093|-0.24664|-0.28977|0.17177 =>  -21.7090085333
HOST|-0.00022|0.13379|0.01133|0.06817|-0.15368|-0.04419|-0.03923 =>  -96.1448315668
HOST|-0.00002|0.34867|0.07021|0.09678|0.30443|0.40915|0.56853 =>  266.890733062
HOST|-0.00023|0.44572|0.07393|0.08928|0.21510|-0.12043|0.38347 =>  179.567095449
HOST|0.00012|-0.53235|-0.22442|-0.10776|-0.06997|-0.12710|0.21022 =>  -38.0496451844
SERVER|-0.00015|0.07321|0.05413|-0.10292|0.04188|0.01892|-0.84069 =>  -211.449271274
HOST|-0.00021|-0.04783|0.04710|-0.26049|-0.12538|0.07210|-0.30297 =>  -175.053436132
HOST|0.00002|-0.25552|-0.12461|0.06203|0.01880|0.73080|-0.01792 =>  -50.8923751163
SERVER|-0.00001|-0.09893|-0.10471|-0.20490|0.11715|0.36133|0.00772 =>  -9.38449113397
HOST|0.00001|0.07218|-0.02987|-0.02164|-0.16404|-0.25758|-0.53962 =>  -180.261780737
SERVER|-0.00000|0.31802|0.07165|-0.08761|0.13054|-0.35386|0.06106 =>  80.7156713945
HOST|0.00015|-0.01489|-0.15996|-0.07873|-0.15236|0.62657|0.12678 =>  -18.5668994525
HOST|-0.00015|-0.07677|-0.00629|0.14447|0.43367|0.21509|0.08000 =>  127.048173315
SERVER|-0.00010|-0.42441|-0.05600|-0.07357|-0.01872|-0.18719|-0.03839 =>  -121.890403614
HOST|0.00006|-0.44586|0.04629|-0.07251|0.26166|-0.47425|0.33096 =>  102.751809987
SERVER|-0.00002|-0.14017|0.00098|0.01252|0.20785|-0.52583|-0.43363 =>  -69.497697599
HOST|0.00002|0.20363|-0.07977|0.02628|-0.08828|0.86516|0.05364 =>  2.14318504758
SERVER|-0.00012|0.35839|0.06344|-0.15244|-0.19270|0.31626|0.13277 =>  -41.8386301473
HOST|0.00004|0.08464|-0.47446|0.04304|-0.21456|0.15619|0.31770 =>  4.33942063183
HOST|-0.00007|0.11674|0.21094|-0.03660|0.19360|-0.88252|-0.14398 =>  24.1901218886
SERVER|0.00005|0.49339|0.04017|0.14789|0.04541|-0.40760|0.34491 =>  142.94247272
HOST|0.00002|-0.06713|0.07980|0.09788|-0.16116|0.59057|-0.22391 =>  -112.094085822
HOST|0.00011|0.30088|0.06512|0.03043|-0.05800|0.07939|-0.09730 =>  4.70285025633
HOST|-0.00006|0.68823|-0.03360|0.04298|-0.00606|0.07042|0.15183 =>  113.73906926
SERVER|0.00011|-0.43404|0.28314|-0.02188|0.01747|-0.23638|0.01773 =>  -61.6651599105
HOST|-0.00002|-0.16382|0.12873|-0.07460|-0.28718|0.02993|0.55998 =>  4.12757591185
SERVER|-0.00006|0.08480|-0.08881|0.07562|-0.10492|-0.63402|-0.31176 =>  -131.714184217
SERVER|0.00006|0.16997|0.25775|-0.12218|-0.17300|-0.69697|-0.28622 =>  -112.41283772
HOST|0.00010|0.29727|-0.21973|-0.15197|-0.03972|0.32363|0.32222 =>  99.6899998446
HOST|-0.00009|-0.03798|-0.18889|0.08596|-0.01353|-0.10703|0.18729 =>  20.0260616973
HOST|-0.00001|-0.22932|0.10658|-0.17824|-0.19829|0.09259|-0.26941 =>  -182.20506196
HOST|0.00005|0.87866|-0.03219|0.09488|-0.09965|0.94161|0.08405 =>  107.334746673
HOST|-0.00011|-0.19836|0.06174|0.01069|0.10442|-0.41448|0.28651 =>  35.9591151513
SERVER|0.00020|-0.04445|0.39747|0.08210|0.17500|-0.14427|0.23359 =>  106.132565194
SERVER|-0.00001|0.86704|-0.05446|-0.10883|-0.25144|-0.22397|-0.32816 =>  -63.7455619834
SERVER|-0.00009|-0.00299|0.19218|0.06659|0.13451|0.49658|0.59469 =>  136.405773166
SERVER|-0.00008|-0.42813|-0.01506|-0.16186|0.07692|-0.58375|-0.16352 =>  -103.884195558
SERVER|0.00004|-0.45266|0.03944|0.03323|0.13216|0.14817|0.38794 =>  50.1938735819
SERVER|0.00005|0.09538|0.26967|0.05947|-0.11686|0.87863|0.57125 =>  82.3042625249
SERVER|-0.00013|0.05915|0.19314|-0.06273|-0.02849|0.35272|1.17768 =>  224.714668719
SERVER|-0.00008|0.28814|0.15792|-0.00542|-0.01842|-0.29171|-0.30982 =>  -67.7261103218
HOST|-0.00016|0.11725|0.09247|-0.06427|-0.29313|-0.38161|-0.51669 =>  -239.26501028
SERVER|-0.00004|-0.04951|-0.29806|-0.15037|-0.25946|-0.47623|0.10647 =>  -119.567595105
SERVER|-0.00012|-0.00659|-0.01006|0.03266|0.03935|-0.60401|-0.27832 =>  -98.6202383686
SERVER|0.00011|0.28762|-0.25925|-0.02153|-0.18273|0.38818|-0.09290 =>  -62.077054741
HOST|0.00001|0.04969|0.23117|-0.11410|0.02623|0.05432|-0.58419 =>  -133.589969038
HOST|0.00004|0.15170|0.09222|0.07221|0.14077|-0.49722|0.50786 =>  191.148283701
SERVER|-0.00003|-0.11270|0.00417|-0.04679|-0.14320|-0.24923|-0.37217 =>  -178.034868074
HOST|-0.00002|0.22022|-0.02093|-0.10586|-0.14097|-0.28286|-0.68199 =>  -190.368038322
SERVER|0.00015|0.37985|-0.09954|0.06145|-0.07554|0.03232|1.03242 =>  265.949934369
SERVER|-0.00008|0.21264|-0.34936|0.08100|0.01475|0.15107|0.23287 =>  34.6457526051
HOST|0.00001|-0.14585|0.13192|-0.11453|0.09967|-0.11735|0.07435 =>  23.6990451412
SERVER|0.00003|0.16891|0.18013|0.05138|0.08834|0.80730|-0.11769 =>  3.93002926461
SERVER|-0.00018|-0.19860|0.02053|0.07053|-0.00723|0.38848|0.39007 =>  -7.59014396525
HOST|0.00000|-0.29563|0.11446|0.10456|0.00739|0.22534|0.20703 =>  -15.774058572
HOST|0.00004|-0.16016|-0.11451|0.03661|0.02437|0.31421|0.24651 =>  26.8818484089
HOST|-0.00007|0.52223|-0.22292|-0.04495|0.05225|-0.26237|0.61473 =>  212.322936796
SERVER|-0.00007|0.72643|0.28767|0.05068|-0.04306|-0.53926|0.93745 =>  254.816714759
SERVER|-0.00006|0.19267|0.27471|-0.05310|0.07082|0.03338|0.63262 =>  159.147754972
SERVER|-0.00004|-0.28505|-0.27138|-0.08327|0.14037|-0.57772|-0.06442 =>  -45.0019315731
HOST|0.00012|-0.31371|-0.08924|0.01214|-0.06504|0.38597|0.10995 =>  -40.030569876
HOST|-0.00001|0.15072|0.04505|0.03792|-0.43591|0.00765|-0.01692 =>  -143.258299455
HOST|-0.00010|0.21700|-0.20343|-0.20924|0.04001|-0.42645|-0.61067 =>  -119.576031755
HOST|0.00004|0.32407|0.00152|0.01526|0.14241|0.43024|0.47450 =>  209.290261159
SERVER|0.00016|0.21874|0.07767|0.04548|0.27706|0.51631|-0.01657 =>  117.116706739
SERVER|-0.00002|0.23233|0.02776|0.05472|-0.22381|-0.03493|-0.58488 =>  -231.049541406
HOST|0.00003|-0.45032|-0.14937|-0.08106|0.34182|0.18821|-0.14527 =>  13.1309747699
HOST|-0.00022|-0.18382|0.03018|0.02470|0.32652|-0.51713|0.71861 =>  207.499392486
HOST|-0.00002|0.71161|-0.05898|0.05508|-0.09676|-0.08663|-0.01224 =>  45.1605003131
HOST|-0.00002|-0.11113|-0.07329|-0.07221|0.04850|0.00790|-0.09967 =>  -40.2493126862
SERVER|-0.00010|0.01314|-0.06222|-0.06445|-0.01928|0.47321|-0.27983 =>  -114.578659176
HOST|-0.00002|-0.07572|-0.14122|0.01732|0.11968|-0.13731|-0.54037 =>  -118.17337372
SERVER|0.00013|0.10005|0.24613|-0.08734|-0.05599|-0.12588|0.17171 =>  21.5911644687
HOST|-0.00007|0.35307|0.34484|0.02241|0.05364|-0.41999|0.12019 =>  71.5948018215
SERVER|-0.00006|0.42978|0.04794|0.16717|0.26131|0.31505|0.32522 =>  180.29790108
SERVER|-0.00000|0.10864|-0.09645|-0.02392|-0.19971|0.37727|-0.41152 =>  -185.421612891
SERVER|-0.00007|0.14319|0.01693|0.06156|0.10644|0.04471|0.14027 =>  45.2452671957
HOST|-0.00003|0.29676|0.09151|-0.02706|0.05408|-0.77929|-0.63130 =>  -94.2894363538
SERVER|-0.00001|-0.23824|-0.01759|-0.05801|-0.00389|-0.22355|-0.79746 =>  -243.734785173
HOST|-0.00004|-0.40270|-0.04805|-0.14818|-0.07493|-0.54542|-0.05801 =>  -102.144141366
HOST|0.00004|-0.50601|-0.15529|0.07537|0.16769|0.23609|0.84012 =>  170.855091475
SERVER|-0.00018|0.88700|-0.21929|0.00567|0.08126|0.21632|0.01575 =>  103.284574121
SERVER|-0.00014|0.41643|-0.13444|0.05927|0.05151|-0.06952|-0.33378 =>  -37.7054349677
SERVER|0.00007|0.01656|0.13512|0.25619|0.20772|0.92236|-0.10541 =>  26.2585542251
HOST|0.00005|-0.61412|0.09747|0.10909|-0.04450|0.39986|-0.62040 =>  -248.318837115
HOST|0.00005|0.51473|0.12385|0.02574|-0.08077|-0.19652|0.18706 =>  87.9050058145
SERVER|0.00012|-0.08352|0.13202|-0.01979|0.02449|0.18344|-0.54747 =>  -130.670932013
SERVER|-0.00006|0.34069|-0.01851|0.01934|0.11683|0.62336|-0.06363 =>  45.2503549774
SERVER|-0.00004|0.21076|-0.00120|-0.09381|0.23108|0.22185|-0.77159 =>  -91.5450060512
HOST|0.00001|-0.19015|0.20078|-0.10070|-0.17809|-0.29168|-0.29102 =>  -172.757075889
HOST|0.00020|-0.39390|0.00123|-0.05238|0.19188|-0.09298|-0.42013 =>  -53.019447848
SERVER|-0.00012|-0.12614|0.08798|-0.04848|-0.09706|0.26660|0.16565 =>  -63.474877354
HOST|-0.00010|-0.40411|-0.11058|-0.13032|0.15707|0.38833|-0.62540 =>  -173.531731029
SERVER|-0.00014|-0.50752|-0.00048|0.04513|-0.07777|0.25542|-0.67878 =>  -320.695976361
SERVER|0.00002|-0.27227|-0.27370|0.00293|-0.14875|0.00053|-0.05278 =>  -118.171229776
SERVER|-0.00003|-0.15186|0.08609|0.23479|0.17665|-0.54720|-0.57345 =>  -135.929936025
HOST|-0.00001|-0.03032|0.28876|0.00405|0.13641|-0.26482|-0.11500 =>  21.8513884921
HOST|-0.00006|0.81642|0.19770|0.04842|0.05918|0.15813|0.16375 =>  155.978436177
HOST|-0.00007|0.01354|-0.14385|-0.04747|-0.22918|-0.32641|-0.29681 =>  -169.059253666
HOST|-0.00029|-0.79136|-0.14176|0.12924|0.04965|-0.17118|0.50366 =>  -43.9678587017
SERVER|-0.00010|0.25415|-0.10635|-0.16225|0.08846|-0.23805|0.43978 =>  129.736048097
HOST|0.00012|-0.05021|-0.07456|0.11887|0.14903|-0.04874|0.00923 =>  58.0452078632
HOST|0.00006|0.22600|-0.04862|0.12783|-0.25128|0.11434|0.02374 =>  -53.1648685773
SERVER|-0.00004|0.03547|-0.09581|-0.04683|-0.08173|-0.64606|-0.66733 =>  -211.675394055
SERVER|0.00004|-0.13381|0.26321|0.01821|0.27079|0.69532|0.42946 =>  158.813523074
HOST|-0.00000|0.02243|-0.06868|0.03001|0.10643|-0.57196|0.04131 =>  51.8658103316
SERVER|-0.00005|0.31864|-0.02999|-0.00024|0.33636|-0.30195|0.80122 =>  321.38370188
SERVER|0.00000|-0.22224|0.08359|-0.14470|-0.08671|0.11472|-0.15154 =>  -116.861263992
SERVER|0.00023|0.23516|0.32289|0.06143|-0.20802|0.40018|0.19783 =>  11.4572563055
SERVER|-0.00012|-0.30678|-0.05854|-0.02221|0.07360|-0.04342|0.01746 =>  -71.0596011312
SERVER|0.00003|-0.01374|-0.07395|0.09159|-0.00811|0.06192|-0.49303 =>  -139.433187793
HOST|0.00003|0.04621|-0.08387|-0.05756|-0.01074|0.22849|0.12793 =>  32.6123895383
SERVER|-0.00002|-0.66693|0.02221|-0.02449|0.07805|0.03463|0.22397 =>  -61.3443116296
HOST|-0.00002|-0.18505|-0.20078|0.07353|-0.05090|0.21707|-0.37959 =>  -143.35992567
SERVER|-0.00004|-0.36897|0.07030|-0.18202|0.03124|-0.05041|-0.05707 =>  -97.7859815928
SERVER|0.00010|0.13335|0.12098|0.09173|0.03130|-0.28751|-0.13913 =>  1.21783642903
SERVER|0.00020|0.09639|0.12020|0.03816|0.20328|0.19574|-0.41878 =>  -1.4549623791
SERVER|0.00016|-0.02599|-0.07782|-0.05909|0.04459|-0.50583|-0.31004 =>  -63.8561155798
SERVER|-0.00013|0.38765|0.17401|0.00563|0.16450|-0.05637|0.27026 =>  138.090224849
HOST|0.00001|0.38929|-0.00435|-0.15632|-0.25070|-0.08444|0.01400 =>  -25.4943353861
HOST|0.00011|-0.00300|-0.21910|-0.02671|-0.08692|-0.20377|-0.35720 =>  -119.670807977
HOST|-0.00017|-0.24421|-0.14983|-0.11149|0.23318|0.22516|0.24189 =>  54.4209726098
HOST|0.00004|-0.31435|0.02237|0.04058|-0.15678|-0.10142|0.24843 =>  -43.7773318146
HOST|0.00002|0.31142|0.09462|0.04305|0.10577|0.30642|0.47216 =>  197.776847775
HOST|0.00008|0.23383|0.08685|0.00269|0.07531|0.57048|-0.79288 =>  -100.539043509
HOST|-0.00010|0.55946|0.05029|-0.02340|0.18300|-0.44244|-0.64568 =>  -29.5549126469
HOST|-0.00002|0.04696|0.37797|-0.02348|0.04231|-0.26458|-0.47260 =>  -105.532388907
SERVER|-0.00005|0.08305|-0.06879|0.06443|-0.13399|-0.00597|0.38447 =>  29.3220202961
SERVER|-0.00006|-0.25226|-0.14865|-0.09125|-0.01785|-0.58517|-0.16609 =>  -119.84396325
SERVER|0.00011|-0.08767|0.25460|-0.11870|0.10006|-0.23324|-0.08258 =>  1.34754530407
SERVER|-0.00024|0.06681|-0.11051|0.03627|-0.05074|-0.11828|0.68978 =>  84.5844873231
SERVER|-0.00008|0.00649|-0.06086|-0.11541|-0.30277|-0.09628|-0.10049 =>  -176.135799512
SERVER|0.00000|-0.04260|-0.04133|-0.11363|0.28417|0.15835|-0.56880 =>  -60.4239377006
HOST|-0.00009|0.15179|-0.11588|0.06929|0.17899|0.20451|-0.71877 =>  -101.86916529
HOST|0.00010|-0.14171|0.20044|0.21770|0.25916|-0.29117|-0.52233 =>  -26.2542072233
HOST|-0.00006|0.35296|0.06469|0.01021|0.08248|0.53797|-0.29051 =>  2.20125494447
SERVER|0.00007|0.07759|0.14704|0.01337|0.22473|0.10963|-0.48925 =>  -31.5764257958
HOST|-0.00014|0.55213|0.02332|-0.05377|0.10606|-0.13192|-0.40036 =>  -1.65557762626
HOST|-0.00001|-0.16909|0.12643|0.04336|-0.05666|-0.32865|0.30972 =>  15.4904375498
SERVER|-0.00016|-0.17582|-0.25950|0.10145|0.39849|0.31591|0.37223 =>  148.346306752
SERVER|-0.00004|0.27369|0.22434|-0.12556|-0.16063|-0.76487|-0.52359 =>  -172.369231124
HOST|0.00002|-0.56455|0.18289|-0.06610|-0.04934|0.28018|0.18196 =>  -49.4770333261
HOST|-0.00014|0.17333|0.08501|-0.11025|0.18097|-0.42166|0.09142 =>  77.1031461221
SERVER|-0.00001|-0.20321|0.11756|0.01677|-0.08275|0.08518|-0.43675 =>  -191.636651915
HOST|0.00006|-0.09303|0.21651|-0.09612|-0.00619|-0.23652|-0.47134 =>  -132.82652767
SERVER|0.00010|0.08217|-0.02722|0.04526|-0.45059|-0.19206|-0.78167 =>  -340.017619407
SERVER|-0.00002|-0.11964|-0.11262|-0.03234|-0.13363|0.18400|-0.50413 =>  -214.942868854
HOST|0.00012|0.29278|0.04189|-0.00034|-0.17647|-0.75452|-0.12556 =>  -37.4516483026
HOST|0.00003|-0.09125|-0.11084|-0.11665|-0.01040|-0.06080|-0.17342 =>  -66.4916404557
SERVER|0.00012|-0.60540|0.05981|0.10919|-0.07299|0.47801|-0.09466 =>  -136.838000421
HOST|-0.00006|-0.32940|-0.24098|-0.09285|-0.14891|-0.18220|0.99616 =>  120.038611177
HOST|0.00011|0.19062|0.27291|-0.04899|-0.02744|0.00969|-0.31177 =>  -62.5472315598
HOST|0.00017|-0.45084|-0.03486|0.01307|-0.05782|0.72256|-0.09033 =>  -89.3553165843
SERVER|0.00004|0.39697|-0.09798|-0.07484|-0.13066|0.71056|-0.09555 =>  -39.6450363539
SERVER|0.00007|0.09815|-0.10964|0.03899|0.16497|-0.12675|0.50318 =>  159.272369337
SERVER|-0.00010|-0.38277|-0.13355|0.16899|0.12732|-0.29282|-0.37430 =>  -138.392067072
HOST|0.00000|-0.06942|-0.00311|-0.02876|-0.08490|0.20068|-0.29109 =>  -119.655578456
SERVER|-0.00018|0.35830|0.17220|-0.20548|-0.25842|-0.05457|-0.00619 =>  -90.0466450027
HOST|0.00006|-0.19462|-0.31748|0.12442|0.03698|-0.32849|-0.42958 =>  -119.301429401
SERVER|0.00011|0.13551|0.39235|-0.08367|0.12328|-0.28798|-0.23392 =>  -2.33344274965
SERVER|-0.00011|-0.30960|-0.07740|0.11405|-0.05854|0.37549|0.08957 =>  -87.6476758911
SERVER|-0.00007|0.04589|0.18862|-0.02409|0.13360|-0.04151|0.32888 =>  86.4430253864
SERVER|0.00008|0.11350|-0.10831|0.04969|-0.01093|-0.02625|0.09995 =>  26.120026821
SERVER|-0.00002|0.50092|-0.00945|0.00984|-0.01906|0.16358|0.03021 =>  40.2875909587
SERVER|0.00002|-0.11975|0.04854|0.14034|-0.25354|0.20253|0.09419 =>  -110.081836309
SERVER|0.00022|0.30820|-0.22589|0.04102|-0.11107|-0.24599|-0.03214 =>  -0.0278229357646
HOST|0.00018|-0.56015|0.00149|-0.04124|0.21016|-0.05231|0.06992 =>  32.1620968053
HOST|0.00007|0.20374|0.24620|0.04320|-0.10381|0.02326|-0.41255 =>  -91.8653033404
HOST|0.00018|-0.23822|0.28827|0.01974|-0.04170|0.10602|-0.37484 =>  -106.734582578
SERVER|-0.00007|-0.00990|-0.00371|0.10084|0.07295|-0.22563|0.21694 =>  22.654554202
SERVER|0.00022|-0.32374|-0.02540|-0.04505|-0.10643|-0.13662|0.40795 =>  20.0942217159
HOST|-0.00003|-0.07823|0.07878|0.02710|0.19970|0.22677|0.76805 =>  213.47498169
HOST|0.00008|-0.45488|0.24190|-0.00785|0.12155|0.17680|0.28174 =>  45.2600058085
HOST|-0.00009|0.06453|-0.06205|0.01779|-0.38534|0.01964|-0.36498 =>  -242.807241475
HOST|0.00028|-0.27212|0.24748|-0.00697|0.16965|-0.31099|0.50456 =>  166.93101403
SERVER|-0.00020|0.18856|0.00189|0.14228|0.06850|-0.37207|0.00560 =>  1.37829045781
SERVER|0.00005|-0.28334|-0.02927|0.04031|0.14189|-0.42251|-0.36082 =>  -85.9230138658
SERVER|0.00015|-0.10416|0.24841|-0.03644|-0.20427|-0.13081|0.46820 =>  24.546644324
SERVER|0.00006|0.26946|-0.12744|0.00165|-0.14676|-0.29822|-0.02929 =>  -66.3898783042
HOST|-0.00013|0.12783|0.02835|-0.02789|-0.10942|0.10917|0.70423 =>  95.2782741581
HOST|0.00002|-0.24460|0.02095|0.04496|0.17527|-0.32198|-0.02545 =>  16.7947966131
SERVER|0.00005|0.45904|0.07181|0.12588|-0.00627|0.11245|0.55704 =>  168.534070339
HOST|0.00016|-0.26077|0.20171|-0.03028|-0.28279|0.26028|-0.64000 =>  -264.022954128
SERVER|-0.00010|0.30542|0.12742|-0.00715|0.08071|0.12308|0.25014 =>  86.4928672655
HOST|-0.00004|0.44042|-0.15385|-0.02139|0.15981|0.14922|0.00391 =>  93.5344395073
HOST|-0.00003|-0.32132|-0.25161|0.03181|0.24456|0.20431|0.19807 =>  70.3504030369
HOST|0.00005|0.15260|-0.05462|-0.01359|0.12296|0.04634|0.21639 =>  112.443538347
SERVER|0.00006|-0.52083|0.18409|-0.11312|-0.04142|-0.02871|-0.19814 =>  -173.393842893
SERVER|-0.00013|-0.70439|0.06984|0.03687|-0.07513|0.13503|0.02124 =>  -185.111973641
SERVER|-0.00001|0.58949|-0.09693|-0.06742|0.07278|-0.54598|-0.85038 =>  -118.811514935
HOST|-0.00005|0.07930|0.18146|0.09453|-0.29232|0.09631|-0.06947 =>  -132.907940374
HOST|-0.00005|0.38859|-0.10141|-0.20919|-0.09113|0.46348|0.13544 =>  39.0503214541
HOST|-0.00018|-0.24999|-0.18201|0.03840|-0.31572|0.14047|0.37530 =>  -103.075791053
SERVER|-0.00016|0.18897|-0.08145|0.02969|-0.22455|-0.23257|-0.29578 =>  -168.090524859
SERVER|0.00004|-0.42381|0.10828|0.16695|-0.14641|0.28958|0.14641 =>  -92.7928954903
HOST|0.00020|-0.52910|-0.03638|0.11096|0.17954|0.07932|0.48170 =>  132.058959166
HOST|-0.00014|0.40065|0.18746|-0.00464|0.22099|0.05805|-0.04316 =>  97.5325230089
SERVER|0.00029|0.30809|0.10494|-0.13349|0.22741|0.61343|-0.54170 =>  10.6004368678
SERVER|-0.00012|0.40270|-0.02349|0.01184|-0.10065|0.30724|-0.20567 =>  -68.8172768564
SERVER|0.00014|-0.19045|0.19014|0.11164|0.34099|0.06880|-0.20929 =>  49.0958853663
SERVER|0.00001|-0.12321|-0.09418|0.09496|-0.22612|-0.30949|0.31896 =>  -49.9577060629
SERVER|0.00006|-0.47435|-0.00215|-0.01668|0.37041|-0.10676|-0.35771 =>  -35.1976675457
HOST|0.00014|-0.01858|0.00517|-0.16409|0.00805|0.27475|0.61523 =>  161.706943155
SERVER|0.00019|0.15244|0.00593|0.09253|-0.07743|-0.05021|0.96788 =>  216.039661431
SERVER|-0.00020|-0.04196|-0.00297|0.05727|-0.04889|0.08463|0.37833 =>  1.47604343525
HOST|-0.00007|0.23329|0.10574|-0.02017|0.38157|-0.30825|-0.55631 =>  15.2366514446
SERVER|-0.00005|0.37480|0.31662|-0.01638|-0.09038|0.71729|0.14824 =>  12.1602396681
SERVER|-0.00017|-0.01378|0.15597|-0.07097|-0.19264|-0.22577|0.21439 =>  -87.0222345936
SERVER|0.00014|0.33744|-0.15143|-0.08446|0.36741|-0.48040|0.15013 =>  187.837344427
SERVER|0.00003|-0.45594|-0.10692|-0.04503|0.31179|-0.34872|-0.18705 =>  -4.08287061922
SERVER|-0.00010|0.18489|0.01365|0.00447|-0.11769|0.71995|0.20202 =>  -24.6453883974
SERVER|-0.00016|-0.09811|-0.06339|-0.04320|-0.06362|0.01082|-0.55942 =>  -220.761461275
SERVER|-0.00008|0.58329|-0.05963|-0.02901|-0.10210|-0.27426|0.10844 =>  30.2621833564
SERVER|0.00001|-0.73913|-0.16769|-0.04763|0.11401|-0.53609|0.43353 =>  13.2493269135
HOST|0.00003|-0.20287|-0.25415|-0.01147|0.24386|0.03342|-0.10888 =>  36.292249299
HOST|0.00000|0.07602|-0.16469|-0.03289|0.04494|-0.22216|-0.29694 =>  -65.6364218242
SERVER|-0.00007|0.41212|-0.12691|-0.00436|0.06973|-0.27644|-0.41684 =>  -56.8866216013
HOST|-0.00004|-0.39852|-0.01904|0.10178|-0.02986|0.24711|-0.58793 =>  -209.064537057
HOST|-0.00003|0.13056|0.10655|-0.11244|-0.09137|-0.06993|0.36501 =>  38.9142958598
SERVER|0.00011|0.44913|-0.13115|-0.22917|0.06118|0.26900|-0.17326 =>  10.5763885328
HOST|0.00008|0.73125|-0.16997|-0.02010|0.22291|-0.19994|-0.19009 =>  133.901038398
HOST|0.00011|-0.55102|0.18211|0.10910|0.09198|-0.45974|0.16048 =>  -1.49774122014
SERVER|-0.00032|0.02733|-0.08521|0.03508|-0.11504|-0.27295|0.16453 =>  -85.76630479
HOST|0.00009|-0.15729|-0.13868|-0.02766|-0.23231|-0.06792|-0.03029 =>  -87.2753010406
SERVER|-0.00010|0.30078|-0.13746|0.05797|0.26417|-0.30926|0.36915 =>  177.76501008
SERVER|-0.00006|-0.01104|0.00791|-0.08237|0.07826|0.13666|0.01172 =>  -16.0892577102
HOST|-0.00012|0.15057|0.05291|-0.06849|-0.26509|-0.15391|0.14030 =>  -77.0317022132
SERVER|-0.00003|0.21666|0.03350|0.02861|0.19903|-0.27891|-0.20213 =>  13.8457375535
HOST|0.00008|0.20565|0.20798|-0.02236|0.06661|0.65850|0.70968 =>  218.47424145
SERVER|0.00003|0.84584|0.08050|-0.12619|0.13924|-0.17892|-0.17527 =>  116.677480663
SERVER|0.00012|0.28438|-0.03081|-0.06177|0.09986|0.24643|-0.20851 =>  24.5566384211
HOST|-0.00001|-0.26166|0.09767|-0.08159|-0.01036|0.36444|-0.00163 =>  -52.2808349091
SERVER|-0.00009|-0.04733|0.11114|0.03636|-0.06475|0.20001|-0.17614 =>  -126.500244832
HOST|-0.00005|0.18596|0.24419|0.22320|0.15230|0.20767|0.51187 =>  177.650388378
SERVER|0.00004|0.22502|-0.23017|0.06405|-0.28509|0.51585|0.39837 =>  6.64409870136
HOST|0.00016|-0.20758|-0.04037|-0.14739|0.18907|0.26481|0.49292 =>  160.496405854
SERVER|-0.00007|0.26960|0.06009|-0.00341|-0.10479|-0.52864|0.51030 =>  70.7474221809
HOST|-0.00002|0.04668|-0.28962|-0.00492|0.04360|0.08009|0.45376 =>  121.265476569
HOST|-0.00007|0.55497|0.09578|0.00591|0.09980|-0.21811|-0.07207 =>  67.5226324384
SERVER|0.00005|-0.26205|0.07217|0.06812|0.35394|0.25488|-0.31569 =>  -12.1229972242
HOST|0.00014|0.15426|0.32872|0.02279|-0.03672|0.18096|-0.29185 =>  -45.798564162
HOST|0.00002|0.16354|0.02591|-0.10259|-0.09712|0.08608|0.46240 =>  77.1734777029
HOST|-0.00006|-0.22683|-0.01703|-0.00812|-0.02633|0.11583|-0.52588 =>  -163.811201031
HOST|0.00008|0.05087|0.00242|-0.12422|-0.11454|0.62872|-0.37431 =>  -101.315294735
SERVER|0.00007|-0.29281|0.12022|-0.11571|0.59452|-0.43396|0.91539 =>  360.069382969
HOST|-0.00001|0.23433|0.08575|-0.07703|-0.57064|0.31956|-0.68469 =>  -345.083343659
SERVER|-0.00003|-0.60680|0.14417|-0.12643|0.00053|-0.77229|0.71930 =>  51.8548145625
HOST|0.00007|-0.20639|-0.14160|0.21176|-0.10475|-0.35205|-0.36052 =>  -146.213469738
HOST|-0.00007|0.11345|0.14049|-0.06900|0.04476|-0.05360|-0.04756 =>  -1.02465017484
SERVER|0.00003|-0.17605|-0.05975|-0.00903|0.07472|-0.00801|0.14984 =>  7.50458279123
SERVER|0.00011|0.28974|0.06649|-0.10413|-0.00368|0.87452|0.20545 =>  87.2927144378
HOST|-0.00006|-0.26637|-0.14058|-0.13142|0.22319|-0.49436|-0.18389 =>  -16.2687644137
HOST|-0.00001|0.41417|-0.07163|0.09223|0.21492|-0.11785|0.49566 =>  235.82254419
SERVER|-0.00015|-0.58471|0.03553|-0.08310|0.18601|-0.09475|0.20863 =>  -39.9117302294
SERVER|-0.00022|-0.26634|0.03094|-0.04486|-0.08388|0.12171|0.11032 =>  -108.120706221
SERVER|0.00012|-0.18367|0.00443|0.07934|0.22952|0.25311|-0.66782 =>  -115.313180952
HOST|0.00013|-0.27072|0.01889|0.06517|0.06391|0.02638|-0.12519 =>  -20.8365002784
HOST|0.00000|-0.33727|-0.05456|-0.11390|-0.07751|-0.23238|-0.49823 =>  -191.586457041
SERVER|-0.00004|-0.14401|-0.12315|-0.05214|0.00805|0.39599|-0.33594 =>  -128.880581157
SERVER|0.00005|0.49875|0.16032|0.02865|0.17998|-0.03327|0.01087 =>  103.515725883
SERVER|-0.00014|-0.24021|-0.26210|-0.07770|0.16346|-0.68770|-0.04067 =>  -45.2333475631
HOST|0.00008|0.21183|-0.01323|-0.08666|-0.39472|-0.37886|0.92041 =>  96.1353227153
SERVER|-0.00017|-0.04074|-0.06982|-0.01593|0.03896|0.00177|-0.34179 =>  -127.074208265
HOST|-0.00003|-0.40989|-0.01170|-0.13229|-0.27000|-0.00595|0.57451 =>  -39.384885862
HOST|-0.00002|0.06514|0.16570|-0.03227|0.03041|0.29670|-0.13324 =>  -20.9927225723
SERVER|0.00023|-0.16833|-0.00440|0.06134|0.21857|-0.44737|-0.39851 =>  -48.5173771601
HOST|-0.00009|0.07091|-0.00702|-0.24484|0.02113|0.51115|-0.10360 =>  -41.1734133767
SERVER|0.00003|0.09373|0.04364|0.06734|0.21990|0.32165|0.35464 =>  153.440942968
SERVER|0.00007|-0.10781|-0.21154|0.00109|-0.16856|0.06813|-0.36049 =>  -156.213367884
SERVER|-0.00006|0.05604|0.36885|-0.02536|-0.08999|-0.44289|0.14961 =>  -38.0631992181
HOST|-0.00007|-0.08754|0.16515|-0.02762|0.03175|-0.09993|-1.01909 =>  -247.559347623
HOST|-0.00011|0.04086|0.22130|-0.00220|0.15343|-0.18328|0.18074 =>  68.1139832937
HOST|-0.00001|-0.23096|0.34085|0.07846|-0.31613|-0.46246|-0.32049 =>  -248.41143821
SERVER|0.00001|0.13302|-0.10575|-0.06982|0.13910|-0.05871|-0.43380 =>  -48.0367320058
HOST|0.00004|0.26931|0.03958|-0.21686|0.02087|0.51986|0.36772 =>  108.168403893
SERVER|0.00013|-0.03057|0.13924|-0.06193|-0.10829|0.03655|0.09585 =>  -38.8204221051
SERVER|-0.00015|-0.09991|-0.06066|-0.03087|-0.11070|-0.23788|-0.31173 =>  -190.646017774
SERVER|-0.00005|-0.15513|0.13497|-0.02845|0.09763|0.53376|0.32034 =>  53.5132488512
HOST|-0.00000|0.08438|0.07033|0.05830|-0.06204|-0.07082|0.29081 =>  47.0455131243
SERVER|-0.00015|-0.16701|0.21170|0.00717|0.34690|-0.56662|0.08976 =>  63.3841685943
HOST|0.00015|0.05529|-0.01680|0.17323|-0.03218|0.43374|-0.74932 =>  -174.095365275
HOST|-0.00011|-0.14054|-0.03372|0.02046|0.13352|0.04883|0.40870 =>  78.7476579052
HOST|0.00015|0.87213|-0.03121|0.10008|0.10678|-0.04302|0.19237 =>  216.728274039
SERVER|-0.00004|0.35969|-0.06682|-0.09594|0.02250|-0.05071|-0.03582 =>  28.2303253019
SERVER|-0.00005|0.45845|-0.06737|0.05080|0.01194|-0.14827|-0.04453 =>  21.554205123
SERVER|0.00005|0.36562|0.06931|0.08377|0.21930|0.27220|0.01634 =>  125.717129611
HOST|0.00010|0.31206|-0.05392|0.02126|-0.14316|0.68409|-0.13589 =>  -31.4148421322
SERVER|0.00007|-0.21469|0.03430|0.10141|-0.27062|-0.48693|0.02718 =>  -130.28584939
SERVER|0.00003|-0.29262|0.06069|0.00340|0.18144|0.78154|0.19317 =>  47.6027223044
HOST|0.00008|0.29173|-0.14522|0.00434|0.31778|0.32358|0.44020 =>  259.67748415
SERVER|0.00005|0.16504|0.00669|-0.03844|0.26096|-0.38297|-0.07905 =>  69.2226263799
HOST|-0.00009|0.14391|-0.23208|-0.05835|-0.06112|0.42336|0.28292 =>  27.0457384376
SERVER|0.00008|-0.20586|-0.04495|-0.03415|0.23189|0.09461|-0.63345 =>  -99.4100278866
HOST|-0.00013|0.13264|0.18650|-0.07947|-0.00947|0.01719|-0.14404 =>  -46.993406337
SERVER|-0.00004|-0.07205|0.32483|0.02255|0.28151|0.28713|0.32460 =>  135.612114136
HOST|-0.00001|-0.34063|0.11827|0.01890|-0.05021|0.00857|-0.36788 =>  -174.02952283
SERVER|0.00003|-0.08659|-0.15982|0.06678|-0.07204|-0.20575|0.10922 =>  -51.6267243468
HOST|0.00004|0.37266|0.29548|-0.05660|0.29182|-0.03604|0.15116 =>  198.863454472
SERVER|0.00005|-0.03072|0.09856|0.10049|-0.05866|-0.42127|0.00576 =>  -45.5745920982
SERVER|0.00001|-0.14911|-0.36771|-0.05435|0.07276|0.34987|-0.82667 =>  -217.532205776
SERVER|0.00026|0.37170|-0.08157|0.02289|-0.35364|-0.63623|-0.20223 =>  -100.269024124
HOST|0.00011|0.16780|0.04018|0.03449|0.03815|-0.27709|0.17673 =>  79.0264428872
HOST|0.00001|0.21035|0.20264|0.04322|0.00795|0.30004|0.00734 =>  23.8660206238
HOST|0.00013|0.28534|0.14546|-0.13694|-0.02366|0.43311|-0.04422 =>  29.0978986204
HOST|0.00009|-0.25469|0.29414|0.01083|-0.02805|-0.08968|-0.17308 =>  -79.4532176625
SERVER|0.00005|-0.03474|0.05755|0.03018|0.09264|0.20000|0.29595 =>  73.2741750479
HOST|-0.00006|-0.17019|-0.06472|-0.02155|-0.03480|0.08624|-0.63897 =>  -214.058755394
SERVER|0.00014|-0.07109|0.24311|0.10951|0.25354|-0.32846|0.56943 =>  214.967704844
SERVER|-0.00017|0.04619|-0.29361|0.03399|-0.01625|0.01104|-0.28796 =>  -100.501527434
SERVER|-0.00002|-0.14266|-0.12405|-0.02931|0.08212|-0.25979|-0.08345 =>  -45.2790954651
SERVER|0.00012|0.23903|-0.13451|-0.15458|0.34667|-0.37567|0.00488 =>  157.804522511
SERVER|-0.00014|-0.00607|-0.01711|-0.00466|0.32053|-0.20469|0.46795 =>  185.431668549
HOST|0.00000|0.15404|-0.05689|0.01067|0.18022|-0.08577|-0.35978 =>  -0.271793743724
SERVER|-0.00009|0.65293|0.18764|-0.01911|0.14496|0.03030|0.08513 =>  117.304823658
SERVER|-0.00018|0.12760|-0.19734|-0.03680|-0.02468|-0.22877|-0.43547 =>  -156.554498494
SERVER|0.00001|-0.36461|0.37209|0.05794|0.12582|-0.49623|-0.05574 =>  -35.6708762879
SERVER|0.00002|0.14637|0.05790|-0.16648|0.01225|-0.19357|0.60322 =>  141.823638347
HOST|-0.00015|0.26634|0.16241|-0.11347|0.32762|-0.13513|-0.46708 =>  11.9048429715
SERVER|-0.00017|-0.00784|0.10208|-0.14802|0.27361|-0.13144|0.73984 =>  206.52469288
SERVER|0.00013|0.41344|0.06172|0.10930|0.14246|0.52045|0.16364 =>  125.466275868
SERVER|0.00020|0.85889|0.09449|-0.02154|0.13989|-0.22299|-0.08757 =>  160.620325678
SERVER|-0.00010|-0.12313|-0.01378|-0.17629|0.22965|0.34889|0.30214 =>  78.5085941659
HOST|0.00017|0.11015|-0.00380|0.08058|-0.04233|0.06932|0.16108 =>  53.7768489023
HOST|-0.00014|0.19494|0.07490|0.02748|-0.25934|0.33528|-0.23904 =>  -151.172793351
SERVER|0.00005|0.61043|-0.13649|0.08567|0.34189|-0.16309|-0.72508 =>  24.851844393
SERVER|-0.00014|-0.33541|0.07309|0.22593|0.16810|0.67432|-0.05276 =>  -60.2878619506
HOST|-0.00004|0.03405|-0.11501|-0.10684|0.19417|0.55581|0.12591 =>  98.0036472085
SERVER|-0.00001|0.02921|-0.08252|0.06085|0.08061|0.28822|-0.94862 =>  -220.8889766
HOST|0.00009|-0.36759|0.03881|0.06344|-0.05151|0.05861|-0.44221 =>  -166.549776467
SERVER|0.00003|0.64193|-0.04911|0.07155|-0.21780|-0.18923|-0.11983 =>  -34.1480551442
SERVER|-0.00005|0.30473|-0.15478|0.06480|0.16552|0.13919|-0.05246 =>  46.5554859191
SERVER|0.00017|-0.14508|-0.12899|-0.07347|0.15171|-0.40358|-0.29779 =>  -31.3101429972
HOST|0.00004|-0.09928|-0.22114|-0.05870|0.16042|0.12650|-0.06268 =>  26.2884833268
SERVER|-0.00008|0.13186|0.03643|-0.04238|-0.18773|-0.16722|0.03981 =>  -78.6734540331
HOST|0.00006|-0.31881|0.23805|0.10703|0.23225|0.16599|0.19068 =>  69.666450658
HOST|0.00005|0.43321|-0.02334|-0.11035|0.00956|-0.23143|-0.00990 =>  66.1352685403
HOST|-0.00001|-0.13233|-0.05629|0.14186|0.00613|0.21194|0.51122 =>  97.9678687853
HOST|-0.00008|0.16045|0.10703|0.09995|-0.06241|0.25327|-0.34698 =>  -109.301426846
SERVER|0.00002|0.05332|-0.26914|-0.10392|0.03619|-0.49354|-0.48372 =>  -127.095861442
SERVER|-0.00001|-0.27315|0.33434|-0.05759|-0.04074|-0.13984|-0.04913 =>  -94.9817323435
SERVER|-0.00021|-0.18641|-0.11898|-0.13271|-0.00377|-0.33723|-0.36289 =>  -171.808202753
HOST|-0.00010|-0.99090|-0.15078|-0.02521|-0.28607|0.47175|0.10322 =>  -240.293065204
HOST|-0.00001|0.29869|0.19757|0.04135|0.29563|0.10596|-0.35222 =>  61.6506327938
HOST|-0.00015|-0.10813|-0.25294|-0.06412|-0.24312|-0.45491|-0.53656 =>  -270.394687572
SERVER|0.00018|0.94327|-0.21616|-0.07961|-0.32470|-0.08640|0.54037 =>  151.975888655
HOST|0.00011|0.05477|0.00449|0.11909|0.02974|0.08408|-0.02520 =>  24.1787505919
SERVER|-0.00018|0.61697|-0.01167|0.01700|-0.09239|0.42871|-0.22510 =>  -54.1326171975
SERVER|-0.00012|-0.40841|0.14253|-0.18541|-0.00332|-0.13248|0.25556 =>  -55.4752135261
HOST|0.00006|0.39384|0.03624|-0.05111|-0.02884|-0.70292|-0.09841 =>  22.0792849514
HOST|-0.00019|0.30908|0.02443|-0.05452|-0.05001|-0.05219|-0.15680 =>  -46.4888688396
HOST|-0.00004|0.08367|-0.05436|0.12590|-0.09279|-0.24431|-0.36129 =>  -118.771193024
SERVER|-0.00022|0.11237|0.13715|-0.02699|-0.16306|0.00140|0.15094 =>  -69.8735137439
SERVER|-0.00000|0.96779|0.02898|0.02311|-0.14916|-0.48293|-0.03342 =>  40.0922542114
SERVER|0.00014|-0.38219|0.09107|-0.04657|-0.10896|-0.07478|0.91239 =>  119.876035578
SERVER|0.00004|-0.06351|0.05893|0.06690|-0.17168|-0.43466|-0.08216 =>  -104.355366534
HOST|-0.00013|0.14538|0.00198|0.04790|-0.04659|-0.06415|-0.25983 =>  -93.7098903904
SERVER|0.00002|0.36527|0.21714|0.01757|0.06649|-0.37066|-0.21382 =>  10.1785436645
HOST|0.00011|0.11512|0.05891|-0.08664|0.07442|0.65516|0.27542 =>  105.207851527
SERVER|0.00000|-0.21691|0.21065|0.00013|0.18174|0.69850|-0.58567 =>  -132.599188711
HOST|-0.00006|0.01463|-0.35123|-0.13226|0.13371|-0.01352|-0.26846 =>  -26.7686326793
HOST|0.00008|0.75042|-0.06140|-0.04026|-0.07262|-0.35061|-0.00450 =>  83.4454710962
SERVER|0.00021|0.50616|-0.01934|0.07739|0.27443|-0.11082|1.00611 =>  419.67198654
SERVER|-0.00011|-0.15813|-0.20452|-0.02013|0.33646|0.39954|0.11967 =>  74.7053160074
HOST|0.00005|-0.03326|0.04043|0.02982|0.29920|0.19910|0.10200 =>  112.083087647
HOST|-0.00008|0.72058|-0.02661|0.06361|-0.30057|-0.07022|-0.42013 =>  -128.455981431
HOST|-0.00015|-0.56240|-0.01709|0.00229|0.17714|-0.21532|-0.51578 =>  -174.171287777
SERVER|-0.00007|-0.08271|0.09536|-0.05644|-0.13133|-0.11130|0.41219 =>  1.39387803934
HOST|0.00011|0.19929|0.02882|0.09353|0.20397|-0.13826|0.68570 =>  269.618510253
SERVER|0.00017|-0.35777|0.09240|0.01584|-0.00989|-0.30519|-0.04345 =>  -62.6105873444
HOST|0.00015|0.44543|-0.00201|-0.04655|0.02842|0.11166|0.31177 =>  149.739985644
SERVER|0.00002|-0.14589|0.02656|-0.18067|0.05321|0.46712|0.06687 =>  -2.26372569291
SERVER|0.00013|0.12813|-0.34998|-0.03574|-0.00766|-0.40244|-0.49902 =>  -103.468934053
HOST|-0.00002|-0.14943|-0.09582|-0.03729|0.04282|-0.12068|-0.47356 =>  -117.196041436
SERVER|0.00012|-0.26696|-0.12812|0.05676|-0.15519|-0.68656|0.25931 =>  -35.4237463477
SERVER|0.00016|-0.36097|-0.36152|-0.08807|-0.04237|-0.13506|0.08637 =>  -45.6279571977
HOST|0.00007|-0.02905|0.13024|0.02986|0.01978|0.81305|0.37769 =>  90.2445805949
SERVER|0.00007|-0.47610|0.09488|0.11633|-0.20830|-0.11913|0.11191 =>  -129.335132662
SERVER|0.00017|0.14965|0.00652|-0.04855|-0.19649|-0.13643|-0.66255 =>  -199.194729434
SERVER|-0.00002|-0.43521|-0.09728|-0.12542|-0.08816|0.30688|0.22630 =>  -63.2521874715
HOST|-0.00000|-0.34603|0.11566|0.02426|0.00047|-0.21251|-0.13087 =>  -92.034099618
HOST|-0.00000|-0.48962|0.15002|0.05065|0.05491|-0.13583|0.20228 =>  -20.2248460511
HOST|-0.00001|-0.03090|0.03931|-0.18463|-0.04854|0.19881|0.01338 =>  -31.8692127045
SERVER|0.00017|0.08568|-0.02608|-0.16417|0.16882|0.49143|-0.34139 =>  -1.24978464398
SERVER|0.00020|-0.03523|-0.03049|-0.15643|0.14369|0.10293|0.49850 =>  145.15308447
SERVER|-0.00017|-0.00184|0.16258|0.13004|0.11090|0.41848|-0.39824 =>  -102.561427825
SERVER|0.00017|0.02523|0.09755|-0.03387|-0.02821|0.14174|0.09072 =>  25.450809097
SERVER|-0.00007|0.10403|-0.05266|0.03720|0.21967|-0.45551|0.22670 =>  118.624185308
HOST|0.00016|-0.11573|0.08229|0.16652|0.15339|-0.40892|0.07266 =>  74.3524721122
SERVER|-0.00001|0.12025|0.01289|0.10519|-0.03843|0.25775|-0.00632 =>  -30.023819561
HOST|-0.00012|0.15984|0.00924|-0.02241|-0.43975|0.61955|0.54714 =>  -36.9210380667
SERVER|0.00021|-0.52066|0.17446|0.00092|-0.05251|-0.77412|0.37905 =>  2.27760099952
SERVER|-0.00010|0.19099|-0.07695|-0.08550|-0.27331|0.34775|-0.37087 =>  -192.780268773
HOST|0.00016|0.18760|-0.25189|-0.08517|0.05841|-0.13123|0.51728 =>  176.631428769
HOST|0.00008|0.47789|0.03291|0.02343|0.07302|-0.07891|-0.99473 =>  -130.311611838
SERVER|-0.00002|-0.09921|-0.09340|0.02115|0.34562|-0.48822|0.41647 =>  186.627772254
HOST|-0.00001|0.08198|-0.08050|0.02932|0.04956|0.06713|-0.27950 =>  -62.1558101407
HOST|-0.00005|0.70905|0.23000|0.12391|-0.06527|-0.14909|0.79501 =>  230.809622771
HOST|-0.00006|0.19465|-0.12190|-0.02847|-0.27414|-0.35068|-0.60801 =>  -243.868234066
HOST|0.00008|-0.15433|0.23820|0.00101|0.16862|0.81336|0.51837 =>  155.836575346
HOST|-0.00007|0.36649|-0.12155|-0.08423|-0.22706|0.01391|0.27049 =>  15.0836424478
HOST|0.00005|-0.32774|-0.00282|-0.05685|-0.14860|-0.01666|0.40085 =>  -21.1745882649
SERVER|-0.00009|0.01470|-0.00659|0.04490|-0.31597|0.03426|-0.46063 =>  -270.701963797
SERVER|0.00001|0.17925|0.30816|-0.00279|-0.04774|0.09925|0.68893 =>  146.462105211
HOST|-0.00002|-0.42626|-0.16151|0.01153|-0.15022|-0.26391|0.90415 =>  71.4746686003
SERVER|-0.00025|0.44568|-0.03226|0.00805|-0.28825|-0.21320|-0.59736 =>  -232.37177862
HOST|-0.00002|0.06957|-0.18169|0.01829|0.14226|0.67927|-0.47142 =>  -65.6405024569
HOST|0.00009|0.32146|-0.28423|0.15716|-0.06297|0.70947|-0.78065 =>  -156.637985549
SERVER|-0.00004|-0.05848|-0.12269|0.01971|-0.12687|-0.11251|0.09589 =>  -74.4039683231
HOST|0.00000|0.43532|-0.12017|0.08735|0.06344|0.26863|-0.76979 =>  -108.272694961
SERVER|-0.00021|-0.19984|-0.13822|-0.01948|-0.09614|0.45069|-0.57162 =>  -257.277446734
HOST|0.00009|0.00653|0.27211|0.06193|-0.03705|-0.37909|-0.44143 =>  -100.186291892
SERVER|-0.00009|-0.28009|-0.08519|-0.04546|0.00689|0.33030|0.30895 =>  -16.3671824312
SERVER|-0.00009|-0.15901|0.00234|-0.06846|0.10641|0.66031|-0.04542 =>  -16.8561295149
HOST|0.00009|0.04077|-0.03920|-0.07074|0.04047|0.24521|-0.78723 =>  -164.983206861
SERVER|-0.00010|-0.45598|-0.22960|0.04104|-0.01569|-0.40800|-0.03515 =>  -135.302396309
SERVER|0.00015|0.19772|0.20523|0.06604|-0.07666|0.20550|0.01386 =>  -2.94206637612
SERVER|-0.00002|-0.51380|0.25451|0.10094|-0.04510|0.50668|0.08537 =>  -108.395977934
SERVER|-0.00013|-0.10984|-0.26151|0.10028|0.02225|-0.28406|0.10311 =>  -26.3245484717
HOST|-0.00001|0.40891|0.00406|0.02851|0.15324|-0.25753|0.59261 =>  242.912077054
HOST|0.00009|-0.01557|0.04701|-0.02887|0.03798|-0.19858|0.11175 =>  31.6862102673
SERVER|-0.00009|0.14841|-0.03778|-0.05640|-0.11652|0.25209|-0.23506 =>  -110.824768122
HOST|-0.00012|-0.32337|0.01813|0.03548|-0.09554|0.39136|0.06195 =>  -106.456547802
SERVER|0.00005|-0.03376|-0.03061|-0.13177|0.01562|-0.18253|-0.57913 =>  -148.815738269
HOST|0.00007|-0.56072|0.08166|-0.11396|-0.17294|-0.52569|0.10913 =>  -113.273896443
SERVER|0.00013|-0.34929|-0.06345|-0.00353|0.25967|0.28465|-0.49678 =>  -79.9741601796
HOST|-0.00002|0.29635|-0.15709|0.02666|-0.30849|0.45710|-0.00846 =>  -79.4989903413
HOST|-0.00012|0.20805|0.04021|-0.06822|-0.00374|0.17932|0.95434 =>  211.632726288
SERVER|-0.00007|0.10025|0.10229|-0.10311|0.15605|0.23353|-0.22777 =>  -14.2502779848
HOST|-0.00005|-0.38384|0.00696|-0.08539|0.14424|0.07487|0.05167 =>  -10.3634379384
HOST|-0.00017|0.28264|-0.04943|0.03091|-0.27022|-0.13698|-0.04296 =>  -117.291764875
SERVER|0.00001|-0.12108|0.03134|0.00504|-0.34261|0.03521|-0.10331 =>  -195.987784316
HOST|-0.00002|0.02027|-0.36672|-0.14314|-0.14020|-0.26088|-0.09862 =>  -88.8196787511
HOST|0.00012|-0.52978|0.13347|0.14159|0.07924|0.37522|0.51099 =>  67.834444855
HOST|-0.00004|-0.22547|0.06811|-0.12718|-0.22230|-0.11725|0.41955 =>  -40.1031292446
SERVER|0.00009|-0.47400|0.05403|0.10460|0.05136|-0.23733|0.24548 =>  7.40554639322
HOST|-0.00003|0.19992|0.18660|0.00051|0.22612|-0.49312|-0.70348 =>  -67.3937039466
HOST|-0.00012|-0.72899|-0.09126|-0.04876|-0.02813|0.24156|-0.47244 =>  -257.669140028
SERVER|0.00020|0.15081|-0.11664|-0.08386|0.18983|-0.00662|-0.20162 =>  32.4950864078
HOST|0.00008|0.21266|0.03747|0.10755|-0.10745|0.01034|-0.17879 =>  -25.5672761732
SERVER|-0.00000|0.49787|-0.00636|-0.12072|0.14233|0.30479|0.12746 =>  134.509571578
SERVER|0.00001|0.10465|0.05559|0.00188|-0.18117|0.76876|0.25382 =>  -19.7862241808
SERVER|0.00001|0.24482|0.06857|0.13348|-0.08479|-0.47089|0.59334 =>  119.774479097
HOST|-0.00005|-0.14711|-0.01205|-0.02802|-0.03857|0.09422|-0.26514 =>  -106.991615323
HOST|0.00015|-0.52346|-0.13804|-0.10758|0.03564|0.18817|-0.18777 =>  -75.9935001624
SERVER|0.00016|0.51367|0.00047|-0.04698|0.22468|0.16531|0.31428 =>  233.375547016
HOST|-0.00021|0.20438|0.17736|-0.04173|0.00761|0.12872|-0.53176 =>  -133.813041049
SERVER|0.00008|0.03644|0.08970|-0.16625|-0.13047|0.85174|-0.04097 =>  -56.553573625
SERVER|-0.00006|-0.02463|-0.01336|0.02999|0.16900|-0.79173|-0.06226 =>  17.4294906702
SERVER|0.00017|-0.10869|-0.11731|-0.12886|0.02756|-0.51292|0.29536 =>  53.6236309418
HOST|-0.00002|-0.48321|-0.04190|0.00391|-0.11946|0.22430|-0.15988 =>  -174.968671337
SERVER|0.00010|0.02678|0.04924|0.07792|0.16459|0.35196|-0.71223 =>  -109.652567545
HOST|0.00024|0.06378|0.00117|-0.13371|-0.09214|0.19941|0.17561 =>  52.3225163753
HOST|0.00015|0.20238|-0.09069|-0.07623|0.00429|-0.70674|-0.28005 =>  -25.691183423
HOST|0.00005|-0.21996|-0.22290|0.04901|-0.16801|0.63001|0.66676 =>  55.8120907539
SERVER|-0.00008|-0.57452|-0.10324|-0.06232|0.08728|-0.44402|0.03380 =>  -95.2350782771
SERVER|-0.00008|-0.05178|-0.04516|0.17435|-0.05553|0.01146|-0.61953 =>  -202.665949134
HOST|0.00008|0.43475|0.19877|-0.02453|0.18226|-0.08266|-0.25017 =>  66.1977567324
HOST|-0.00005|-0.16749|0.28453|-0.02989|0.00371|-0.47914|-0.06682 =>  -37.4582265717
HOST|0.00008|0.56950|-0.02248|-0.04798|-0.10581|-0.05486|-0.38777 =>  -35.1281000224
HOST|0.00009|0.05252|0.07054|0.02193|0.05499|0.12836|0.04941 =>  45.9979781716
SERVER|0.00006|0.20650|-0.02754|-0.04793|0.00493|-0.11884|-0.17149 =>  -18.1830934069
SERVER|0.00022|0.47652|0.13009|0.00204|0.03371|-0.06326|0.45902 =>  187.216866075
SERVER|0.00014|0.26957|-0.18615|0.11343|-0.05466|-0.89685|-0.61847 =>  -147.723305496
SERVER|0.00006|0.23071|0.01558|-0.13787|-0.16498|0.18163|-0.64413 =>  -187.152106927
SERVER|0.00010|0.08780|-0.21216|0.06122|0.14183|0.03750|0.18105 =>  69.757871672
HOST|-0.00023|0.20711|0.02732|0.09695|-0.16429|-0.14608|0.19251 =>  -18.5377169722
HOST|-0.00012|-0.15411|-0.18104|0.02058|0.07042|-0.57362|0.12312 =>  -6.17100220867
SERVER|0.00012|-0.33997|-0.02686|0.12640|0.00403|-0.17658|-0.25945 =>  -120.814417112
