SERVER|0.00012|0.09407|0.21036|-0.07402|-0.02500|-0.49365|-0.66734 =>  -150.28987436
HOST|0.00021|-0.23137|0.31822|0.03950|-0.20064|0.54609|-1.10764 =>  -339.303200597
SERVER|-0.00009|0.31214|-0.23961|-0.02573|-0.03202|-0.22012|0.71735 =>  152.264239359
SERVER|0.00013|0.17256|0.09301|-0.10582|0.04014|0.00007|-0.09976 =>  10.6817736845
HOST|0.00002|-0.22614|-0.01317|0.20996|-0.29697|0.49387|-0.35711 =>  -226.665144218
SERVER|0.00002|-0.67117|-0.10140|0.16180|0.25797|0.22493|-0.01029 =>  -22.3327896206
HOST|-0.00006|-0.09684|-0.06167|-0.01747|0.18538|-0.06707|-0.33954 =>  -50.2759023558
HOST|0.00009|0.43108|-0.06753|-0.03728|0.02877|0.08543|-0.70674 =>  -83.1689545499
HOST|-0.00003|-0.07549|-0.16982|0.09669|-0.35891|0.09449|-0.36143 =>  -234.276880334
SERVER|-0.00000|-0.19099|0.24716|-0.04208|-0.06162|0.04164|0.27827 =>  -7.38821101145
SERVER|0.00009|-0.21544|-0.00459|-0.00325|0.33622|-0.24168|-0.18025 =>  49.7769802663
SERVER|-0.00005|0.01365|0.08532|0.05594|-0.17540|0.04883|0.25712 =>  -37.9826137437
HOST|-0.00016|-0.33265|-0.08076|-0.00732|-0.08459|-0.05975|-0.17346 =>  -156.523722326
HOST|0.00018|0.31950|-0.10702|-0.05402|-0.39428|0.04380|-0.25622 =>  -129.3517465
SERVER|-0.00014|0.55953|-0.02362|0.04463|-0.24588|-0.52236|-0.25192 =>  -126.889418556
HOST|-0.00020|-0.28034|0.00728|0.00042|0.13030|0.27517|0.03682 =>  -23.978880674
HOST|0.00002|0.10517|-0.15128|0.02432|0.07765|0.18974|0.31809 =>  99.3068416149
SERVER|0.00015|-0.23774|0.05055|0.04971|0.13354|-0.42798|-0.21758 =>  -41.7332524438
HOST|-0.00004|0.06370|-0.09168|-0.02965|0.13592|-0.16259|0.53876 =>  163.608901361
HOST|-0.00004|0.43381|0.03639|0.08272|0.10622|0.02727|0.24157 =>  145.586765835
HOST|0.00010|0.22380|-0.10246|-0.18468|-0.03599|-0.43422|-0.05830 =>  18.78833123
HOST|0.00003|-0.17697|-0.09497|-0.05427|-0.14439|-0.59275|0.03231 =>  -73.3177673543
HOST|0.00008|-0.16033|0.17313|0.09247|0.04662|0.09429|0.05547 =>  1.79927961025
SERVER|-0.00003|-0.23975|-0.22898|0.07516|0.13052|0.30334|0.29392 =>  56.1548917049
SERVER|0.00001|-0.31680|-0.12737|0.13957|0.02659|0.14723|0.26448 =>  -0.0672291465112
HOST|0.00008|-0.31490|0.17274|0.09159|-0.10878|-0.33468|0.05490 =>  -67.8011511888
HOST|0.00003|0.24728|-0.15150|0.04627|0.19837|-0.58121|-0.34180 =>  18.4854506621
SERVER|0.00002|-0.28911|-0.13838|0.16603|0.17538|0.01892|0.10394 =>  20.214974114
SERVER|0.00008|-0.03629|-0.06082|0.08177|-0.11659|-0.02422|0.11314 =>  -30.0484450878
HOST|-0.00016|0.00161|-0.17445|0.02009|0.00191|0.19117|0.42106 =>  60.8648956637
HOST|-0.00004|-0.18213|-0.01032|-0.15606|-0.16033|0.28993|0.59150 =>  43.6908502581
HOST|0.00021|-0.22774|-0.20174|0.03071|-0.25063|-0.39162|-0.01294 =>  -103.188430504
SERVER|0.00005|0.11047|-0.02702|0.01458|-0.07334|0.11646|-0.10188 =>  -51.8872383946
HOST|-0.00005|-0.53476|-0.00999|0.01325|-0.04039|-0.46155|0.38260 =>  -22.4460610277
SERVER|-0.00014|0.32319|-0.10593|0.04479|0.14414|-0.55901|-0.56347 =>  -91.5222695792
SERVER|0.00009|0.03358|-0.24373|0.12162|0.23513|-0.02838|0.00564 =>  83.6718307704
SERVER|-0.00013|0.14207|-0.27893|-0.05324|0.00415|-0.00046|-0.14107 =>  -49.5669146417
HOST|0.00006|-0.30685|0.10982|0.09989|-0.05149|-0.04009|-0.34216 =>  -147.877683468
SERVER|0.00027|0.18943|0.06758|-0.09009|-0.06231|-0.02709|0.55044 =>  144.467436707
HOST|-0.00008|0.30976|0.03591|0.14467|-0.01479|-0.25176|-0.16509 =>  -29.8325451384
HOST|-0.00010|0.05632|-0.03428|-0.07345|-0.00537|0.37891|-0.03597 =>  -41.8599445585
HOST|0.00010|0.13465|0.04521|-0.03255|0.15195|-0.31661|-0.06679 =>  75.4869424758
HOST|-0.00007|0.01160|0.30471|-0.12130|0.47960|-0.05545|0.08419 =>  172.906423041
HOST|-0.00000|-0.18150|0.17370|0.10130|0.22883|-0.12267|-0.53285 =>  -60.5916322769
HOST|0.00011|0.12031|0.10137|-0.01777|0.05050|0.10402|-0.06509 =>  40.3823218828
HOST|0.00006|0.45426|0.03239|-0.12870|0.17267|-0.41139|0.09390 =>  147.476775617
SERVER|0.00009|-0.19699|0.29707|-0.03985|0.00968|-0.50100|-0.84563 =>  -243.213424357
HOST|0.00003|0.01296|-0.03170|0.15643|-0.21618|-0.02614|-0.02960 =>  -85.8887684451
HOST|-0.00017|0.30812|0.05507|0.03190|0.28901|0.06530|0.33068 =>  183.240105883
HOST|-0.00011|0.33674|0.01789|-0.10787|-0.07055|0.31509|0.22012 =>  58.2308752915
HOST|-0.00006|-0.47001|0.17095|-0.17942|0.01240|-0.41046|0.09560 =>  -64.2447743233
SERVER|-0.00000|-0.21243|-0.06036|0.04908|0.11133|0.75724|-0.72039 =>  -186.697502794
HOST|-0.00006|-0.62640|-0.03103|-0.15734|0.21918|-0.62247|0.33528 =>  45.9018767719
SERVER|0.00000|-0.54991|0.18236|-0.00577|0.18877|-0.04879|-0.13228 =>  -84.0479912291
HOST|-0.00002|0.05450|0.02018|-0.13061|0.32832|0.33603|0.49277 =>  221.323980583
HOST|0.00007|-0.08349|-0.03428|0.01946|-0.20884|0.21881|-0.51428 =>  -206.088803749
HOST|0.00004|-0.20270|-0.03383|0.08091|-0.19361|-0.52241|-0.44853 =>  -212.803452075
HOST|-0.00001|-0.54255|0.13290|0.11023|0.09184|-1.05279|-0.06682 =>  -68.6497503896
SERVER|0.00011|0.19992|0.14454|0.02132|-0.22464|0.43422|0.15660 =>  -37.1070203527
SERVER|-0.00009|-0.12240|0.20379|0.05140|-0.10789|-0.15335|0.05684 =>  -89.1456493598
HOST|-0.00019|0.25348|-0.00061|-0.01288|-0.01201|-0.16767|-0.11870 =>  -40.3742392241
SERVER|0.00008|-0.14050|0.01996|0.10725|-0.18968|0.37138|0.12430 =>  -80.8673275128
SERVER|-0.00008|0.21109|-0.05727|0.09282|0.50666|0.06461|0.36999 =>  263.125707017
SERVER|-0.00006|-0.05879|0.11511|0.00598|-0.27186|0.55058|0.03264 =>  -138.371241965
SERVER|0.00013|-0.38762|0.07184|-0.05934|0.19402|-0.31697|0.07463 =>  24.1459895958
SERVER|0.00004|-0.58441|0.11742|0.12732|0.56524|0.06118|0.26521 =>  167.008143019
HOST|0.00015|-0.27645|-0.07927|0.10379|0.01024|-0.24283|-0.30254 =>  -91.1898162581
HOST|0.00003|0.24278|-0.07096|-0.08896|-0.13139|-0.18107|-0.59876 =>  -153.573100437
SERVER|-0.00014|-0.32733|-0.01084|-0.01963|-0.15887|0.07394|-0.20537 =>  -215.196564801
SERVER|-0.00001|0.05376|-0.25531|-0.15328|-0.03714|0.38835|0.19573 =>  -5.10672917362
SERVER|0.00012|0.16017|-0.17002|-0.02337|-0.09014|-0.50800|0.48629 =>  90.3556099068
HOST|0.00016|0.65856|-0.09069|-0.00672|0.33577|-0.17015|-0.14456 =>  200.468870062
SERVER|0.00010|-0.15340|0.11746|-0.10288|-0.29778|-0.03610|0.93783 =>  76.5445104207
HOST|0.00009|0.12687|0.00830|-0.06434|-0.39646|0.20557|0.10262 =>  -98.1645803348
SERVER|-0.00004|0.14314|0.24004|0.01622|0.12368|-0.34442|0.24002 =>  87.664868773
HOST|0.00016|0.71801|0.04909|0.06785|-0.11513|0.27553|0.43440 =>  177.464224783
SERVER|0.00011|-0.08797|0.02963|-0.21531|0.43289|-0.33057|1.05469 =>  380.25564436
SERVER|0.00010|-0.38217|-0.08936|-0.03025|-0.14970|-0.33732|-0.27056 =>  -168.339539461
SERVER|-0.00013|-0.43954|0.10375|-0.13399|-0.26531|-0.02494|0.46417 =>  -106.859326616
HOST|-0.00001|0.24559|-0.06723|0.00979|-0.19247|0.27243|-0.53139 =>  -172.053466527
HOST|-0.00012|0.06385|0.12365|0.05620|0.30583|-0.63849|-0.38220 =>  -9.56259917389
HOST|0.00014|-0.62711|0.04191|0.00860|-0.07162|0.02410|-0.11264 =>  -126.636513773
HOST|0.00002|-0.13127|0.13776|0.09120|-0.02999|-0.09460|0.06834 =>  -18.2904984153
HOST|0.00007|0.56501|-0.07588|0.00438|-0.01475|-0.33245|-0.31214 =>  1.66573904838
HOST|0.00004|0.38371|-0.25605|0.09156|0.32970|0.02435|-0.20204 =>  115.436019601
SERVER|0.00000|-0.40361|-0.05039|-0.04380|-0.00347|-0.29984|0.52724 =>  23.6748223779
SERVER|-0.00008|-0.11862|0.16428|-0.08106|-0.36942|-0.12724|-0.18198 =>  -231.505577449
HOST|0.00002|0.31874|0.16778|-0.05605|0.02520|-0.16335|-0.08022 =>  40.2413125079
HOST|-0.00004|0.07235|-0.06001|-0.06675|0.05919|-0.27361|-0.25198 =>  -41.4243541711
HOST|0.00008|0.03643|-0.28388|0.11096|0.38584|0.35213|0.60306 =>  296.232778414
HOST|0.00020|-0.02647|-0.05190|-0.05782|0.17411|-0.01732|-0.05979 =>  58.853842892
HOST|0.00019|-0.11458|0.02452|-0.08454|0.00382|0.53261|-0.42507 =>  -96.0211882871
SERVER|0.00007|-0.24329|0.04078|0.08913|-0.10392|-0.05103|-0.42878 =>  -182.394389743
SERVER|0.00000|0.05940|-0.08561|-0.02949|0.28308|0.18092|0.06872 =>  96.2076061596
SERVER|0.00008|0.21852|0.08063|-0.17878|0.27092|-0.57577|0.04009 =>  123.094760136
HOST|-0.00001|0.43313|-0.13499|-0.05680|0.01397|-0.20876|0.73171 =>  207.197308215
HOST|0.00014|-0.01342|-0.03766|0.04200|-0.23381|-0.19024|0.12520 =>  -60.484272361
SERVER|-0.00004|0.00906|0.02673|0.19062|-0.01276|-0.14982|-0.15176 =>  -78.4575753807
SERVER|0.00009|0.25074|-0.03258|0.09972|0.30091|-0.18098|-0.57369 =>  -0.539955050403
HOST|0.00012|0.30182|-0.14292|-0.08579|-0.10826|0.39467|0.30373 =>  77.1679499271
SERVER|-0.00010|0.19937|0.06177|0.00039|0.19593|0.31370|0.40383 =>  140.669675571
SERVER|0.00004|0.41808|0.02052|-0.06311|-0.11552|-0.28271|-0.14334 =>  -43.6260798467
HOST|-0.00012|-0.11482|0.08311|0.11968|-0.07651|-0.10784|0.06682 =>  -61.9499204934
SERVER|-0.00006|0.05213|0.10476|-0.21233|0.38021|-0.47339|0.07760 =>  130.308753426
SERVER|0.00007|-0.39180|-0.10283|0.12405|0.28602|0.07448|-0.26029 =>  -35.6917956171
SERVER|0.00003|-0.21991|0.17390|-0.11073|0.30174|0.27663|-0.17004 =>  19.5522560696
HOST|0.00001|-0.16240|-0.31626|0.03740|0.21064|-0.12276|-0.04112 =>  36.5589533888
SERVER|-0.00004|-0.14100|0.08290|0.02043|0.03491|0.90663|0.50226 =>  85.8215690754
HOST|-0.00000|-0.14334|-0.04078|0.04159|-0.32895|-0.28077|0.43716 =>  -46.4236797325
SERVER|-0.00003|-0.19260|0.07731|-0.13341|0.18091|0.15365|-0.04535 =>  1.89801336341
SERVER|0.00002|0.03346|-0.07586|-0.01168|0.07634|0.39525|-0.41933 =>  -84.4295662962
HOST|-0.00003|0.29636|-0.09463|-0.14495|0.08971|-0.08993|0.17188 =>  104.094796237
HOST|-0.00001|0.21036|-0.06268|-0.03322|-0.09556|-0.39412|0.25424 =>  35.4457695031
HOST|-0.00001|0.48888|-0.01492|0.02395|-0.07813|0.50160|0.10687 =>  67.3874727737
HOST|0.00011|0.18748|-0.22604|-0.02903|-0.07318|-0.05959|-0.07256 =>  5.19745030357
HOST|0.00001|0.17213|0.08976|0.05823|-0.04045|0.25520|0.02143 =>  10.6097612848
SERVER|0.00018|-0.23037|-0.18953|-0.10744|-0.17731|-0.50892|-0.10721 =>  -107.601697681
SERVER|-0.00002|-0.23711|-0.17539|-0.13338|0.13265|-0.42386|0.25535 =>  56.1793175264
SERVER|0.00010|0.52467|0.19733|0.06000|0.01424|-0.44553|0.14132 =>  99.0117568783
SERVER|0.00015|0.14736|0.00535|-0.02551|-0.12677|-0.09129|0.63353 =>  121.104509027
HOST|0.00007|0.21392|0.05921|0.12372|0.15496|-0.09942|-0.04562 =>  71.9453399016
SERVER|-0.00004|0.17145|-0.11517|-0.08126|0.06801|0.24649|0.10735 =>  32.0233209351
HOST|0.00004|0.02879|0.16108|-0.07934|0.12725|0.02750|-0.29308 =>  -15.6571818584
HOST|-0.00000|0.04872|-0.02146|-0.08367|0.09431|0.19668|-0.06799 =>  9.84230420653
SERVER|0.00005|-0.20442|-0.12269|-0.12329|0.01618|-0.06661|-0.08911 =>  -79.2290954389
SERVER|0.00014|-0.25574|0.01202|0.20027|-0.38167|0.01327|-0.15173 =>  -217.094754016
HOST|-0.00017|-0.54210|0.02589|-0.05292|-0.07019|-0.19299|-0.45985 =>  -250.062635612
HOST|-0.00007|-0.24308|0.03270|-0.12331|0.14890|0.44849|-0.32837 =>  -91.9101965385
SERVER|0.00004|-0.09040|-0.05566|-0.14262|-0.13370|0.53442|0.21528 =>  -36.062335161
SERVER|0.00027|0.04117|0.11491|-0.06089|-0.03618|-0.11308|-0.00325 =>  5.67445924765
SERVER|0.00015|0.13210|-0.10353|0.10839|0.10151|-0.47148|0.37016 =>  145.342640809
SERVER|0.00012|-0.42542|0.06377|0.04197|-0.36607|0.48702|-0.37714 =>  -288.344566889
SERVER|0.00023|-0.15080|-0.23071|-0.05028|-0.16887|0.05685|-0.89986 =>  -270.270724616
HOST|-0.00001|-0.19711|-0.12229|0.05404|0.34801|-0.19342|-0.16115 =>  31.9259556867
SERVER|-0.00003|0.34246|0.18923|-0.03071|-0.00546|-0.02742|0.18861 =>  64.1570348559
HOST|0.00002|-0.13907|0.15460|0.03945|-0.03715|0.41394|0.59427 =>  112.135088902
SERVER|0.00005|0.17626|0.06633|0.03953|0.04938|0.59690|0.05904 =>  36.0414107393
SERVER|0.00005|-0.09525|0.00665|-0.01407|0.04223|-0.06730|-0.51525 =>  -141.725267311
HOST|-0.00009|-0.10057|0.04101|-0.12867|-0.10922|-0.62969|0.05513 =>  -80.6810577916
HOST|0.00008|0.15807|0.07023|0.15106|-0.10481|-1.26407|-0.31276 =>  -58.116942714
HOST|-0.00004|-0.20057|-0.04384|0.05577|0.06974|0.57916|0.25693 =>  33.5640844295
HOST|-0.00004|0.11183|-0.01877|-0.08983|-0.09750|-0.41244|-0.35841 =>  -118.154894724
HOST|0.00004|-0.05767|-0.13759|0.12380|-0.15397|-0.05182|0.25340 =>  -0.255993126775
SERVER|-0.00005|0.30125|0.09403|0.10536|0.07202|0.34478|0.30083 =>  104.490698053
HOST|-0.00028|-0.23843|0.14598|0.13085|-0.12726|0.60040|-0.06610 =>  -157.460219149
SERVER|-0.00015|0.42423|0.13295|0.12236|0.13311|0.00683|0.15920 =>  94.9114509905
HOST|-0.00005|-0.14688|-0.03749|-0.04395|-0.08217|0.07452|-0.04676 =>  -78.5641920675
SERVER|0.00005|-0.39087|-0.00948|-0.07800|0.23337|-0.06642|-0.13094 =>  -27.4436966815
HOST|0.00017|0.11852|-0.18680|-0.04734|0.01715|-0.09848|-0.19519 =>  0.60653401737
SERVER|-0.00004|-0.24165|0.20147|-0.05571|0.12971|0.10503|0.14222 =>  13.4091080066
SERVER|-0.00010|-0.56101|0.07637|0.12271|-0.10376|0.05074|0.07748 =>  -148.557383084
SERVER|0.00008|-0.53526|-0.03668|0.09957|-0.24794|0.37188|-0.27887 =>  -264.855243407
HOST|0.00004|0.21071|0.10309|0.00516|-0.08219|0.31376|-0.17071 =>  -42.1356553329
SERVER|0.00007|-0.45260|-0.11982|-0.05634|0.01550|0.20298|0.74110 =>  101.239144944
HOST|-0.00002|0.26547|-0.24946|0.12527|-0.00479|0.12292|0.16315 =>  63.8090910002
HOST|0.00014|-0.40072|0.13186|-0.09032|-0.03337|0.09237|-0.06300 =>  -81.1770464294
SERVER|-0.00003|0.39526|0.21093|0.08035|0.15272|-0.10469|-0.21199 =>  32.1252328754
HOST|0.00022|0.15154|-0.11553|-0.00846|0.07728|-0.71061|0.59917 =>  210.2165893
HOST|0.00002|0.07671|-0.04682|-0.20986|-0.19391|-0.12870|-0.30473 =>  -142.438922533
SERVER|-0.00008|-0.20520|-0.09806|0.05805|0.09810|-0.55191|0.32604 =>  36.3150267216
HOST|0.00007|0.11185|-0.11152|0.12358|0.05280|0.10560|0.45949 =>  134.28278905
HOST|0.00003|-0.86996|0.10387|-0.10440|-0.21989|0.07028|-0.01494 =>  -213.75099868
SERVER|0.00007|0.51156|0.07682|-0.13429|0.25044|-0.48263|0.58792 =>  280.055361146
HOST|-0.00026|-0.11326|0.21252|0.04587|0.15746|-0.30652|0.73703 =>  157.244518852
HOST|0.00006|-0.29069|0.05505|-0.17977|-0.00870|-0.26628|-0.12737 =>  -88.2347241579
HOST|0.00015|0.31378|0.04634|-0.00258|0.23826|-1.01687|0.21695 =>  187.136054049
SERVER|-0.00004|0.78644|0.13937|-0.05267|-0.13228|-0.01943|0.07944 =>  39.5631536576
HOST|0.00006|0.01150|0.08344|0.10891|-0.24655|-0.37518|0.26573 =>  -29.8482585161
SERVER|-0.00004|0.11061|-0.33878|-0.05140|0.14423|0.20913|0.74385 =>  199.212459439
SERVER|0.00010|0.07425|-0.03987|-0.18318|0.47464|0.51937|-0.58905 =>  47.1891450632
SERVER|-0.00023|0.02006|0.27716|0.06371|0.09066|-0.37957|-0.17187 =>  -80.9912732932
HOST|-0.00006|-0.24811|0.04989|-0.00828|0.12374|-0.73072|0.34654 =>  72.4548745414
SERVER|-0.00004|0.09258|-0.12579|0.04457|-0.00615|0.30635|-0.85513 =>  -225.816242233
HOST|0.00010|0.06957|0.11557|0.03063|-0.13609|0.41757|0.76367 =>  142.65610415
SERVER|-0.00011|-0.16004|0.01389|-0.12175|0.25166|0.04293|0.03447 =>  18.6146053935
HOST|-0.00005|0.01220|-0.00623|-0.11631|0.07946|0.20022|-0.25322 =>  -44.1450509597
HOST|-0.00007|-0.02791|-0.05068|-0.10323|-0.04299|-0.01651|0.41963 =>  47.6969314409
SERVER|-0.00002|-0.36295|0.00887|-0.02934|0.11679|0.00609|0.38998 =>  36.5344215766
SERVER|0.00011|-0.11028|0.19442|-0.01357|0.24530|-0.10444|-0.10987 =>  50.2367511139
HOST|-0.00012|-0.18961|-0.02656|0.13495|0.10055|-0.10585|-0.61585 =>  -156.108501558
SERVER|0.00023|-0.79118|-0.19415|-0.12854|-0.37372|-0.63251|0.57184 =>  -113.975783617
SERVER|0.00016|0.03754|0.00423|0.15562|0.10022|0.06756|0.25897 =>  119.478120768
HOST|-0.00006|-0.37245|-0.01419|-0.06741|-0.00894|0.37604|0.11002 =>  -57.8843631121
HOST|-0.00001|0.50288|-0.22950|0.13307|-0.08191|-0.14675|0.28793 =>  85.2924659337
HOST|0.00008|-0.43577|-0.11452|-0.05696|0.04941|-0.13904|0.59054 =>  100.686855771
SERVER|-0.00001|0.34085|0.20819|0.15472|0.14952|-0.25233|-0.67430 =>  -92.37835285
HOST|0.00011|0.79384|-0.04272|-0.01181|0.06197|0.43646|0.14243 =>  170.674178293
SERVER|-0.00004|0.07545|-0.06485|-0.07317|0.19106|-0.14419|-0.16195 =>  0.867473692263
SERVER|0.00015|0.31362|0.16247|-0.17396|0.09076|-0.17088|0.05802 =>  80.3880087432
HOST|0.00007|-0.35472|0.08563|-0.05287|-0.11735|-0.55182|-0.36575 =>  -160.097525256
SERVER|0.00020|0.28296|-0.08464|0.00045|-0.37125|0.15960|-0.17973 =>  -135.682821312
SERVER|-0.00003|-0.37609|0.13013|0.04329|0.02162|-0.25225|0.76580 =>  98.3948314605
SERVER|-0.00007|-0.52746|0.20197|-0.20233|-0.22030|-0.74495|0.10394 =>  -173.050392094
HOST|-0.00012|-0.39305|-0.26895|-0.08197|0.04380|-0.03171|-0.17431 =>  -106.266648335
SERVER|-0.00029|-0.71645|0.26301|-0.00232|0.24741|-0.60195|0.35249 =>  -18.8724403516
HOST|0.00005|0.05105|0.04573|0.04924|-0.04058|-0.39509|-0.01327 =>  -15.2728202251
SERVER|-0.00002|-0.33768|0.12891|0.00279|-0.13346|0.03484|-0.56767 =>  -274.63638175
SERVER|0.00019|0.23480|-0.04199|-0.07428|0.02093|0.47939|0.47656 =>  142.789825612
HOST|0.00004|0.08059|-0.05368|-0.03346|0.07880|-0.26735|0.10259 =>  57.9941059305
HOST|-0.00014|0.47221|-0.06498|-0.05897|-0.03912|-0.12105|0.20687 =>  72.4340362086
SERVER|-0.00016|0.74280|0.19052|0.05095|0.13124|-0.16364|-1.24114 =>  -171.994831102
HOST|0.00004|0.20693|-0.02613|-0.04490|-0.14047|0.67273|0.12668 =>  1.82059574907
SERVER|-0.00006|0.01449|-0.18451|-0.01537|0.18454|0.41073|0.07395 =>  55.6894911385
SERVER|-0.00022|-0.17935|-0.05313|-0.08283|0.27709|-0.00466|0.33587 =>  92.3274603295
SERVER|-0.00012|0.14091|0.06258|-0.03372|-0.00732|-0.14892|-0.32094 =>  -102.408137873
SERVER|0.00022|-0.10421|-0.04875|-0.02894|-0.02029|0.57175|-0.88783 =>  -236.89206316
HOST|-0.00013|-0.00997|0.25665|0.08299|0.13334|-0.04150|-0.46034 =>  -103.978937222
HOST|-0.00006|-0.01782|-0.06340|-0.00163|-0.15365|0.70753|0.38461 =>  4.09811477374
SERVER|0.00017|-0.14860|-0.09162|-0.15176|0.11269|-0.05549|-0.01096 =>  12.8491529758
SERVER|0.00005|0.14491|-0.10771|-0.10533|0.01513|0.80747|0.27933 =>  63.9858945531
HOST|-0.00004|-0.06330|0.15030|-0.16540|-0.19315|0.05297|-0.43614 =>  -200.808580505
SERVER|0.00010|-0.24586|-0.03166|-0.02875|0.00744|0.25663|0.80567 =>  139.79691881
HOST|0.00002|-0.15654|0.07365|0.03102|0.12170|0.38894|-0.17496 =>  -30.370357757
HOST|-0.00005|-0.02124|-0.06720|0.14178|0.13563|-0.60169|-0.16258 =>  -4.5298784415
SERVER|0.00003|0.48325|0.03608|0.00506|-0.21919|0.25936|-0.31344 =>  -97.0941458332
HOST|-0.00013|-0.17701|-0.15726|-0.05499|0.35666|0.31832|0.12221 =>  89.0399826829
SERVER|0.00004|-0.00157|-0.08205|0.08610|-0.14004|0.47646|-0.11287 =>  -103.346734968
HOST|0.00014|0.51863|0.17123|-0.04958|0.18995|0.47622|-0.09744 =>  130.722212509
SERVER|-0.00003|0.48302|-0.26617|0.01119|-0.17252|0.90385|-0.03594 =>  -27.0147053479
SERVER|-0.00014|-0.12966|0.13646|0.07139|-0.18802|-0.03227|-0.40408 =>  -236.41971413
SERVER|0.00018|-0.46149|-0.08555|0.09152|0.29137|-0.18904|0.61929 =>  177.432092743
SERVER|0.00005|0.07784|-0.04855|0.11842|0.21363|-0.12679|0.21903 =>  117.447925931
SERVER|0.00001|0.08302|-0.04169|-0.12320|0.55868|-0.80891|-0.89948 =>  -21.3425320782
SERVER|-0.00008|-0.71907|-0.11585|0.06921|-0.35436|-0.00382|-0.08075 =>  -293.810794361
SERVER|-0.00014|-0.44159|0.14373|-0.00732|0.24765|0.58031|-0.04363 =>  -40.7704034365
HOST|0.00010|0.15951|-0.02684|0.15461|0.01681|0.02885|0.23724 =>  86.0155502733
SERVER|0.00008|-0.29815|-0.10327|-0.05504|-0.14388|0.03382|0.13675 =>  -76.477630401
SERVER|0.00001|0.04398|-0.06369|-0.02376|0.16099|0.34379|-0.42909 =>  -69.3364640536
HOST|0.00000|-0.22447|-0.30326|-0.02300|-0.08546|0.30205|-0.54488 =>  -198.854402854
SERVER|0.00003|-0.45780|0.00657|-0.03392|0.10536|-0.58217|0.04405 =>  -29.8235933124
HOST|0.00004|0.05452|-0.14571|-0.14009|0.22893|0.12337|-0.60188 =>  -59.8041716858
SERVER|-0.00018|-0.47367|-0.07401|-0.10133|0.16382|-0.52938|0.32087 =>  9.84847181382
SERVER|-0.00019|-0.18308|-0.15446|0.12277|0.05613|0.30890|-0.69536 =>  -217.272848967
SERVER|-0.00008|-0.14080|-0.07462|-0.25965|-0.21939|0.20157|0.03196 =>  -127.717543986
HOST|-0.00001|0.10869|-0.15676|-0.03855|-0.27758|0.21302|-0.16383 =>  -135.770106011
HOST|-0.00005|0.39887|0.08964|0.00940|0.11190|-0.20976|0.07638 =>  94.6189972856
HOST|-0.00002|0.18327|-0.05137|-0.19893|-0.09261|-0.36536|-0.79124 =>  -212.044403261
HOST|-0.00008|-0.11375|0.20357|0.04664|0.16412|-0.38273|-0.11043 =>  -11.7839467489
SERVER|-0.00009|0.26919|0.11379|0.05120|-0.07413|0.07283|-0.33102 =>  -126.786014581
SERVER|-0.00003|-0.04713|-0.31877|0.01706|0.17457|0.16313|-0.24611 =>  -40.0005335903
HOST|0.00022|0.36299|-0.21149|-0.01089|0.23554|0.02885|-0.07393 =>  154.144436994
SERVER|0.00012|-0.15891|0.09998|-0.05118|-0.05780|0.55956|-0.20953 =>  -95.9497151974
HOST|0.00007|0.12372|0.10388|0.06774|0.09269|0.26435|0.43147 =>  147.91232661
HOST|-0.00018|-0.44163|0.03395|0.04682|-0.12664|0.25497|-0.55990 =>  -284.547518531
SERVER|0.00020|0.25600|0.03470|0.04709|-0.21996|0.07431|-0.39282 =>  -118.939427463
HOST|-0.00005|0.11254|0.16768|0.00094|0.14519|-0.47872|0.39963 =>  140.113817444
SERVER|-0.00029|-0.10795|-0.08175|0.00513|0.03677|0.02782|0.40280 =>  7.84804202226
HOST|-0.00001|-0.06846|-0.01493|0.21127|-0.24381|0.39534|-0.58463 =>  -241.642267577
SERVER|0.00021|0.10479|0.15091|-0.03267|-0.47565|0.06450|0.05669 =>  -134.369253909
SERVER|-0.00009|0.59242|0.31129|0.12881|-0.04037|-0.21225|-0.04404 =>  15.0450662883
SERVER|-0.00001|-0.19781|-0.08984|0.00195|-0.26495|0.79338|-0.28456 =>  -209.514576425
SERVER|0.00007|-0.35626|0.06972|0.09391|0.03094|-0.34786|-0.07234 =>  -56.8680724136
HOST|0.00005|0.27867|-0.17125|0.05874|0.19514|0.64972|0.08404 =>  133.560694335
HOST|-0.00011|-0.30639|-0.06595|-0.09569|-0.01444|0.51117|0.30638 =>  -10.6339671709
SERVER|-0.00032|-0.71183|-0.10160|0.05153|-0.06871|-0.48199|-0.28189 =>  -269.417494905
HOST|-0.00004|-0.69024|0.03117|0.04534|-0.52239|0.48019|0.20448 =>  -253.470393962
SERVER|-0.00001|0.06707|-0.09392|-0.01866|-0.17465|0.05884|0.29195 =>  -30.8949245729
SERVER|-0.00006|-0.02777|0.31207|-0.09390|-0.10903|-0.16795|0.04912 =>  -66.7741808863
HOST|0.00027|-0.22719|-0.21258|0.07740|-0.07518|-0.53257|0.17445 =>  20.856214047
HOST|0.00015|-0.15747|0.03594|-0.08455|-0.32555|-0.87386|-0.06182 =>  -132.487354021
SERVER|-0.00005|0.08743|-0.40623|0.02583|-0.01577|0.15816|0.04809 =>  -21.468579913
SERVER|-0.00003|0.04095|-0.07756|0.01568|-0.12527|-0.53696|-0.40876 =>  -162.967332103
SERVER|-0.00010|-0.15945|0.01650|-0.01191|0.20609|-0.14228|0.64356 =>  145.365962427
HOST|0.00006|-0.32006|0.15657|0.14675|0.28044|0.02705|-0.24137 =>  1.57471194528
HOST|-0.00005|0.21491|-0.02103|0.07753|-0.02234|-0.54253|0.10984 =>  28.9183834422
HOST|-0.00011|-0.32497|-0.01162|0.07603|0.10373|0.29079|0.14018 =>  0.482381063642
HOST|-0.00030|0.22470|0.03196|0.02430|-0.17684|0.04026|0.38292 =>  2.4340348894
SERVER|0.00013|0.09190|-0.23108|0.30441|-0.12287|0.38012|0.11756 =>  -14.6468486948
SERVER|0.00034|0.41617|0.12270|-0.23247|0.25443|-0.69387|0.11688 =>  192.534230453
HOST|0.00004|0.66331|0.06365|0.18822|0.20261|-0.08158|-0.02144 =>  160.674204635
SERVER|-0.00006|-0.22300|-0.00838|0.03936|0.01880|0.15194|0.75123 =>  102.23817917
SERVER|-0.00019|0.19030|0.05775|0.11360|-0.04672|-0.42946|-0.37446 =>  -122.123126236
SERVER|-0.00004|0.04795|0.08255|0.07077|-0.20502|-0.01673|-0.05918 =>  -110.48812265
HOST|-0.00018|-0.00383|0.12068|0.01167|0.04485|0.02834|-0.61328 =>  -176.019169725
HOST|-0.00024|0.14871|0.07763|-0.07238|0.12218|-0.40255|-0.17473 =>  -33.827713153
HOST|0.00001|-0.35119|-0.07129|-0.14177|0.14715|0.14941|-0.75832 =>  -181.464309186
SERVER|0.00007|0.39626|-0.00078|-0.11793|0.08460|-0.33550|0.29560 =>  134.559806648
SERVER|-0.00000|0.04279|-0.10396|-0.12835|0.15407|-0.38935|0.15425 =>  80.4322636644
SERVER|-0.00008|-0.30049|0.26184|0.10956|-0.10609|-0.08847|0.80469 =>  66.9127292406
SERVER|-0.00002|0.19712|0.13460|-0.04406|-0.19188|-0.24439|-0.53427 =>  -200.742607668
SERVER|0.00002|0.25601|-0.21925|0.02789|0.20053|0.27539|0.32557 =>  153.613611346
SERVER|0.00003|0.52955|0.16527|0.13534|0.16645|-0.74829|0.60271 =>  241.044806147
SERVER|-0.00007|0.36350|-0.19916|0.11898|-0.11415|-0.19041|0.56880 =>  94.6557440583
SERVER|0.00002|-0.04979|0.15758|-0.08186|-0.14116|-0.06245|-0.02681 =>  -93.9357930263
SERVER|0.00005|-0.00415|-0.09448|0.10154|-0.32614|-0.48179|0.22851 =>  -69.8597703637
HOST|-0.00010|-0.03598|0.05804|-0.03379|-0.33030|0.16069|0.37741 =>  -59.8534224108
HOST|-0.00005|-0.04068|-0.00158|0.08200|-0.12944|-0.20135|-0.70109 =>  -236.934260467
HOST|0.00000|-0.39357|0.05626|0.02871|0.07025|0.01021|0.92242 =>  179.112649575
SERVER|-0.00006|0.00232|-0.23134|-0.04810|0.00758|-0.51143|1.05420 =>  205.349536354
SERVER|0.00005|0.78857|0.04443|0.04443|0.01477|-0.44414|-0.14602 =>  82.8571189995
HOST|-0.00017|-0.34355|0.12925|-0.11401|0.06230|0.01668|0.45758 =>  48.3382162885
SERVER|-0.00001|0.21402|0.04541|0.00811|0.26608|-0.45045|1.12756 =>  370.622768312
SERVER|-0.00018|0.06132|0.00835|-0.01851|0.07629|-0.02857|0.01905 =>  -7.14501469248
SERVER|0.00008|0.30310|-0.03795|0.02042|-0.49807|0.05507|0.12267 =>  -127.703355666
SERVER|-0.00004|0.21824|-0.03183|-0.07132|0.00793|0.43830|0.55399 =>  108.049397969
HOST|0.00001|-0.25602|0.15935|0.03419|0.01126|0.31176|-0.12390 =>  -58.4668363414
HOST|-0.00010|0.10393|-0.26658|0.01171|-0.08507|-0.11273|-0.06315 =>  -54.1228885698
HOST|-0.00009|-0.36603|-0.11969|-0.03282|0.05024|-0.34450|0.47562 =>  50.5172468619
HOST|0.00012|-0.26781|0.10670|-0.08683|-0.15063|-0.00381|0.25380 =>  -33.0967184778
HOST|0.00004|-0.12577|-0.15050|0.03580|-0.04351|0.25727|-0.53644 =>  -153.680278661
SERVER|0.00013|-0.14056|-0.13139|-0.13657|-0.06427|-0.84603|0.04295 =>  -33.318398263
HOST|0.00005|0.32914|-0.03457|0.00923|-0.10482|-0.18259|0.08923 =>  20.8756828317
SERVER|0.00001|0.04017|-0.16516|0.00818|-0.11829|-0.00842|-0.05604 =>  -76.4503642568
HOST|-0.00001|0.13852|0.17673|-0.02927|0.21821|-0.40271|0.13007 =>  110.10395343
HOST|0.00018|0.09680|0.18399|-0.02329|-0.13333|-0.13500|0.29570 =>  56.4471035528
SERVER|-0.00000|-0.28094|0.14327|0.03160|-0.00026|0.23960|-0.61391 =>  -209.698568528
HOST|-0.00019|-0.24361|0.12297|-0.01291|-0.06300|0.61175|0.10972 =>  -72.1520476817
HOST|-0.00002|0.51171|-0.21108|-0.05689|-0.17695|-0.44642|0.37851 =>  73.1318990773
HOST|-0.00001|0.50592|-0.14178|-0.05308|-0.21896|-0.07567|0.22172 =>  28.3598526251
HOST|-0.00003|-0.19563|-0.04360|0.04403|-0.30826|-0.64617|0.42755 =>  -54.8928811742
SERVER|0.00006|-0.01922|0.04970|-0.02879|0.06862|0.03736|0.29829 =>  61.9479783434
SERVER|0.00013|-0.28032|0.05384|0.05653|-0.10636|-0.38705|0.24344 =>  -17.6608509033
SERVER|-0.00010|-0.18464|-0.18843|-0.00682|-0.22007|0.33856|0.78738 =>  17.3279729052
HOST|0.00008|-0.46246|0.09868|0.06876|0.30643|-0.02543|-0.49174 =>  -59.5791071346
HOST|0.00004|0.40185|-0.14569|-0.03425|0.15376|0.16722|-0.62568 =>  -39.8233872053
HOST|-0.00008|0.26312|-0.32295|0.02948|-0.28479|0.57817|0.63351 =>  45.2747772959
HOST|-0.00000|-0.31997|0.11265|-0.09747|0.02599|0.45920|1.02878 =>  183.989560398
HOST|-0.00004|0.02323|-0.11346|-0.01542|0.18902|-0.07373|0.27921 =>  118.166951297
HOST|0.00003|-0.12130|-0.04841|0.13139|0.27714|0.78539|0.25922 =>  142.384277931
HOST|0.00015|0.15147|-0.12096|0.05243|0.21859|0.14927|0.47639 =>  211.77685209
SERVER|-0.00008|0.30696|0.09196|-0.06074|0.47260|-0.25570|-0.35473 =>  90.7069779262
HOST|0.00004|0.10701|-0.24363|-0.03138|0.05007|-0.14819|0.77405 =>  203.31393524
SERVER|0.00006|0.21097|0.19912|0.03454|0.04977|-0.63638|0.54457 =>  152.258689186
HOST|0.00001|-0.10835|0.13757|-0.01511|-0.19871|-0.51261|-0.01379 =>  -82.8618544961
SERVER|0.00004|-0.60524|0.11667|-0.08352|-0.15846|-0.13816|0.65186 =>  -8.91970000701
HOST|-0.00001|0.22199|-0.30920|-0.01301|0.07058|0.27393|0.48370 =>  167.107778039
SERVER|-0.00002|0.14975|0.07270|-0.09145|-0.32056|-0.22557|0.15889 =>  -86.8370047493
HOST|-0.00008|-0.25200|-0.06667|-0.02557|-0.19760|0.60158|0.26129 =>  -80.4005661871
SERVER|-0.00004|0.28326|-0.02126|-0.16690|-0.08806|-0.20472|0.11544 =>  3.86965922085
SERVER|0.00003|-0.37103|-0.09708|-0.04685|-0.13966|0.04911|-0.31340 =>  -198.820417615
HOST|-0.00009|-0.25136|0.07428|-0.13084|0.05350|-0.14817|0.27592 =>  13.6364719138
SERVER|-0.00019|-0.22135|-0.25963|-0.02460|0.38848|-0.40616|0.36729 =>  146.06937513
SERVER|0.00001|0.24152|0.01848|0.08109|0.04810|0.11300|-0.51337 =>  -89.2107100516
SERVER|-0.00005|-0.26766|-0.00677|0.09846|-0.15037|-0.15901|0.01092 =>  -130.932195434
HOST|0.00018|-0.04307|-0.02741|0.15592|0.09636|-0.44824|-0.30784 =>  -17.7771728288
HOST|0.00006|-0.10439|-0.01939|0.16128|0.10789|0.18195|-1.36843 =>  -287.352302799
SERVER|0.00006|-0.82647|0.02765|-0.02471|0.16216|0.46024|-0.26620 =>  -135.421418605
HOST|0.00006|0.48591|0.01557|0.09098|0.14525|-0.09301|0.63265 =>  260.968459717
HOST|-0.00021|-0.36975|-0.03579|-0.00663|-0.10192|0.33317|-0.10529 =>  -164.961616029
SERVER|0.00005|-0.25189|0.08499|-0.09414|0.29461|-0.13888|0.10595 =>  78.915182959
HOST|-0.00004|0.56126|0.16914|-0.15353|0.02708|-0.06552|-0.14627 =>  29.3548355916
HOST|-0.00001|0.26599|0.32402|0.04518|0.30941|-0.26933|-0.65133 =>  -15.4790104645
SERVER|-0.00010|-0.23081|0.00474|0.12173|-0.21912|-0.08889|-0.36005 =>  -245.463959563
SERVER|-0.00012|0.03942|-0.04803|-0.16868|-0.12077|0.00052|-0.63945 =>  -237.196290917
SERVER|-0.00008|0.34239|0.41090|-0.09542|0.11224|0.04784|-0.17167 =>  14.3261519869
SERVER|-0.00025|-0.29676|-0.01584|0.07274|-0.08164|0.03085|0.03493 =>  -126.79666209
HOST|0.00005|0.02810|0.27505|-0.15481|-0.06307|-0.22793|-0.19801 =>  -63.4129671261
HOST|0.00018|-0.02102|0.05761|-0.17158|0.05243|-0.42464|-0.41299 =>  -66.3866303366
HOST|-0.00022|-0.01114|0.15797|0.05446|0.15448|0.58763|0.53760 =>  142.11604138
SERVER|-0.00007|-0.25943|0.14428|0.00477|-0.24398|0.52249|-0.53571 =>  -304.750367983
HOST|0.00020|0.18342|-0.04577|-0.08886|0.04204|-0.22193|-0.08024 =>  42.662955587
SERVER|-0.00016|-0.11846|0.01272|0.11936|-0.04962|0.55521|0.10992 =>  -54.2372459822
HOST|-0.00006|0.07958|0.05901|-0.07347|-0.11241|0.05126|-0.22155 =>  -98.5732089677
HOST|0.00016|0.01515|0.14687|0.15976|0.05641|-0.71391|-0.76424 =>  -135.870659526
SERVER|0.00010|0.42325|0.20457|0.17601|-0.18093|-0.36948|-0.26163 =>  -67.9062832492
SERVER|-0.00007|0.54264|-0.02452|0.09150|-0.01736|-0.55251|-0.07999 =>  7.69636214465
SERVER|0.00002|0.24323|-0.15687|-0.11301|-0.24022|-0.28557|-0.08091 =>  -88.7828472501
SERVER|0.00023|0.26778|0.18153|-0.08014|0.02207|-0.39192|-0.03571 =>  45.3185979879
SERVER|-0.00019|0.07851|0.13832|-0.20204|-0.03116|0.62142|0.11944 =>  -35.3388888321
SERVER|-0.00000|-0.48214|-0.02105|-0.04773|0.01933|-0.49148|0.47700 =>  9.56578437588
HOST|0.00003|0.08787|0.02338|-0.07642|0.03504|0.19005|-0.24241 =>  -30.589597296
HOST|0.00012|-0.26529|-0.02949|-0.24857|-0.15596|-0.29320|-0.52693 =>  -217.309383464
SERVER|0.00001|0.54619|-0.12977|-0.06966|-0.15716|-0.20899|0.17635 =>  43.945313832
SERVER|0.00020|0.03583|-0.04871|-0.09524|-0.01224|-0.01442|-0.48708 =>  -104.1894632
SERVER|-0.00009|0.28028|-0.01740|-0.13799|0.17798|-0.38915|-0.38277 =>  -26.3133598696
SERVER|-0.00011|-0.18373|0.22197|-0.14390|-0.03424|0.64654|0.13124 =>  -70.2095062207
SERVER|-0.00002|-0.18526|-0.02895|-0.07121|-0.08223|-0.43421|-0.01037 =>  -78.3542906366
HOST|0.00000|0.79832|-0.12716|0.07476|-0.21679|-0.02621|-0.22209 =>  -15.7695583013
HOST|0.00002|0.23498|-0.17555|0.05907|0.16611|-0.35382|0.11571 =>  120.194189894
SERVER|-0.00017|-0.09311|-0.04853|0.01702|0.14542|0.09925|0.43565 =>  73.5340599847
HOST|-0.00010|0.42913|0.10804|0.01377|0.08174|0.57314|-0.74935 =>  -97.0176099127
HOST|-0.00005|-0.77871|0.20717|-0.12966|-0.07611|-0.03925|-0.09791 =>  -181.838944418
HOST|0.00022|-0.53453|-0.18680|0.06924|0.26687|-0.44109|1.27616 =>  337.508265113
HOST|-0.00006|0.12974|0.10424|-0.10517|-0.12360|0.54332|0.69850 =>  117.727716652
SERVER|-0.00007|0.11875|0.20974|-0.08526|0.10250|-0.02253|0.22442 =>  34.7025298491
HOST|0.00023|-0.20771|-0.07061|-0.03664|0.16610|-0.59406|-0.27782 =>  -6.54501503204
SERVER|-0.00000|-0.23970|-0.26793|0.05007|-0.19319|0.00411|0.24267 =>  -74.870611312
HOST|0.00029|-0.28902|0.01889|0.02434|-0.26211|-0.03634|-0.57177 =>  -210.292352873
SERVER|-0.00014|0.10979|-0.19523|-0.01722|0.24721|0.24249|-0.06981 =>  47.9975443722
SERVER|-0.00002|-0.23246|-0.08215|0.00391|-0.11741|0.27143|-0.58546 =>  -244.941518475
SERVER|0.00007|-0.46702|0.27597|-0.00677|0.23964|0.40061|0.00727 =>  9.01377467011
HOST|0.00007|0.41715|-0.17478|-0.03472|0.14636|-0.12432|0.71395 =>  291.726540273
SERVER|-0.00004|-0.06775|0.00250|0.05476|0.06843|0.28966|0.18351 =>  18.4713255389
HOST|0.00001|-0.11072|0.05741|0.07455|0.26464|0.57977|-0.64423 =>  -79.664500461
HOST|-0.00012|0.10568|0.02475|-0.05613|0.01247|0.09748|0.85749 =>  183.5909997
SERVER|-0.00006|0.06471|-0.28694|-0.07553|-0.20507|0.25985|0.75070 =>  66.8162259119
SERVER|0.00013|0.00470|0.10881|0.07204|-0.09555|0.26913|-0.52821 =>  -158.776602419
SERVER|-0.00008|0.49821|0.00515|-0.02165|0.06952|0.06800|0.50479 =>  161.286057431
HOST|0.00005|-0.30059|-0.23306|-0.08498|0.00729|0.43529|-0.27437 =>  -117.035575098
SERVER|-0.00006|-0.44409|-0.03258|0.05725|-0.08888|0.42209|-0.02386 =>  -145.212687168
HOST|-0.00006|0.00345|-0.11724|0.06645|0.11607|0.28280|0.33194 =>  93.3474404661
HOST|0.00008|0.62322|-0.12678|-0.13705|0.00588|-0.08040|0.12752 =>  126.719650816
SERVER|-0.00004|0.05746|0.04463|-0.03168|0.32859|0.32198|0.58120 =>  234.38094261
HOST|-0.00014|0.25865|0.25474|0.08864|-0.31755|0.21801|0.52756 =>  2.64912632545
SERVER|-0.00007|-0.01203|-0.05221|0.05706|0.13993|0.21638|0.08224 =>  18.0532462743
SERVER|-0.00002|-0.26360|-0.01041|0.12170|0.31904|0.09517|0.98803 =>  271.580109985
HOST|0.00038|-0.16137|-0.02415|0.16277|0.03668|0.49453|-0.33520 =>  -37.0033568196
HOST|0.00017|-0.11382|0.05933|-0.02757|-0.01534|0.23450|-0.14970 =>  -49.9147106278
HOST|-0.00011|-0.17854|0.06531|-0.04352|-0.22569|-0.06310|-0.36183 =>  -226.708655548
HOST|0.00004|-0.19574|-0.15939|-0.09851|-0.00323|-0.17142|-0.26275 =>  -99.7198830153
HOST|-0.00006|-0.00190|0.14964|-0.05124|-0.12279|-0.51965|-0.09200 =>  -78.6429300255
HOST|-0.00004|0.15866|0.17243|0.06363|0.21482|0.16912|-0.15377 =>  42.205649115
SERVER|-0.00012|0.14486|-0.12443|-0.06899|-0.33828|0.30907|0.69565 =>  15.950242492
SERVER|0.00009|-0.14189|0.14601|-0.03079|-0.11432|-0.29162|0.08961 =>  -57.2435061087
SERVER|-0.00002|-0.23266|0.07419|0.14226|-0.01826|-0.28821|-0.27118 =>  -127.685393772
HOST|0.00001|-0.27288|0.00684|-0.20098|-0.16079|0.05719|-0.80964 =>  -298.143162789
SERVER|0.00009|-0.04949|-0.12649|0.01424|0.16864|-0.18864|0.58304 =>  170.406897584
SERVER|0.00014|-0.05755|0.04331|0.11584|-0.05455|-0.07546|-0.17000 =>  -71.2956643337
SERVER|-0.00002|-0.51431|-0.08726|0.08684|0.16382|0.41268|0.24318 =>  15.6930408176
HOST|0.00006|-0.37236|-0.03191|-0.04855|-0.15886|0.25613|0.70353 =>  50.1871132101
SERVER|-0.00004|0.04655|-0.19252|0.06532|-0.17940|-0.36220|0.60272 =>  42.1696075825
SERVER|-0.00001|0.48926|0.04472|0.08146|-0.12413|0.04716|-0.08838 =>  -37.4485541004
SERVER|-0.00013|-0.21482|0.09783|0.01301|-0.13308|0.51098|-0.55664 =>  -269.243664368
HOST|-0.00008|-0.12164|-0.06443|0.13906|0.09221|-0.01097|-0.33282 =>  -79.0869828163
HOST|0.00007|-0.21645|-0.12060|-0.11534|0.36688|0.14927|-0.07516 =>  83.7285845169
HOST|0.00005|0.45395|-0.19241|-0.08096|-0.13474|-0.01069|-0.20144 =>  -18.4102075079
HOST|0.00001|-0.55827|0.07195|0.01735|-0.17948|-0.28302|0.15651 =>  -125.823738806
SERVER|0.00019|0.07392|0.16670|0.03359|-0.14664|-0.22559|-0.50023 =>  -153.503647991
HOST|-0.00012|-0.29345|0.07607|0.01827|-0.01854|-0.30660|0.21495 =>  -25.854600091
HOST|-0.00013|-0.33864|0.27463|0.08521|-0.25844|0.41115|0.43336 =>  -77.1600840808
HOST|-0.00017|-0.30190|-0.10321|-0.03833|-0.09057|-0.50904|-0.27377 =>  -158.773982099
HOST|-0.00009|0.22963|-0.13716|0.13149|0.03284|-0.34406|0.12382 =>  37.0573864435
SERVER|-0.00014|-0.49067|-0.05726|0.01391|-0.14034|0.14354|-0.59761 =>  -303.242608867
HOST|0.00002|-0.02693|0.26751|-0.18414|-0.19254|0.01553|-0.13864 =>  -117.26671721
HOST|-0.00014|-0.27944|0.22905|0.08309|0.08873|-0.13196|0.17078 =>  -6.51253937031
HOST|-0.00004|-0.05233|-0.20249|0.02420|0.04879|0.02412|-0.25211 =>  -68.8980934399
SERVER|0.00008|0.03448|-0.16523|-0.02916|-0.23858|0.16881|0.33234 =>  -12.1424641545
SERVER|-0.00005|0.01091|-0.04445|0.06527|-0.07972|0.27023|0.35405 =>  19.3548671553
HOST|-0.00007|-0.55435|0.00547|0.11219|0.14257|-0.78084|-0.31236 =>  -121.858981402
HOST|0.00014|0.02113|0.03252|-0.03501|-0.22631|-0.05655|0.12782 =>  -38.188389613
HOST|0.00016|0.33697|-0.00608|0.04466|-0.11666|-0.46024|-0.30983 =>  -40.0819212333
SERVER|-0.00011|-0.41096|0.21129|-0.01878|0.15827|-0.11155|0.31863 =>  12.1990542869
SERVER|-0.00007|0.13798|-0.02147|0.01404|0.06977|0.46948|0.30166 =>  68.4014766713
HOST|-0.00008|0.09445|-0.05863|0.13136|-0.05712|0.17322|-1.03134 =>  -261.962961871
SERVER|-0.00026|0.07217|-0.11492|-0.08618|-0.09624|0.15232|-0.64047 =>  -242.070900741
HOST|0.00000|0.13531|0.00926|0.11640|-0.19410|0.59864|0.30429 =>  1.85342157652
SERVER|0.00006|0.39493|-0.07979|0.21149|0.07181|0.54980|-0.25655 =>  1.34741029928
SERVER|0.00010|-0.30096|-0.03928|0.09586|0.11034|-0.31348|-0.17548 =>  -52.4585459945
HOST|-0.00015|-0.16008|0.01251|-0.14191|0.23671|-0.38288|-0.16218 =>  -13.2356619574
SERVER|0.00008|0.11156|0.05491|-0.04861|-0.14208|-0.58312|-0.45084 =>  -141.181124378
HOST|0.00001|0.21897|0.19470|0.05018|-0.37891|-0.38978|-0.45652 =>  -220.385065055
HOST|0.00002|0.21629|-0.21293|0.09406|0.09481|-0.38548|0.10685 =>  78.2210210364
SERVER|-0.00010|0.26157|-0.04022|-0.15725|-0.16320|0.14113|-0.13022 =>  -87.8091243468
HOST|0.00004|-0.21898|-0.05005|-0.05957|0.09593|0.80270|-0.12387 =>  -8.23689089545
SERVER|0.00009|-0.22136|0.10403|0.03708|0.24958|0.46396|0.06333 =>  52.9887250091
SERVER|0.00010|0.25445|-0.11284|-0.04385|-0.02236|-0.08291|0.09224 =>  14.1542413183
HOST|-0.00013|-0.68036|-0.18351|-0.01105|0.01234|0.07644|-0.07153 =>  -135.590876317
HOST|0.00001|-0.19336|-0.13171|-0.02809|0.16112|0.25624|0.03400 =>  22.2578317687
HOST|0.00032|0.05364|-0.13903|-0.06177|-0.04418|0.07639|0.09779 =>  52.8682364637
SERVER|-0.00017|0.30580|-0.10508|-0.11949|-0.08235|0.15701|0.22326 =>  2.61163437408
HOST|-0.00004|-0.21920|-0.17464|0.00982|-0.28051|-0.04860|0.34329 =>  -72.2271872339
SERVER|-0.00013|-0.04048|-0.00160|0.03247|0.14322|0.21299|0.15816 =>  41.8566091106
HOST|0.00005|-0.21455|0.00477|0.15680|-0.13043|-0.27444|0.27384 =>  -26.7658441093
SERVER|0.00016|-0.29454|-0.20530|0.06356|0.11263|0.00206|-0.07599 =>  -6.07964892207
SERVER|0.00009|0.39620|-0.04492|0.04210|0.29317|0.26384|-0.38480 =>  67.7539054021
HOST|-0.00006|-0.03808|-0.00422|-0.12221|0.06336|0.08433|-0.27111 =>  -69.7199919802
SERVER|-0.00008|-0.67117|-0.10874|-0.05225|-0.02457|-0.44406|-0.86364 =>  -339.878715373
HOST|-0.00002|0.58195|0.10807|0.06338|-0.03338|-0.05143|0.08449 =>  74.6173756514
SERVER|0.00008|-0.24382|-0.16012|-0.00338|-0.31978|-0.07579|-0.17808 =>  -201.980983503
SERVER|-0.00007|-0.32604|0.05199|0.04803|0.15102|-0.30198|0.09447 =>  -3.21039112611
HOST|0.00017|-0.10546|-0.11263|-0.13282|-0.30457|-0.71058|-0.42001 =>  -192.214433014
SERVER|0.00015|-0.05052|0.12405|0.08246|0.10927|0.02196|0.23756 =>  89.3631531672
SERVER|0.00016|-0.37333|-0.08208|0.14841|-0.17022|-0.34299|-0.36542 =>  -192.110349093
SERVER|-0.00001|-0.41787|-0.06004|0.02646|-0.02038|-0.17011|0.79747 =>  93.8066752226
SERVER|0.00003|-0.07656|-0.21572|0.08474|-0.05232|-0.57114|-0.21612 =>  -106.224011023
HOST|0.00016|-0.48512|-0.08628|-0.07172|-0.01543|0.08438|0.26231 =>  4.27625939036
HOST|-0.00006|-0.40619|-0.17065|0.13765|0.25726|0.46624|-0.60937 =>  -122.482845259
SERVER|-0.00005|0.22358|-0.04806|-0.01718|0.10078|-0.33627|-0.15301 =>  -17.4839270987
SERVER|0.00004|0.33250|-0.27530|-0.12825|-0.44063|0.16371|0.01555 =>  -135.968206746
SERVER|-0.00015|-0.49206|-0.06209|-0.00774|-0.21135|-0.45681|0.85838 =>  4.30507018028
HOST|-0.00011|0.62653|0.03567|0.08542|0.05095|0.12314|-0.54954 =>  -49.8986319605
HOST|-0.00022|0.08225|-0.11147|0.01796|-0.21050|-0.22536|-0.55705 =>  -231.027898458
HOST|-0.00004|0.00850|-0.16562|-0.00545|0.10615|0.02966|0.06484 =>  28.2901620531
HOST|0.00005|0.10993|0.03082|0.05683|-0.10412|-0.28583|-0.14862 =>  -47.8928120582
SERVER|-0.00007|-0.36128|-0.12437|0.02852|0.14958|-0.28512|-0.83044 =>  -242.761522057
HOST|-0.00008|0.20340|-0.08506|0.03597|-0.07929|0.47068|0.23300 =>  22.4805702594
SERVER|-0.00012|-0.24635|0.34428|0.01923|-0.20057|-0.36581|0.85944 =>  43.4533000539
HOST|-0.00005|0.02651|0.20223|0.13043|0.18199|0.02334|-0.07157 =>  58.287516889
HOST|0.00013|0.01071|0.00233|0.01311|-0.03222|0.68383|-0.23004 =>  -57.5248817592
SERVER|0.00009|0.06127|0.09585|-0.05024|0.12511|0.11479|-0.02066 =>  39.6249219885
SERVER|-0.00018|0.09615|0.15260|-0.03291|-0.11512|0.16266|0.45995 =>  17.1232395704
SERVER|-0.00001|-0.08874|-0.27960|-0.05732|-0.22421|-0.69951|-0.00555 =>  -118.218947546
SERVER|-0.00002|-0.16575|-0.22095|-0.13486|0.01384|-0.40005|0.88667 =>  134.813748507
HOST|0.00017|0.16915|0.08898|0.03553|0.09805|-0.24115|0.40566 =>  188.901129599
HOST|0.00009|0.01051|0.00710|0.03521|-0.14617|0.15867|-0.13055 =>  -77.7796887982
HOST|-0.00006|0.29522|-0.17598|0.10002|0.08511|0.05854|0.06024 =>  71.9384589627
HOST|-0.00007|0.22836|0.18275|0.09049|-0.03226|0.41032|0.03860 =>  22.6273278371
HOST|-0.00006|0.01200|0.06525|-0.08411|-0.05744|0.32073|0.29880 =>  30.511072337
SERVER|-0.00004|-0.38137|-0.11817|0.07696|-0.12623|-0.17308|-0.41944 =>  -229.088651314
SERVER|0.00017|0.09075|-0.07234|-0.04621|0.10377|0.08009|0.07314 =>  80.9891345237
HOST|0.00005|0.13870|-0.21250|-0.03948|0.15393|0.24707|-0.31315 =>  12.6180827236
SERVER|-0.00007|0.31663|-0.20399|-0.11333|0.01104|-0.26951|-0.27980 =>  -61.1207642688
SERVER|0.00006|0.22255|0.12284|-0.01752|-0.36211|-0.52788|0.29944 =>  -37.6738004205
HOST|-0.00009|0.41296|-0.06941|0.13237|-0.07893|0.40709|0.50130 =>  106.577939461
SERVER|0.00001|-0.12975|0.13263|-0.07262|0.23172|0.12740|0.29550 =>  109.373062598
SERVER|-0.00016|-0.34031|0.03171|0.02288|-0.00742|-0.00342|0.01015 =>  -98.7969032597
SERVER|-0.00016|0.10284|0.01216|-0.07824|-0.16361|0.21863|-0.25218 =>  -145.704622054
SERVER|0.00000|0.19836|-0.26026|0.06638|-0.03845|0.60399|0.22398 =>  47.4660460028
HOST|0.00008|0.06461|-0.29740|-0.02774|-0.08677|0.23649|0.47111 =>  90.7522344823
HOST|-0.00010|0.35378|-0.22165|0.15743|0.11679|-0.20967|0.09140 =>  87.3038408596
SERVER|0.00017|0.14354|-0.30656|0.04660|-0.03125|0.39981|-0.07151 =>  -8.29902586583
HOST|0.00008|0.49531|-0.02518|-0.16887|-0.15608|0.08746|0.77945 =>  193.806593912
HOST|-0.00006|-0.12758|-0.06534|0.02638|-0.03153|-0.78870|0.43891 =>  43.6305704067
SERVER|-0.00016|-0.06959|-0.07816|0.11678|0.05240|0.25378|0.48260 =>  66.3800290608
HOST|-0.00001|-0.34358|0.01719|-0.03914|-0.10453|0.10619|0.25514 =>  -41.2602777517
HOST|-0.00009|-0.09455|-0.04358|-0.07671|0.33342|0.41177|-0.12654 =>  33.2946572773
SERVER|-0.00011|0.22456|-0.10107|0.03469|-0.48810|-0.07436|0.00694 =>  -187.80302332
HOST|-0.00007|-0.00604|0.36370|0.08779|0.43273|0.10517|-0.25883 =>  81.2012019532
HOST|-0.00015|-0.36293|-0.02286|-0.14801|0.09049|0.06399|-0.19542 =>  -99.8272410878
SERVER|-0.00008|0.04050|0.14843|-0.01255|-0.11459|0.15449|-0.48092 =>  -176.742284034
HOST|-0.00022|0.26750|0.06296|-0.01392|0.15914|-0.08377|-0.98506 =>  -189.697848753
HOST|0.00013|-0.02027|0.08275|-0.04521|0.28014|-0.13985|-0.27604 =>  37.0343025988
HOST|-0.00015|0.13385|0.04567|-0.08531|0.04658|0.16348|0.33311 =>  70.9718984838
SERVER|0.00006|-0.21490|-0.09665|0.00320|-0.17203|-0.26432|0.71198 =>  49.0169731069
HOST|-0.00016|-0.01498|-0.10019|0.00136|-0.12119|0.40725|0.22532 =>  -36.3569352557
HOST|0.00007|-0.17927|0.02070|-0.03313|-0.29668|0.78324|0.43600 =>  -44.8339981431
HOST|-0.00008|0.05367|-0.17985|0.04595|0.06969|-0.47849|-0.44383 =>  -102.13417277
HOST|-0.00012|-0.29098|0.17660|0.03801|-0.16807|0.27902|-0.39001 =>  -222.119231115
SERVER|0.00012|0.53847|0.15077|-0.07515|0.06416|0.39147|-0.26868 =>  11.681519562
HOST|-0.00006|-0.05689|-0.01403|-0.05702|-0.19923|-0.55729|0.20525 =>  -52.1049791759
SERVER|-0.00004|0.13419|-0.11290|0.09591|0.05964|-0.04393|0.13768 =>  24.228567868
SERVER|0.00002|0.44779|0.21213|-0.15562|-0.06638|-0.02420|-0.57482 =>  -114.13113354
SERVER|0.00003|-0.14650|0.06210|-0.02638|-0.15347|-0.17816|-0.12834 =>  -127.904919212
SERVER|0.00001|0.20427|-0.03505|-0.11025|0.14863|-0.01988|0.03653 =>  56.0981171727
SERVER|0.00016|0.18648|-0.00882|-0.12117|0.43701|0.11583|0.35631 =>  258.617277851
HOST|-0.00003|0.34704|0.30508|-0.09014|0.19066|-0.45847|0.67844 =>  270.705288135
SERVER|0.00011|0.39202|0.08437|-0.04360|0.04178|-0.34876|-0.41133 =>  -34.8477551761
SERVER|0.00004|-0.36407|0.08550|0.09881|-0.22640|-0.25728|-0.21094 =>  -190.737846118
HOST|-0.00008|-0.40924|-0.05569|-0.13839|-0.23744|0.49861|-0.47107 =>  -273.058927999
SERVER|-0.00028|0.41054|-0.06518|-0.14039|-0.03527|0.62467|-0.07787 =>  -73.1620567736
HOST|0.00002|0.33904|-0.24298|-0.00584|-0.00165|0.29954|-0.20626 =>  -16.24522557
HOST|0.00026|-0.15544|-0.03738|-0.13226|-0.19198|0.43726|0.00730 =>  -48.5371231122
HOST|0.00011|-0.00250|0.00368|0.14413|0.01332|-0.68749|0.22942 =>  61.9158052388
HOST|-0.00019|0.36354|-0.06564|0.10961|-0.15082|0.23188|-0.33298 =>  -127.155794995
HOST|0.00005|0.31004|-0.08083|-0.04832|0.23170|-0.14666|-0.52541 =>  15.2478954968
HOST|0.00002|-0.02203|-0.06129|-0.01987|0.34390|0.42278|0.20967 =>  157.541613351
HOST|0.00005|-0.04125|-0.05096|-0.01122|-0.13058|0.64387|-0.48560 =>  -171.601876845
SERVER|0.00012|-0.02727|-0.00964|0.17530|-0.08330|0.33442|-0.40877 =>  -146.768965226
SERVER|-0.00018|0.29685|0.14133|-0.04705|-0.02645|0.22720|-0.40308 =>  -121.264726676
HOST|0.00004|0.37044|-0.08169|0.02743|-0.22128|0.26491|0.53540 =>  90.8523165117
SERVER|0.00015|-0.33392|-0.02585|-0.10510|-0.37828|-0.12942|-0.50845 =>  -300.714916828
HOST|0.00015|-0.38319|0.04280|0.04941|-0.01420|0.13558|0.19782 =>  0.0634248723879
SERVER|0.00034|-0.96796|-0.17282|0.06197|-0.13508|0.56619|-0.09635 =>  -171.418703569
SERVER|-0.00015|-0.08296|-0.11942|0.05351|0.21335|-0.34050|-0.51282 =>  -113.348928305
SERVER|0.00001|0.11328|0.24784|0.15021|-0.15043|-0.99500|0.00164 =>  -55.0778690918
SERVER|0.00004|0.29368|-0.07501|0.01713|-0.19847|0.02307|-0.10298 =>  -67.5928212798
HOST|-0.00010|-0.32899|-0.26467|-0.07763|0.07613|0.52785|-0.23955 =>  -112.93150003
SERVER|0.00009|-0.21292|0.17304|0.05992|-0.17236|0.65286|-0.42385 =>  -211.072362267
HOST|0.00014|-0.41237|-0.08301|-0.16450|0.17075|0.35795|0.06681 =>  31.6041643194
SERVER|-0.00012|0.10117|0.06735|0.06578|-0.06123|-0.38466|-0.48791 =>  -165.718843471
SERVER|-0.00022|-0.12689|0.27235|-0.00971|0.28390|-0.13001|0.33516 =>  100.745167011
HOST|0.00001|0.07279|-0.48712|0.06388|-0.09532|0.28574|-0.19890 =>  -82.6387030798
HOST|-0.00006|-0.18017|0.11671|-0.05221|0.13915|0.51967|0.51996 =>  116.993309909
HOST|0.00005|0.19465|-0.22239|-0.00031|-0.23269|0.10021|-0.12047 =>  -77.6760194605
SERVER|0.00010|0.00795|0.00762|0.01371|-0.17196|0.10692|0.61234 =>  74.6204407305
SERVER|-0.00001|0.22359|-0.01111|-0.08986|0.19901|-0.80587|0.08039 =>  88.5481048748
SERVER|0.00016|0.05876|-0.10095|-0.02066|0.11482|0.06976|0.28463 =>  124.203561738
SERVER|-0.00002|-0.19981|0.18735|0.10662|0.09642|-0.28843|-0.19640 =>  -74.8665863744
SERVER|0.00028|0.52809|-0.06835|0.14634|-0.26088|-0.49296|-0.26235 =>  -74.8839636257
HOST|-0.00009|-0.06570|-0.10978|0.04084|-0.44409|0.27461|0.14041 =>  -172.005135049
HOST|-0.00005|-0.21577|0.12573|-0.04795|-0.05320|0.37930|0.09296 =>  -42.9321934767
SERVER|-0.00005|0.04849|-0.05388|-0.14653|-0.20548|-0.30526|0.35959 =>  -24.9079029144
HOST|0.00012|0.25313|0.03281|0.09518|0.02282|-0.01638|-0.18605 =>  9.23310149411
HOST|-0.00012|-0.19505|0.08516|-0.23327|0.06742|-0.16601|-0.44713 =>  -128.789437735
HOST|-0.00006|0.21521|0.18998|0.08244|-0.05849|0.00099|0.24309 =>  50.3299347642
SERVER|-0.00001|0.42310|0.06096|0.10643|-0.18986|0.38565|-0.30984 =>  -112.853351466
HOST|0.00008|-0.23048|0.11243|0.03832|-0.25092|0.81715|-0.22480 =>  -175.798358664
SERVER|0.00000|0.07158|0.15173|0.28010|-0.10922|-0.25466|-0.01787 =>  -78.18762757
HOST|0.00004|-0.12220|-0.15849|0.10571|0.00447|0.29514|0.10813 =>  11.946485592
HOST|0.00005|0.00960|-0.14797|-0.03985|0.01126|-0.04490|0.02681 =>  5.79893301976
HOST|0.00008|0.46253|0.02951|0.00797|-0.26953|0.12550|-0.53258 =>  -157.490804686
SERVER|0.00007|-0.81927|-0.03765|-0.05572|0.29065|-0.18639|-0.35952 =>  -103.178739475
SERVER|-0.00005|0.07227|-0.05899|-0.01310|0.19999|0.04475|0.44229 =>  138.43377254
SERVER|0.00004|-0.26876|0.17756|0.03534|-0.15444|0.07682|0.07907 =>  -104.036189868
SERVER|-0.00015|-0.02971|-0.10582|-0.05594|0.52115|-0.28499|0.18418 =>  176.166476709
SERVER|-0.00015|-0.28689|0.06363|-0.08816|-0.15061|-0.19103|0.05430 =>  -128.89418681
SERVER|0.00005|-0.58534|-0.16971|-0.04560|-0.32656|-0.40917|0.34518 =>  -139.61347818
SERVER|0.00011|0.13851|-0.02758|0.13086|-0.17766|0.14649|-0.37739 =>  -132.369579026
SERVER|-0.00014|-0.34653|-0.15410|0.02091|0.05536|-0.67399|-0.13770 =>  -111.753107124
HOST|0.00014|-0.15513|-0.08082|-0.04906|-0.12119|-0.36964|0.10452 =>  -19.751332126
SERVER|-0.00009|0.31075|-0.06991|-0.05308|0.17939|-0.34897|-0.61304 =>  -87.6928642461
SERVER|0.00001|-0.74656|0.04753|0.08990|0.01584|0.10574|-0.35871 =>  -219.616065684
SERVER|0.00004|0.27406|0.08578|-0.17925|-0.16282|-0.05031|0.76313 =>  134.459363133
SERVER|0.00007|-0.09172|0.00009|-0.04906|-0.04550|-0.08880|-0.01970 =>  -53.9160893107
SERVER|0.00002|-0.02309|0.07732|-0.08084|0.03768|0.06704|0.27387 =>  49.9908253309
HOST|0.00002|-0.03532|-0.10439|-0.17992|0.00405|0.35054|-0.96950 =>  -235.008806136
HOST|-0.00009|0.27733|-0.05716|-0.04984|-0.23089|-0.21769|0.18515 =>  -27.825532618
HOST|0.00007|0.70367|-0.07009|-0.16774|0.03117|0.25491|-0.20880 =>  61.3583378081
HOST|-0.00013|-0.48898|0.00818|-0.03762|0.01292|0.12411|-0.10622 =>  -136.414391475
SERVER|0.00009|0.00056|-0.17009|0.14823|-0.17606|-0.00582|0.23800 =>  -28.8122851837
HOST|0.00024|0.32245|-0.02996|-0.08667|-0.02420|-0.09962|0.29591 =>  153.041634239
SERVER|-0.00031|0.03682|0.10797|-0.04210|-0.04373|0.05986|0.49091 =>  30.3273733048
HOST|-0.00015|-0.34303|0.05355|0.01936|-0.01139|-0.51095|0.36782 =>  -8.02595609874
SERVER|0.00004|-0.32872|-0.15690|0.28383|-0.14563|-0.34676|-0.21695 =>  -170.27301396
SERVER|0.00003|0.27817|-0.02292|0.04807|-0.45022|-0.09061|-0.53545 =>  -276.49720153
SERVER|0.00002|-0.09017|-0.03047|-0.02203|-0.33024|-0.12849|-0.44476 =>  -263.192521332
SERVER|0.00026|0.12280|0.06982|0.11679|0.01898|-0.26395|-0.16145 =>  0.636131319683
HOST|0.00017|-0.15179|-0.17683|0.11054|0.33276|0.17246|-0.10221 =>  85.2796887069
HOST|-0.00032|-0.03441|-0.13737|-0.05384|-0.12484|-0.23849|-0.10885 =>  -136.937363337
HOST|-0.00004|0.16590|-0.07314|-0.00812|0.26102|-0.04878|0.15383 =>  139.292669748
HOST|-0.00014|0.07808|0.08738|-0.08056|0.01213|-0.29216|-0.12663 =>  -51.8124477978
SERVER|-0.00011|-0.30919|0.10065|-0.00193|-0.08297|-0.00119|-0.01019 =>  -120.692581286
SERVER|0.00007|0.05528|-0.00526|0.16918|-0.06061|-0.01993|0.08837 =>  -4.31957052234
HOST|0.00019|-0.14266|0.15166|0.13746|-0.30184|-0.14061|0.00021 =>  -107.757629306
HOST|0.00005|0.03372|-0.14061|-0.00147|-0.00667|0.34388|-0.23445 =>  -53.051484708
SERVER|-0.00012|0.14750|0.05257|0.06786|0.17106|-0.50710|-0.25760 =>  -34.7661134965
HOST|-0.00009|0.30336|-0.01123|-0.07759|0.14754|0.07911|-0.16925 =>  33.939805278
HOST|0.00004|0.07906|0.00803|0.02533|-0.01044|-0.12806|-0.40170 =>  -97.9670355543
HOST|-0.00009|0.15402|-0.12006|0.13561|0.15884|-0.02402|0.27851 =>  114.364842874
HOST|-0.00015|-0.63396|-0.15881|-0.01683|0.02125|-0.10809|-0.56347 =>  -226.600957304
SERVER|-0.00004|-0.04909|-0.10199|0.03107|0.13847|0.17430|0.34309 =>  92.0302635061
HOST|0.00002|0.21425|0.26875|0.07098|-0.12522|-0.65166|-0.79634 =>  -195.030001065
SERVER|0.00012|-0.14000|-0.09500|0.07908|0.01505|-0.16825|0.39281 =>  52.5226873212
HOST|0.00005|-0.05051|0.02343|0.00454|-0.33359|-0.30536|-0.19635 =>  -169.623791917
HOST|0.00003|-0.50328|-0.00803|0.04029|-0.06615|-0.09746|0.21028 =>  -47.8789817815
HOST|0.00025|-0.00206|0.18477|0.03247|0.03179|0.02247|0.53577 =>  160.817391187
SERVER|0.00005|0.28314|0.08543|0.19428|-0.12648|0.12709|0.59410 =>  113.408226291
SERVER|0.00004|0.26495|0.21173|0.08545|-0.09604|0.54177|-0.04735 =>  -25.7021041799
HOST|-0.00005|0.17385|-0.32514|-0.03639|0.21546|0.37808|0.20314 =>  145.274873262
HOST|-0.00018|-0.01873|-0.17200|0.04039|0.04071|0.41914|-0.22194 =>  -74.4325973491
HOST|-0.00003|-0.00944|-0.08261|0.02736|-0.21569|-0.19617|0.65360 =>  61.8360807108
HOST|0.00005|0.04567|0.35365|-0.12487|0.01334|-0.28325|-0.36872 =>  -80.832676555
SERVER|-0.00012|0.17192|-0.03784|-0.10565|0.23887|-0.25451|-0.67549 =>  -85.4082858081
HOST|-0.00002|0.47951|0.13580|0.02069|-0.35715|-0.25226|0.33723 =>  2.5395654309
HOST|-0.00000|0.52063|-0.09673|-0.13388|-0.12439|-0.28146|-0.57414 =>  -127.470413682
SERVER|-0.00001|-0.34493|0.07575|-0.01767|0.18597|-0.02462|0.25845 =>  58.751263399
SERVER|0.00003|-0.01664|-0.21278|0.07644|-0.04766|0.13302|-0.26768 =>  -105.480314461
HOST|0.00015|-0.03154|-0.04392|-0.13564|-0.22597|0.06565|0.48404 =>  44.0692159697
HOST|0.00009|-0.64596|0.04239|-0.08181|-0.13803|-0.14308|-0.15852 =>  -176.616133478
HOST|-0.00012|0.12898|-0.28285|-0.05867|-0.09306|0.27092|0.34269 =>  26.0892954904
SERVER|0.00002|0.16743|-0.05112|-0.10716|0.15173|-0.06094|-0.19112 =>  9.33048693918
HOST|-0.00013|-0.06984|-0.04402|0.04013|0.27559|0.12332|0.09410 =>  76.8361378128
SERVER|0.00013|0.24373|0.07313|-0.09224|0.07907|-0.76583|0.19945 =>  98.6042445776
HOST|-0.00011|-0.44911|0.32328|-0.09636|0.18848|0.39654|0.43152 =>  70.3155337947
HOST|-0.00005|0.15551|0.05270|-0.03121|0.15450|0.21501|0.52991 =>  164.158540747
SERVER|0.00002|-0.15416|-0.03508|0.09094|0.09519|0.08563|0.53824 =>  113.593214579
HOST|-0.00005|-0.35037|-0.14284|-0.04556|-0.06659|-0.23925|-0.02826 =>  -116.600331431
HOST|-0.00005|0.18009|0.11217|-0.08390|-0.03641|-0.36000|0.23189 =>  33.1100882504
HOST|-0.00007|0.25770|-0.06490|-0.14419|-0.38536|-0.38582|0.94177 =>  90.5458848876
SERVER|0.00004|0.25648|0.28193|-0.01837|-0.16225|0.49878|0.09053 =>  -16.6432366385
HOST|0.00010|0.17372|0.05370|-0.00564|0.24522|0.67740|-0.25082 =>  56.2891280139
SERVER|0.00018|-0.17919|0.07103|0.10883|0.29362|0.00862|0.56876 =>  200.451365234
HOST|0.00016|-0.02287|-0.04847|-0.01696|-0.23894|-0.68816|0.80084 =>  118.169826852
HOST|0.00021|-0.07669|0.03281|0.02022|-0.40275|-0.32683|0.26106 =>  -60.3761875071
SERVER|-0.00016|-0.28973|0.00095|0.05616|-0.00443|-0.47993|0.26786 =>  -37.971050728
HOST|0.00028|-0.57822|0.08512|-0.09620|0.15638|-0.07221|-0.71427 =>  -156.686848448
HOST|-0.00022|-0.05103|-0.06305|-0.03380|-0.07606|-0.68516|0.31625 =>  -5.39831865406
SERVER|0.00001|0.19221|0.29822|0.00631|0.43999|0.22625|-0.17750 =>  125.588069328
HOST|-0.00030|0.06035|-0.03734|0.04311|-0.12517|-0.10489|-0.39220 =>  -190.879421799
HOST|-0.00008|-0.34360|-0.44573|-0.20338|-0.03940|-0.55309|-0.48573 =>  -199.48981242
HOST|-0.00002|0.20661|-0.05355|0.12144|0.02380|-0.37937|0.80947 =>  206.810258124
SERVER|-0.00003|-0.04214|0.07148|-0.16534|0.25921|0.21084|0.36834 =>  119.402850992
SERVER|0.00001|0.17534|-0.17049|0.02595|0.05916|-0.36108|0.50439 =>  133.304018476
HOST|-0.00011|0.02750|-0.16976|0.15729|0.06540|-0.11339|0.11869 =>  21.4541294015
SERVER|-0.00002|-0.43971|-0.30560|0.05156|0.07145|0.30686|-0.59878 =>  -203.757920637
SERVER|0.00002|-0.51095|-0.16920|-0.00993|-0.05132|0.13726|0.35923 =>  -23.111852025
SERVER|0.00005|-0.14480|0.07027|-0.03155|-0.08236|0.76543|0.12007 =>  -42.8645387002
SERVER|-0.00010|-0.08691|0.00783|0.09682|-0.13007|-0.17357|-0.32256 =>  -177.26522395
HOST|-0.00013|-0.39498|0.16507|0.25973|0.26979|-0.45045|0.35035 =>  85.5979718629
HOST|-0.00005|-0.13720|0.29314|0.01347|-0.11474|-0.54244|-0.38801 =>  -177.084670392
SERVER|0.00002|0.24478|0.05253|0.03048|-0.10873|0.18807|-0.31632 =>  -108.495294736
HOST|-0.00006|-0.62853|0.03590|0.15871|-0.06773|-0.65181|-0.23159 =>  -191.033853496
HOST|0.00006|-0.28562|0.18051|0.08821|0.02644|-0.26129|-0.47847 =>  -144.468016946
HOST|-0.00000|0.01428|0.16628|-0.06942|-0.02320|-0.38414|-0.47700 =>  -134.738182997
HOST|-0.00002|0.28609|0.11555|-0.13377|-0.09389|-0.22621|-0.25789 =>  -71.1119245102
SERVER|-0.00015|-0.27261|0.14683|0.04432|-0.14882|0.70647|0.13882 =>  -110.896051981
HOST|0.00003|-0.09514|-0.05177|0.14247|0.05039|0.05083|-0.40788 =>  -102.214194505
SERVER|0.00010|0.06035|-0.01916|-0.14677|0.06990|-0.45969|0.77184 =>  179.509538458
SERVER|0.00012|0.00555|0.03397|-0.16309|0.10874|0.14616|-0.01045 =>  25.6036381761
SERVER|-0.00001|0.05723|-0.11736|0.08126|-0.29890|0.19591|0.40398 =>  -36.4259931972
SERVER|-0.00007|0.15058|-0.01547|0.01671|-0.01380|0.64292|0.48674 =>  96.70563173
SERVER|-0.00013|0.29787|-0.14472|0.05000|-0.35150|-0.56982|0.57867 =>  -12.002490272
SERVER|-0.00005|0.00981|-0.05387|-0.06231|-0.50381|0.11099|0.39967 =>  -124.202032199
HOST|-0.00000|0.24548|-0.04784|-0.12556|-0.37581|0.06832|0.78381 =>  69.7756458449
HOST|0.00007|0.08902|-0.01824|0.01991|-0.00479|-0.15121|-0.40256 =>  -89.8208774868
SERVER|-0.00018|-0.34382|0.03700|-0.23486|0.12235|0.83631|0.09272 =>  -38.3540526269
HOST|-0.00008|0.14384|0.04009|-0.03092|0.09772|0.03744|-0.07943 =>  35.5207571862
HOST|-0.00003|0.11123|-0.06192|0.02227|0.09543|0.06363|0.01981 =>  26.0645775569
HOST|0.00000|-0.75644|0.08779|0.02448|0.16818|0.48378|0.27069 =>  17.5783582837
SERVER|-0.00003|0.49276|-0.04108|0.10424|-0.01642|0.02966|0.14009 =>  59.9556500052
HOST|0.00018|0.33949|-0.19705|-0.10812|0.18538|-0.33321|-0.06142 =>  118.583974255
SERVER|0.00008|-0.22932|-0.11119|-0.01854|0.03874|-0.54372|-0.25583 =>  -81.6740029392
SERVER|-0.00008|-0.34355|-0.09508|-0.02626|0.18130|-0.44222|0.70706 =>  131.696954191
HOST|-0.00012|-0.02302|-0.21597|-0.03962|-0.04574|-0.31909|0.00120 =>  -44.4276567358
SERVER|-0.00008|-0.22985|0.26862|-0.09790|0.10126|-0.15815|0.04403 =>  -26.8228251542
SERVER|0.00012|-0.62629|0.17371|0.05043|-0.35276|0.53468|-0.31003 =>  -299.067344348
SERVER|-0.00004|-0.28706|-0.19749|0.08805|0.10944|-0.09376|-0.46083 =>  -145.303803302
HOST|0.00008|-0.47794|-0.16917|0.18834|0.34288|0.24610|-0.01455 =>  47.7291944177
SERVER|-0.00026|0.46796|0.05326|0.22898|0.02159|-0.48188|0.60363 =>  157.193363122
SERVER|0.00001|0.12864|0.06080|0.03213|0.12891|0.35781|0.66787 =>  172.586493496
HOST|-0.00005|0.37758|-0.07745|0.07728|0.07439|0.54679|0.31737 =>  120.99991773
SERVER|0.00024|-0.04665|0.21678|-0.00565|0.29303|-0.51350|0.02057 =>  115.118886498
SERVER|-0.00001|0.05085|-0.19566|0.22552|-0.08463|0.11687|-0.04955 =>  -76.3173419843
SERVER|0.00013|-0.46469|-0.08743|0.06930|0.10741|0.01983|-0.00402 =>  -30.3582651549
HOST|-0.00001|-0.01618|0.04487|0.07100|-0.18994|-0.07578|-0.19617 =>  -129.740010102
SERVER|0.00026|0.27074|0.09287|-0.14392|0.40358|0.20836|-0.34731 =>  107.427299922
HOST|-0.00001|0.06983|-0.11721|-0.17145|0.14693|-0.03323|-0.12844 =>  6.44941294188
HOST|-0.00008|0.28219|-0.14427|-0.03669|-0.01000|0.55389|0.45414 =>  136.121502954
SERVER|-0.00005|0.25790|0.17053|-0.05754|0.23778|-0.44124|0.46789 =>  193.183525832
SERVER|0.00004|0.35124|-0.19661|-0.02960|-0.10836|-0.67195|-0.03006 =>  -14.4708455628
HOST|0.00004|0.34772|0.15044|0.11942|-0.08110|-0.59047|0.07078 =>  47.6650047274
SERVER|0.00011|0.18988|0.02672|-0.11909|0.03451|-0.34382|-0.11898 =>  5.2973942441
SERVER|0.00010|0.48292|-0.09723|0.11183|-0.09454|0.36680|-0.03675 =>  10.5215479828
HOST|0.00015|0.11008|0.04245|-0.05774|-0.09647|0.13833|0.36392 =>  86.8887323816
SERVER|0.00018|0.01892|0.24488|0.04925|0.18695|-0.10843|0.58784 =>  221.262055288
SERVER|0.00006|0.06012|-0.14834|-0.08439|0.05530|-0.03054|-0.18077 =>  -47.0503241444
SERVER|-0.00008|0.48516|0.23919|0.02277|-0.31453|-0.24644|0.44574 =>  21.2075382656
HOST|0.00008|-0.30155|-0.22576|-0.02499|-0.26602|-0.21764|-0.66150 =>  -278.023028774
HOST|-0.00008|-0.28414|-0.06652|0.06328|-0.03956|0.23691|0.38772 =>  14.5496768853
SERVER|0.00012|-0.31547|0.13901|-0.02862|0.00382|-0.74698|-0.17216 =>  -87.0037661449
SERVER|0.00005|-0.30928|0.01215|-0.02555|0.14706|-0.37576|0.21714 =>  49.3851059801
HOST|-0.00010|-0.06613|-0.09974|-0.04593|-0.07034|-0.73553|0.55879 =>  70.021035273
HOST|-0.00006|-0.30416|-0.22719|-0.06935|0.02606|0.04748|0.34480 =>  40.1006102283
SERVER|0.00008|0.12583|0.11538|-0.14850|0.20369|0.62983|0.20136 =>  110.821571823
SERVER|0.00002|-0.29345|-0.23639|0.01277|0.18197|-0.33766|-0.20596 =>  -43.9155741886
HOST|0.00008|-0.27478|0.03124|-0.31097|-0.03111|-0.93440|0.36391 =>  25.5827223603
HOST|0.00004|-0.17843|-0.08460|0.02040|0.18858|-0.17464|0.24985 =>  81.0323030667
SERVER|-0.00018|-0.19775|0.03291|0.02363|-0.17271|0.42715|0.32554 =>  -64.8674372136
SERVER|0.00010|-0.04352|-0.05440|0.06683|-0.05574|0.31863|-0.32944 =>  -114.15551503
HOST|-0.00005|0.11847|-0.16975|-0.08281|-0.09676|0.14951|-0.44238 =>  -140.691832091
SERVER|-0.00017|-0.64032|-0.21793|0.17740|-0.12545|0.24966|0.39920 =>  -101.046459742
HOST|0.00018|-0.21455|0.03655|-0.04472|-0.03335|0.24223|-0.06631 =>  -40.2887337247
SERVER|-0.00007|-0.26058|-0.12855|0.03533|-0.02877|-0.18255|-0.15408 =>  -119.828995067
SERVER|0.00002|-0.23009|-0.00082|-0.07691|-0.03051|-0.26955|-0.10695 =>  -88.8828257553
HOST|0.00017|-0.07599|0.08601|0.18583|-0.16777|0.24266|0.26197 =>  16.202287452
HOST|-0.00018|0.02801|0.15328|0.01043|-0.15271|0.24297|-0.39126 =>  -178.546170665
SERVER|0.00027|-0.32095|0.31875|-0.17788|0.03119|0.21623|-0.36069 =>  -94.5497641681
HOST|-0.00026|0.08173|-0.15290|0.08485|0.04446|-0.39306|0.18913 =>  10.755418558
HOST|-0.00011|-0.22382|-0.05009|0.00393|0.18425|-0.33759|0.53470 =>  130.416367301
HOST|-0.00009|-0.22151|-0.06699|-0.03005|0.10660|-0.23950|-0.64678 =>  -159.742248468
HOST|-0.00001|-0.03329|-0.22187|0.08909|0.21708|-0.61131|-0.09532 =>  33.6422507492
HOST|-0.00004|0.33735|-0.26318|-0.04906|0.05917|-0.51729|-0.40903 =>  -42.6789425325
HOST|0.00015|-0.69607|0.03902|-0.03401|0.01966|0.54808|-0.44070 =>  -180.203919196
HOST|-0.00009|0.00731|-0.04593|0.11667|0.04281|0.07493|0.15597 =>  21.6774772611
HOST|0.00008|0.05114|-0.09339|-0.02042|-0.14927|0.45713|-0.35387 =>  -128.723245807
SERVER|0.00004|0.06576|0.04569|0.16982|0.10942|-0.43153|-0.66661 =>  -122.773353586
HOST|-0.00008|0.26896|-0.12301|-0.00668|-0.33594|0.01939|0.38101 =>  -31.4671993835
SERVER|0.00002|-0.37901|-0.15281|0.02645|-0.37295|-0.39238|0.40866 =>  -122.365308164
HOST|0.00008|0.37283|0.28673|0.15524|0.00554|-0.33786|0.05429 =>  76.2369901052
SERVER|-0.00011|-0.15225|-0.14386|-0.06581|-0.19295|-0.15339|0.46194 =>  -21.4360265464
HOST|-0.00022|-0.25556|-0.06168|0.01234|0.01402|0.56728|-0.63070 =>  -209.059845432
SERVER|0.00024|-0.28136|-0.02867|-0.01320|0.02132|-0.19897|-0.03153 =>  -35.0822072897
SERVER|0.00019|0.41416|0.07916|0.15722|0.00978|0.22261|-0.23113 =>  9.86817639457
SERVER|0.00007|0.24033|-0.00335|0.00565|0.27692|-0.33481|0.27896 =>  169.572457229
HOST|-0.00019|-0.55034|0.06712|0.08371|-0.13364|0.55863|0.34305 =>  -95.5292645469
SERVER|-0.00023|-0.70750|-0.01868|0.00234|-0.10665|0.23931|-0.77887 =>  -383.641955911
SERVER|-0.00013|-0.08269|-0.17815|0.10233|0.22448|0.55399|-1.18230 =>  -243.613373174
SERVER|-0.00006|-0.11113|-0.02067|-0.00308|0.26948|0.08218|0.35438 =>  124.312807342
SERVER|0.00011|-0.35469|0.26983|0.02862|0.03546|-0.03359|-0.59053 =>  -181.014928884
SERVER|-0.00004|-0.65106|0.12091|-0.04860|-0.17595|-0.36240|0.11888 =>  -166.240609459
HOST|0.00007|-0.38325|0.21565|-0.14922|0.10277|0.28000|0.35951 =>  59.423047006
HOST|-0.00013|0.04085|0.20129|0.13693|-0.20238|-0.47487|-0.19174 =>  -157.459465229
SERVER|0.00003|-0.07854|-0.08704|0.00171|0.07452|0.65316|0.70710 =>  166.067679135
HOST|-0.00001|-0.00267|0.02088|0.07929|-0.08806|0.30031|-0.49155 =>  -155.92395782
HOST|-0.00019|0.42270|-0.11249|-0.11144|-0.22792|0.02910|-0.14332 =>  -96.8673440574
HOST|0.00012|-0.09269|0.02217|-0.10808|0.19300|0.98522|0.38633 =>  149.510956525
SERVER|0.00001|0.03006|-0.13241|0.04680|0.26376|0.34757|0.79853 =>  242.777204524
SERVER|0.00002|0.30856|0.05486|-0.07927|0.16281|-0.11577|-0.06348 =>  40.0272535246
HOST|-0.00012|-0.16456|0.02284|0.09706|0.29818|0.45353|-0.62485 =>  -88.0143147498
SERVER|-0.00011|0.18512|-0.17653|0.01447|-0.04434|-0.60768|-0.21987 =>  -87.9297290813
SERVER|0.00009|-0.39229|-0.13796|-0.01642|-0.15809|0.57409|0.42244 =>  -36.163543342
HOST|0.00004|-0.68038|0.03735|-0.01368|-0.30250|0.29262|-0.62642 =>  -360.732295524
SERVER|-0.00003|0.03356|-0.09721|-0.03915|0.06576|-0.43090|-0.08271 =>  -37.2676946221
SERVER|-0.00009|0.39962|-0.18577|-0.01265|-0.05321|-0.46480|0.14433 =>  8.17002976528
SERVER|-0.00033|0.15403|-0.01580|0.12669|0.07622|-0.68903|-0.05976 =>  -32.6966485412
SERVER|-0.00004|-0.19814|-0.02966|-0.19204|-0.04869|-0.16691|0.73795 =>  93.8608157128
HOST|-0.00005|-0.19804|-0.04287|0.01199|0.04659|0.06219|0.22527 =>  27.244074817
HOST|0.00029|-0.03387|0.08303|-0.00108|-0.46834|-0.37178|0.02944 =>  -139.137136181
HOST|-0.00014|-0.06968|0.09789|-0.07409|0.22738|0.66950|0.45368 =>  154.429840815
HOST|-0.00008|0.12705|0.10357|-0.08007|-0.13137|0.23086|0.62011 =>  88.3031238878
HOST|0.00006|0.56808|-0.09414|0.14365|-0.06746|0.30366|-0.04113 =>  46.5160482041
HOST|0.00002|-0.02678|-0.06691|-0.07712|-0.21548|-0.10482|0.75014 =>  84.1670746462
HOST|0.00009|-0.02367|0.23729|-0.07356|-0.17074|-0.46607|-0.08977 =>  -69.5544856837
SERVER|-0.00007|-0.00855|-0.01215|-0.09428|0.21398|0.29418|0.77180 =>  196.133843877
HOST|0.00015|-0.22643|0.33332|-0.00309|0.06746|-0.04533|0.70920 =>  160.775394588
SERVER|0.00002|-0.30110|0.03990|0.04606|-0.04134|-0.68248|0.35643 =>  -14.703641604
SERVER|0.00012|-0.22044|0.17052|0.10496|0.18247|-0.06185|-0.14520 =>  -7.40268289813
SERVER|0.00014|0.28559|0.10578|-0.15393|0.12655|0.19491|0.21973 =>  129.69611975
SERVER|-0.00013|0.12070|0.19147|-0.16798|0.09733|0.27457|-0.14149 =>  -47.0375043201
HOST|0.00029|-0.43659|-0.09293|-0.08493|-0.07230|-0.29586|0.22507 =>  11.1280425038
HOST|-0.00022|-0.22559|-0.22848|-0.08809|-0.24202|-0.43116|0.59527 =>  -12.0963261265
HOST|0.00010|0.09610|-0.04105|-0.06028|-0.21692|0.24074|-0.03759 =>  -75.529090778
SERVER|-0.00029|-0.15054|0.00272|-0.04172|-0.17863|-0.38553|0.23666 =>  -121.326764889
SERVER|0.00002|-0.38623|-0.06919|-0.09104|-0.15932|0.40607|-0.03263 =>  -132.287416297
SERVER|0.00015|0.09661|0.17867|-0.04901|0.07414|-0.05083|-0.17336 =>  2.54658303516
HOST|-0.00016|0.10829|0.22378|-0.13649|0.05264|-0.30541|-0.43138 =>  -98.2426584156
HOST|-0.00000|0.07471|0.34001|0.08136|0.11933|0.10014|0.01658 =>  51.9591397314
HOST|-0.00011|0.51010|-0.02187|-0.06859|-0.41194|-0.01838|0.24253 =>  -39.927259702
HOST|-0.00008|-0.33307|-0.08408|-0.07240|-0.24178|0.14539|0.39455 =>  -60.3176907592
SERVER|0.00005|0.03106|0.03722|0.16492|0.36123|-0.53778|0.04382 =>  126.300687839
HOST|0.00002|0.11331|-0.04862|0.02642|-0.01429|-0.30200|0.60318 =>  135.953495194
HOST|-0.00027|-0.15114|-0.18095|-0.04963|-0.09248|0.09879|0.21983 =>  -54.2664894011
SERVER|0.00002|-0.01219|-0.00091|-0.03621|-0.11183|0.07215|0.26183 =>  -2.78241476972
HOST|-0.00008|0.13883|0.12069|-0.10466|-0.22992|-0.44613|0.55417 =>  31.3163103352
SERVER|0.00004|-0.39452|0.21676|-0.07697|0.11526|-0.19333|0.43855 =>  67.2234883415
HOST|0.00004|0.06731|0.11129|-0.04827|0.05943|-0.22055|0.25103 =>  83.6967451857
HOST|0.00012|-0.05433|-0.20136|-0.05545|-0.22268|0.11841|-0.03831 =>  -90.3743976705
SERVER|0.00007|-0.15207|0.03450|0.03984|-0.04324|0.08292|-0.51868 =>  -186.734190386
SERVER|0.00005|-0.18728|-0.00808|-0.01447|-0.02828|-0.14252|-0.47616 =>  -164.142709279
HOST|-0.00015|-0.13832|-0.07583|-0.06506|-0.16547|0.43347|0.24478 =>  -59.1920767796
SERVER|0.00003|0.30420|0.07114|-0.10811|-0.32330|0.00707|0.14053 =>  -58.7176107927
SERVER|0.00034|0.18362|-0.06672|0.05242|0.12110|0.15888|0.29488 =>  171.480791547
HOST|-0.00035|-0.08458|0.09667|0.00217|0.05653|-0.21746|0.50025 =>  46.8019811797
HOST|0.00009|-0.82188|0.03636|-0.04076|-0.04416|-0.10311|0.15355 =>  -96.4143025777
HOST|-0.00002|0.28015|-0.11983|-0.07626|-0.26626|-0.03822|0.03431 =>  -76.4551059041
HOST|0.00016|-0.11341|-0.15085|-0.00231|0.09617|0.09246|0.19488 =>  74.6111134225
SERVER|0.00006|-0.14563|0.19151|-0.00803|0.07999|-0.22589|0.34384 =>  62.6602198328
HOST|-0.00003|-0.27547|-0.01442|0.03549|0.28461|-0.25490|0.20231 =>  88.728397802
HOST|-0.00016|-0.12941|0.04365|0.13742|0.10453|-0.05098|0.72312 =>  153.165236845
HOST|0.00014|-0.12146|0.01961|-0.01706|0.06117|-0.32885|0.47738 =>  139.587205496
HOST|0.00012|-0.35212|-0.10116|0.00404|0.11113|0.15756|0.22477 =>  55.4604783906
HOST|0.00018|0.18583|0.20103|-0.09447|0.00187|-0.41402|-0.34169 =>  -34.5987854629
SERVER|-0.00010|0.11293|-0.09431|0.13835|-0.10049|0.19738|0.11476 =>  -36.7791598009
SERVER|0.00007|-0.08218|-0.05251|-0.19892|0.09142|-0.12041|-0.00588 =>  8.48285641583
SERVER|-0.00007|0.40005|0.09979|-0.00399|-0.05185|-0.06386|-0.01114 =>  -8.24109591516
SERVER|-0.00008|0.29737|-0.10085|-0.16347|0.25910|0.10661|-0.19350 =>  44.0741047918
HOST|-0.00009|-0.61385|-0.01395|0.03145|0.05396|-0.01462|-0.30900 =>  -153.431597762
HOST|0.00001|0.10692|0.15896|0.06414|-0.39326|-0.22235|0.08452 =>  -121.460337151
SERVER|0.00012|0.13061|0.01635|-0.07118|-0.08681|-0.30864|-0.02841 =>  -18.5768254641
HOST|-0.00023|-0.24644|-0.04723|0.00467|-0.03316|0.05593|0.31807 =>  -16.8706656869
SERVER|0.00008|0.10202|-0.12315|0.07268|0.03349|0.28496|-0.04970 =>  -3.26554995714
SERVER|-0.00014|0.25024|-0.26837|0.00376|0.00814|0.18718|-0.13768 =>  -32.0833076101
HOST|0.00016|0.02770|0.21024|-0.07206|0.65367|-0.14407|0.39161 =>  362.954544233
SERVER|-0.00000|0.14478|-0.00230|-0.08954|-0.15866|0.52643|-0.11425 =>  -80.3144681972
HOST|-0.00005|-0.17224|-0.12775|0.06267|-0.05153|0.01551|0.30246 =>  0.0927188439476
SERVER|0.00003|0.04185|0.03048|-0.03308|-0.39031|-0.12158|0.49512 =>  -47.4689457903
SERVER|0.00014|-0.17582|0.06885|-0.18322|0.01656|-0.06278|0.36460 =>  60.3633217201
HOST|-0.00002|0.08429|-0.00723|-0.17077|0.16180|-0.20848|0.43956 =>  145.655447528
SERVER|-0.00003|0.24689|-0.21358|0.04069|-0.11790|-0.11582|0.05516 =>  -38.5540179652
HOST|-0.00008|0.18396|0.08590|-0.03694|-0.09196|-0.16223|0.47019 =>  86.724772773
SERVER|-0.00013|0.09835|-0.13344|-0.01632|0.08718|-0.25008|0.80281 =>  193.880498635
SERVER|-0.00003|0.07548|-0.04746|0.06197|0.18482|-0.85204|-0.59952 =>  -90.418867428
HOST|-0.00008|-0.14883|-0.00500|0.05283|0.15493|0.40994|0.08189 =>  41.2092095205
SERVER|0.00008|0.18890|-0.10683|-0.07501|-0.06716|-0.22550|0.18235 =>  38.2036701467
SERVER|-0.00012|-0.05179|0.09159|-0.00458|0.11403|-0.55924|0.17124 =>  34.5327329977
SERVER|0.00011|0.21812|-0.13250|-0.00662|0.32989|-0.17680|-0.23685 =>  86.9918703826
HOST|0.00003|0.15758|0.14180|-0.12783|-0.18535|0.43474|0.01045 =>  -55.3633620865
SERVER|-0.00019|-0.41023|0.22596|-0.07726|0.14935|0.35980|-0.16591 =>  -108.982827246
SERVER|0.00006|0.16651|-0.21709|0.01800|-0.00737|0.27190|0.13849 =>  43.5475327697
HOST|0.00001|0.23713|-0.31760|0.06784|0.13260|-0.52822|0.24337 =>  135.516448811
HOST|0.00023|-0.55272|-0.11055|-0.04057|-0.11992|-0.38170|0.37386 =>  -11.5486195853
HOST|0.00008|0.19447|0.12484|-0.02175|-0.02495|-0.34735|-0.08005 =>  1.42368785329
SERVER|0.00006|-0.20983|-0.35287|-0.04875|0.15725|-0.15520|0.37575 =>  92.2544164279
SERVER|0.00022|0.00264|-0.15826|0.01569|-0.14886|-0.40761|0.74659 =>  118.916731711
HOST|-0.00007|-0.04165|-0.06204|-0.05385|-0.14841|0.12025|0.06879 =>  -80.0469728929
HOST|-0.00015|0.05655|0.01111|0.05568|0.01719|0.24002|-0.17903 =>  -51.8753561719
HOST|-0.00004|0.76742|-0.03490|0.15646|0.01514|-0.03728|-0.06678 =>  90.5471849615
SERVER|0.00010|-0.03813|0.11590|-0.01952|-0.13290|-0.09156|-1.00268 =>  -307.877456326
SERVER|0.00015|-0.17521|-0.17668|-0.13084|0.15134|0.15782|-0.14365 =>  -7.01275682337
HOST|-0.00002|-0.04174|-0.41860|-0.27609|0.03155|0.15970|0.35556 =>  74.9903610916
HOST|0.00002|-0.20021|-0.25155|0.16861|-0.19064|-0.02648|0.15486 =>  -71.8691947707
HOST|-0.00021|-0.22786|0.06053|-0.04783|-0.07447|0.05061|0.25315 =>  -45.3553237348
SERVER|0.00008|-0.22898|-0.13412|0.03129|-0.07008|0.21835|-0.56543 =>  -192.504882372
SERVER|0.00009|-0.43043|0.07341|0.05399|0.18039|0.47284|0.27761 =>  63.234943822
HOST|0.00009|0.14747|-0.16005|0.00324|-0.28534|0.04543|0.17551 =>  -34.1361906991
HOST|-0.00004|-0.54851|0.07358|-0.01573|-0.01367|0.41037|0.13649 =>  -79.0778360839
HOST|-0.00017|0.50511|-0.20758|0.13517|-0.13483|-0.17784|0.31892 =>  56.8242532194
SERVER|0.00015|-0.19125|0.09528|0.05315|-0.08348|-0.10706|0.32730 =>  22.6509556583
HOST|0.00005|-0.12944|-0.21695|-0.12337|-0.15825|0.28724|-0.79488 =>  -247.088834381
HOST|0.00023|0.08932|0.13852|0.07139|-0.15384|-0.26634|0.17623 =>  21.9131534891
SERVER|0.00003|0.10409|-0.15848|-0.08692|-0.25714|0.38708|0.35083 =>  -16.9345746535
SERVER|0.00015|0.50763|0.07361|0.03831|0.08056|0.37743|0.14016 =>  113.661525609
SERVER|0.00002|0.04622|-0.19205|-0.04496|-0.12195|0.18941|0.05008 =>  -62.7898765917
SERVER|-0.00011|-0.39943|-0.06354|0.00286|0.02069|0.22564|-0.34881 =>  -184.799758584
SERVER|0.00006|0.44485|-0.04433|0.01489|0.11223|0.38509|0.06332 =>  94.9426486889
HOST|-0.00001|0.10165|-0.13502|0.02483|0.01958|-0.68929|-0.01030 =>  17.6730367129
HOST|0.00003|-0.04520|0.07560|0.04440|0.05488|-0.37217|-0.42862 =>  -84.7017331449
SERVER|-0.00005|-0.19759|0.03798|0.06100|0.03021|0.25760|-0.07858 =>  -60.275693715
HOST|0.00011|-0.08355|-0.27765|-0.05077|0.36645|-0.28189|-0.43621 =>  36.9148359488
HOST|-0.00012|-0.33739|-0.22371|-0.08491|-0.05825|-0.23284|0.20856 =>  -56.6151345631
HOST|-0.00005|0.02982|-0.06350|0.15413|-0.10034|0.09639|0.20964 =>  -4.83364637428
HOST|-0.00004|0.01892|-0.14073|0.06346|-0.14144|0.22420|0.55227 =>  57.503499491
HOST|-0.00016|-0.40982|0.01268|0.08039|0.16608|-0.05372|0.34827 =>  41.6327949347
SERVER|0.00007|-0.01071|0.13821|-0.05162|-0.04783|0.22382|-0.75738 =>  -234.729468036
HOST|0.00006|0.16561|0.22361|-0.12839|-0.31398|-0.00983|0.02218 =>  -83.9678626871
SERVER|0.00007|-0.24924|0.06443|-0.02546|0.04241|-0.80582|0.63903 =>  117.808506808
HOST|0.00037|0.35505|0.12384|0.02886|0.13317|0.41093|-0.08567 =>  129.658411407
SERVER|0.00002|0.26390|-0.27424|0.11104|-0.18660|0.48711|-0.44464 =>  -164.12995025
SERVER|0.00026|0.16164|-0.26424|0.01173|0.27789|0.10400|-0.12664 =>  109.183850338
HOST|0.00001|-0.16965|0.01050|-0.00879|-0.44269|-0.24630|0.39014 =>  -116.203491406
SERVER|0.00010|-0.02905|-0.03978|-0.06697|-0.23113|0.19983|-0.44303 =>  -204.556149602
HOST|0.00002|0.20256|0.19003|0.00155|-0.11316|-0.16986|0.32768 =>  41.8027083335
SERVER|0.00000|0.47289|-0.00912|-0.12899|0.19068|0.01896|0.05832 =>  112.751957715
SERVER|0.00007|-0.15118|0.07863|0.02910|-0.16765|0.70218|-0.53764 =>  -219.449220079
HOST|-0.00011|-0.19030|0.02215|0.04115|-0.14749|-0.21179|0.32670 =>  -36.0253544148
HOST|-0.00006|0.21337|-0.19025|-0.08608|-0.29719|0.38638|-0.01087 =>  -98.4189007031
SERVER|0.00007|-0.35226|-0.34142|-0.05746|0.06418|0.07806|0.39072 =>  49.4674462109
HOST|-0.00010|-0.14879|-0.00603|0.13467|0.09179|-0.61899|-0.37597 =>  -103.897465962
HOST|-0.00014|0.12037|-0.18584|-0.02843|0.21802|-0.55898|0.52914 =>  182.336056051
HOST|-0.00009|0.28215|0.10302|0.00356|0.07955|-0.81300|-0.08173 =>  13.7477469043
HOST|-0.00009|0.33949|-0.13363|0.06151|-0.18903|-0.26812|-0.03824 =>  -48.8575983965
HOST|-0.00007|-0.08185|0.12385|-0.04744|-0.08003|0.00097|0.02741 =>  -65.6878121614
HOST|0.00015|-0.08411|0.00862|-0.12983|-0.06804|0.41443|-0.68514 =>  -182.447552847
SERVER|0.00017|-0.43470|0.04670|0.16592|-0.04547|0.11095|-0.07840 =>  -100.150220186
HOST|-0.00008|0.41450|-0.00087|-0.16463|0.09554|-0.31085|-0.33085 =>  13.584131035
SERVER|-0.00004|0.17838|0.26529|-0.06617|-0.11556|0.07321|-0.02268 =>  -55.2612133676
HOST|0.00012|-0.24608|0.03685|0.05081|0.17744|0.02003|0.11252 =>  57.9247889788
SERVER|-0.00009|-0.08277|-0.08875|0.17041|0.05187|0.22679|0.06685 =>  -15.1372952049
HOST|-0.00002|-0.08387|0.12424|0.01849|-0.21622|-0.46983|-0.16096 =>  -128.696969109
HOST|0.00001|0.21503|-0.03086|-0.03757|-0.02815|-0.07042|-0.87922 =>  -188.876784066
SERVER|0.00012|-0.56345|0.23110|0.10201|0.08209|-0.20843|0.06642 =>  -40.1935412107
HOST|-0.00003|0.24872|-0.17441|0.00224|-0.10646|0.56351|0.11983 =>  15.2022728651
HOST|0.00005|-0.18790|0.04539|0.07593|-0.04257|0.42051|0.17520 =>  4.18258128048
SERVER|0.00016|0.04656|0.17856|0.05523|-0.09798|-0.13855|0.25704 =>  9.42774573848
SERVER|-0.00011|0.54407|0.01506|0.05411|-0.20414|0.20194|-0.34398 =>  -117.465911041
HOST|0.00011|0.26840|-0.11443|0.05263|0.33487|0.51571|0.49804 =>  271.985109715
HOST|0.00010|-0.02883|-0.13456|-0.05234|-0.34258|-0.01676|0.26866 =>  -73.9318678837
SERVER|0.00002|0.16302|-0.00383|-0.10663|-0.04509|-0.07049|0.43803 =>  80.6735300511
SERVER|0.00001|-0.27731|-0.11442|0.02692|-0.10593|0.28150|-0.06279 =>  -122.50876746
SERVER|0.00004|0.09100|0.05471|0.03570|-0.17541|0.42930|0.65720 =>  88.9890399073
SERVER|-0.00005|-0.32550|-0.12152|0.17905|-0.03704|-0.32111|0.01307 =>  -113.1942034
SERVER|0.00010|-0.08221|0.16937|-0.09193|-0.02206|-0.02864|0.45879 =>  68.1656184822
SERVER|-0.00001|-0.01521|-0.24546|0.05942|-0.20590|-0.48378|-0.29282 =>  -164.296793546
SERVER|0.00019|0.12705|0.03334|0.02103|0.13463|0.05417|0.78184 =>  253.495368445
SERVER|0.00006|0.26280|-0.02072|-0.07095|0.06016|-0.30580|0.05515 =>  61.8184404527
SERVER|0.00001|0.04286|-0.33604|0.10613|-0.13829|-0.35049|-0.07230 =>  -88.1387764295
HOST|-0.00001|-0.17653|-0.17436|0.01168|0.06963|-0.16286|0.01975 =>  3.35600070349
SERVER|0.00020|0.12703|0.02524|0.11979|0.42614|0.00485|0.07874 =>  190.214780855
SERVER|0.00017|0.41627|0.04140|-0.33636|0.05808|-0.10877|0.05767 =>  103.66159562
HOST|0.00002|-0.12575|-0.05012|0.02019|-0.14946|0.31551|0.41749 =>  4.96491043221
HOST|0.00007|-0.43810|0.06326|0.00882|0.32301|-0.14587|0.41265 =>  147.097258563
SERVER|-0.00022|0.36391|0.00957|0.04276|-0.12043|-0.44915|0.37656 =>  39.1027647753
HOST|-0.00001|-0.29198|-0.21106|0.02238|-0.25312|0.34385|0.32456 =>  -77.9011354567
SERVER|-0.00002|-0.08496|0.28107|-0.14740|0.38732|0.11620|0.12858 =>  102.151583612
HOST|0.00011|-0.16284|0.04390|-0.10853|-0.01370|0.37284|0.13362 =>  2.53029768071
HOST|0.00006|0.01715|0.01517|-0.03892|0.20467|-0.28758|0.08363 =>  99.3273641653
HOST|-0.00005|0.22538|-0.10021|-0.01952|-0.00812|0.80362|-0.00818 =>  2.61339818032
HOST|-0.00006|0.18094|-0.06503|-0.02204|-0.02003|-0.55891|-0.27555 =>  -59.5584511489
SERVER|-0.00008|-0.02449|0.14137|-0.03417|-0.11764|-0.15529|-0.98163 =>  -307.337824717
SERVER|0.00010|0.12572|0.11032|0.06054|0.30164|1.08888|-0.24847 =>  56.1888596764
HOST|0.00015|0.42868|-0.11406|-0.05688|-0.37367|0.02507|0.15180 =>  -31.3718072683
SERVER|0.00007|0.59135|0.00236|0.10768|0.13142|0.24172|0.14337 =>  156.039390436
SERVER|0.00018|0.46453|-0.28942|-0.06532|0.08273|0.00342|-0.02420 =>  100.230967904
SERVER|-0.00003|-0.00603|0.04655|-0.15341|0.06854|-0.03097|-0.11210 =>  -40.7800282897
SERVER|0.00003|0.09452|0.09622|-0.04709|0.12747|0.15131|0.07600 =>  59.4408236494
HOST|-0.00002|0.00230|-0.11444|0.00280|-0.29505|0.10373|0.11170 =>  -96.7336820209
HOST|0.00007|-0.02955|0.15619|0.12166|-0.23397|0.06708|-0.03946 =>  -62.9734323212
HOST|0.00004|0.03012|-0.00891|-0.13661|-0.10421|-0.20353|-0.06338 =>  -46.8964393726
HOST|-0.00003|0.32213|0.12773|0.16121|-0.17564|0.51002|0.18097 =>  15.4103401717
SERVER|0.00003|0.55414|0.17241|0.14257|0.12586|0.21072|-0.01092 =>  110.544531054
HOST|-0.00004|-0.13175|0.02605|-0.03518|-0.36679|0.77075|-0.59436 =>  -317.083921445
SERVER|0.00012|0.30032|-0.18805|0.01905|-0.33173|0.26373|0.03367 =>  -75.5791130227
SERVER|-0.00004|0.19788|-0.17621|-0.07493|0.08285|0.18303|0.42445 =>  129.182731742
HOST|0.00001|-0.10250|-0.23621|-0.08255|0.15262|-0.21180|-0.04720 =>  15.0714554855
HOST|0.00014|-0.23738|0.21580|0.05623|0.09125|0.02036|0.23737 =>  65.0657269976
HOST|0.00021|0.04844|0.21705|-0.03435|0.05500|-0.13703|-0.72339 =>  -111.54802836
HOST|0.00017|-0.34044|-0.11951|-0.01127|0.19396|0.07174|-0.13211 =>  5.51097691471
SERVER|-0.00024|0.27174|-0.08919|-0.07481|0.15857|-0.25144|-0.18306 =>  -24.4726539898
SERVER|0.00010|0.47788|-0.05642|-0.08143|0.16335|0.13027|-0.33712 =>  45.2950669783
SERVER|-0.00004|-0.01936|0.27919|0.02309|0.24561|-0.13243|0.50031 =>  164.183640921
HOST|0.00004|0.06854|-0.13800|0.17143|0.19348|-0.25716|-0.35662 =>  -7.17936867387
SERVER|0.00010|-0.35412|0.27623|-0.15454|-0.01846|0.20924|-0.00573 =>  -67.4969712122
HOST|-0.00019|0.33512|-0.06457|0.05919|-0.04357|0.40166|-0.72478 =>  -186.262497521
SERVER|0.00001|0.04957|0.06798|-0.05494|-0.39455|0.21476|0.14548 =>  -131.588801156
SERVER|0.00004|0.36231|-0.23013|-0.03172|-0.24030|-0.18952|-0.01037 =>  -58.2301000167
SERVER|0.00007|0.23041|0.03841|0.07164|-0.08858|0.15084|0.15520 =>  26.9408009935
SERVER|0.00002|0.13232|-0.18432|0.06725|0.50476|0.41782|0.20766 =>  236.601510736
SERVER|-0.00012|0.03886|-0.11875|0.07493|0.07228|-0.04154|0.11634 =>  12.4280093269
HOST|0.00004|-0.03740|-0.04297|-0.04415|-0.25672|-0.14163|-0.02341 =>  -102.808543278
HOST|0.00001|-0.08478|-0.09329|-0.01621|0.25116|-0.50700|-0.08332 =>  68.8980875192
HOST|0.00005|-0.22057|-0.12178|-0.05143|0.12168|0.17222|-0.52135 =>  -119.084547192
SERVER|0.00004|0.39376|-0.14367|-0.00478|-0.08556|-0.01754|-0.23770 =>  -54.6227883591
HOST|-0.00000|-0.06531|0.02399|-0.12153|0.04235|-0.25250|-0.12779 =>  -24.996749328
HOST|0.00012|0.24692|-0.16396|0.00066|-0.19950|0.65394|0.18738 =>  6.06926084489
HOST|-0.00005|-0.21259|-0.05252|-0.18716|0.07518|0.17688|-0.12594 =>  -53.5762018146
SERVER|-0.00007|0.29606|-0.06549|-0.08163|0.30778|-0.00550|0.03097 =>  122.403336617
HOST|0.00007|-0.47470|0.11986|-0.07995|0.12306|-0.04494|-0.21486 =>  -76.8096293525
HOST|0.00000|0.32387|0.22177|0.07986|-0.16424|0.19787|-0.38609 =>  -90.7314069561
HOST|-0.00015|0.02478|0.30125|0.02257|0.12314|-0.39706|-0.33222 =>  -61.6003252442
SERVER|0.00020|0.28296|-0.04863|0.03073|0.28175|-0.01193|0.09803 =>  159.562312303
SERVER|0.00013|0.67763|0.05614|-0.11268|-0.06505|-0.27729|-0.03493 =>  64.4528369036
HOST|0.00007|0.14021|0.01363|0.11127|-0.36084|-0.29265|-0.51908 =>  -234.750442702
HOST|0.00017|0.07444|-0.12941|0.00419|-0.08396|0.26944|-0.06715 =>  -6.69526468269
SERVER|0.00002|0.44242|-0.17014|0.11227|-0.12577|-0.38084|-0.64399 =>  -162.51917348
HOST|-0.00006|0.14492|-0.22961|0.25947|-0.06384|-0.25105|-0.56273 =>  -151.842904957
HOST|0.00008|-0.17707|-0.25738|0.03059|0.00553|0.27284|0.19578 =>  19.7578206357
SERVER|-0.00004|0.09044|0.00341|-0.07825|-0.18075|-0.05973|-0.00652 =>  -97.0754009959
HOST|-0.00021|-0.37386|0.19673|-0.12645|0.20099|-0.53053|-0.04112 =>  -21.3321142546
SERVER|0.00013|-0.09659|0.14280|-0.00473|0.14641|0.54301|-0.70839 =>  -116.631477918
HOST|-0.00003|-0.04041|0.00214|0.11203|-0.37799|-0.14436|0.01234 =>  -155.869067207
SERVER|0.00016|0.09428|-0.04966|0.08821|0.05168|0.30838|0.28157 =>  103.42325303
SERVER|-0.00003|-0.07039|-0.03568|0.00175|-0.23262|-0.13860|-0.22970 =>  -186.077693126
SERVER|-0.00002|0.00757|0.20446|0.09509|0.07444|-0.64088|0.31223 =>  70.4425691022
HOST|-0.00011|-0.45831|-0.11929|-0.07252|0.22179|0.30262|-0.53374 =>  -122.060787191
HOST|0.00008|-0.17363|0.18819|-0.05899|-0.06541|0.12066|-0.44144 =>  -144.942304698
HOST|-0.00005|-0.05883|0.05282|0.11435|-0.11904|-0.10153|0.31204 =>  2.93622954377
SERVER|-0.00002|0.59150|-0.06669|0.07698|-0.38160|-0.37908|-0.09641 =>  -113.361552621
HOST|-0.00004|-0.18135|-0.09563|-0.07943|0.08118|-0.19749|-0.16540 =>  -46.8797915446
HOST|0.00003|-0.50455|0.03209|-0.01274|-0.07769|0.18451|0.23980 =>  -43.7660374777
SERVER|0.00005|-0.26489|0.00392|-0.03236|0.15947|-0.30767|-0.00720 =>  -10.9349601942
SERVER|0.00013|0.19347|-0.06989|-0.12641|-0.05661|0.40570|0.02059 =>  -12.3109774342
HOST|-0.00018|-0.29860|-0.05563|0.03831|0.15732|-0.18784|0.44983 =>  72.029285882
HOST|-0.00015|0.01479|-0.00500|-0.16210|-0.20567|-0.07187|0.74847 =>  61.7939948865
SERVER|-0.00002|0.45393|-0.15576|0.06786|0.16197|-0.03750|-0.45668 =>  -10.3343817794
HOST|0.00007|0.31957|0.45453|-0.07893|0.07342|0.35603|0.11512 =>  99.219535717
SERVER|0.00006|-0.13841|-0.02507|0.01414|0.19517|-0.38296|0.38414 =>  116.608759814
HOST|-0.00015|0.04452|0.42466|-0.03202|0.04678|-0.23441|0.04034 =>  4.23782172983
HOST|-0.00006|0.18017|0.01439|-0.08287|-0.14610|-0.63071|0.16195 =>  -2.04709897409
SERVER|-0.00012|0.07548|-0.20594|-0.04413|-0.16485|0.12280|-0.25991 =>  -158.386336114
HOST|0.00005|-0.23658|0.11865|-0.03969|-0.03223|-0.08775|0.24791 =>  6.50599201492
