HOST|0.00002|0.80279|-0.09174|0.04041|-0.22504|-0.05040|0.58149 =>  163.877101489
HOST|0.00005|-0.00454|-0.02110|0.00174|-0.11684|0.19182|-0.23745 =>  -105.023368852
HOST|0.00015|-0.10437|0.04869|0.18333|-0.21864|0.27638|-0.13441 =>  -115.011801582
HOST|-0.00015|0.27118|0.14526|0.06101|0.13401|0.06237|-0.74065 =>  -122.623452696
HOST|-0.00006|0.14130|0.12084|0.05452|0.09272|0.25340|-0.65331 =>  -117.130523174
HOST|-0.00008|-0.41534|-0.04205|-0.00724|-0.07463|0.13273|0.19112 =>  -73.5775668047
HOST|-0.00008|-0.45937|-0.23509|-0.05679|0.06077|-0.49597|-0.30668 =>  -137.37933148
SERVER|0.00002|-0.23465|0.07345|-0.07217|-0.19256|-0.14377|-0.15183 =>  -162.804738349
SERVER|-0.00007|-0.10321|0.27467|0.04058|-0.24541|0.08631|-0.29790 =>  -212.111291232
HOST|-0.00007|-0.01039|-0.00453|-0.01352|-0.05199|-0.37720|-0.19641 =>  -91.5022329392
SERVER|0.00006|0.47246|0.17037|0.02759|0.05768|0.61162|0.42008 =>  161.034690581
SERVER|0.00003|-0.04454|0.00113|0.05071|-0.31363|0.13430|-0.48055 =>  -260.368197268
HOST|0.00007|0.19256|-0.21730|-0.21053|-0.14320|0.09896|-0.03320 =>  -39.1189294239
SERVER|0.00000|-0.06748|-0.20317|-0.08298|-0.04350|-0.64183|-0.04638 =>  -73.7072587358
HOST|0.00011|-0.19994|-0.10300|-0.09868|0.07626|0.10319|0.20899 =>  51.541716065
SERVER|-0.00023|-0.43976|0.13039|-0.03269|-0.18748|0.18920|0.09995 =>  -186.39307418
SERVER|0.00007|0.02707|-0.23733|0.01848|0.07501|-0.05031|-0.40946 =>  -86.0842367649
SERVER|0.00011|-0.01234|-0.05741|-0.05995|-0.12866|0.05322|-0.00326 =>  -59.6670604735
SERVER|-0.00009|-0.14319|-0.27307|-0.01018|-0.20139|0.51239|0.13495 =>  -115.805881143
HOST|0.00003|0.04087|-0.16027|-0.00261|0.03800|-0.17789|0.10325 =>  23.358169855
SERVER|0.00012|-0.16892|0.01549|0.19213|0.15838|-0.12864|-0.28031 =>  -27.3265996079
HOST|0.00000|-0.04734|0.03695|0.05506|0.03324|-0.53732|0.22773 =>  58.0482179229
HOST|-0.00008|0.09213|-0.04690|0.06352|0.04443|0.17617|-0.04384 =>  -10.6170686209
HOST|0.00003|-0.13689|-0.02228|-0.08553|0.09438|0.40490|-0.07434 =>  -24.9758798925
HOST|0.00005|0.28434|0.12689|-0.01981|-0.02746|-0.25908|0.70182 =>  204.37117509
SERVER|0.00035|0.11278|0.03086|-0.12954|-0.08223|0.19499|-0.05064 =>  7.65509666679
HOST|-0.00019|0.33102|0.14697|0.04384|0.18716|-0.12531|0.37460 =>  159.525818092
HOST|0.00007|-0.44901|-0.06622|-0.11302|-0.41352|-0.26382|-0.05330 =>  -208.50396798
SERVER|0.00003|0.03302|0.21404|0.03411|0.02133|0.46496|0.23895 =>  31.5935671828
SERVER|-0.00005|-0.52667|0.34303|-0.05623|-0.22689|0.35481|0.29297 =>  -124.903193394
HOST|0.00005|-0.29204|0.14549|-0.03034|-0.19670|-0.69619|-0.18449 =>  -160.678708702
HOST|-0.00005|0.13500|-0.11657|0.09416|-0.31440|-0.04641|-0.15492 =>  -144.497593474
HOST|-0.00005|0.39165|-0.03119|-0.05125|-0.22076|0.37876|0.39504 =>  41.0230487923
HOST|-0.00006|-0.24303|0.05123|-0.04363|-0.21593|-0.20355|-0.08493 =>  -146.338011559
SERVER|-0.00003|-0.13023|0.07266|0.10637|0.07956|0.27956|0.81312 =>  169.900417962
SERVER|0.00010|-0.31647|-0.15201|-0.06331|0.16045|0.08041|0.75069 =>  177.061880848
SERVER|-0.00009|-0.30169|-0.19425|-0.05414|-0.06935|0.48656|0.12119 =>  -85.2012150158
HOST|0.00011|-0.48737|-0.03365|0.09725|0.10545|-0.68923|-0.19470 =>  -77.0426827511
SERVER|0.00001|-0.19800|0.12329|0.00148|0.14702|-0.09889|-0.01463 =>  -16.153515723
SERVER|0.00009|-0.02207|0.13213|-0.01713|0.06585|-0.05525|0.20053 =>  54.7830101637
HOST|-0.00012|-0.63355|0.06730|-0.16558|-0.09622|0.12403|0.56049 =>  -33.4637505889
HOST|0.00002|-0.12513|-0.06921|-0.02189|-0.30575|-0.04848|0.27989 =>  -63.4607150858
SERVER|-0.00003|-0.13668|-0.08512|0.04388|0.18038|0.48786|0.04015 =>  11.3393634303
HOST|-0.00000|0.58247|0.23434|-0.00896|0.44953|0.03801|0.58773 =>  362.07115602
HOST|-0.00000|0.23091|-0.17873|0.17157|-0.16380|-0.48429|-0.37342 =>  -126.563860283
HOST|0.00005|-0.62055|-0.11391|0.00377|-0.09959|-0.03335|0.38689 =>  -46.3003149481
HOST|-0.00020|-0.21330|0.11653|0.01317|0.05160|0.09685|0.34546 =>  18.5112493965
HOST|-0.00008|0.21865|0.19324|0.11497|-0.06205|-0.02895|0.33654 =>  62.9107483235
HOST|0.00004|0.31165|0.23172|-0.06689|0.35595|0.17127|-0.32223 =>  82.1491432035
HOST|0.00020|-0.22522|0.01088|0.18406|-0.10403|-0.25803|-0.19001 =>  -90.4406331574
SERVER|0.00003|-0.22459|-0.09893|-0.14339|0.03725|0.20582|-0.07964 =>  -62.32050261
SERVER|0.00019|-0.00621|0.04962|0.04223|0.24028|0.28990|0.22372 =>  147.031654502
SERVER|0.00022|-0.24541|-0.14177|-0.09943|0.22982|0.05864|0.22138 =>  100.014815891
HOST|-0.00021|0.53646|0.03016|0.02068|-0.05030|0.11944|0.22201 =>  59.5386536223
SERVER|-0.00009|-0.30244|-0.11052|-0.03585|-0.09950|0.06354|-0.52093 =>  -223.961274527
HOST|-0.00025|-0.40823|0.39533|-0.02247|0.25853|-0.52765|0.50422 =>  108.430260844
SERVER|0.00015|-0.21208|0.03488|-0.05247|0.08024|-0.51210|0.67905 =>  156.189301785
SERVER|0.00007|0.24303|-0.12253|-0.08195|-0.16868|-0.28267|0.65918 =>  82.8047114376
HOST|0.00002|0.26293|0.01859|0.15070|0.15137|0.07775|0.11206 =>  105.339609631
SERVER|0.00014|0.39780|-0.10585|0.09062|-0.21641|-0.01473|0.72818 =>  133.498768298
SERVER|-0.00013|0.64482|0.10067|0.09532|-0.09492|-0.48220|0.76215 =>  182.366638136
SERVER|-0.00009|-0.13578|-0.14425|0.34575|0.06360|-0.19806|0.08150 =>  -13.9794334267
HOST|-0.00005|-0.25506|0.08333|0.04686|-0.32783|-0.39714|-0.08043 =>  -203.382863197
SERVER|-0.00013|-0.01689|-0.17034|0.27229|-0.06995|-0.30830|0.94457 =>  144.310451409
HOST|-0.00004|-0.01951|0.12177|0.00217|-0.07081|0.12934|1.02652 =>  184.484277104
SERVER|-0.00015|0.10283|-0.04572|0.13196|0.00008|0.03433|-0.02488 =>  -50.0032007671
HOST|-0.00011|-0.28977|-0.25623|-0.03622|0.30214|0.31713|-0.49457 =>  -71.03411743
HOST|-0.00020|-0.11760|-0.12647|0.08092|0.06071|0.20115|0.01992 =>  -29.9311393773
HOST|0.00011|-0.19297|-0.20110|0.02823|-0.21601|-0.17186|-0.17328 =>  -142.348702395
SERVER|0.00030|0.15330|-0.17167|0.11200|-0.05666|0.16833|-0.32130 =>  -39.9475740053
HOST|0.00011|0.08533|0.06123|-0.18789|0.00464|0.46474|0.00828 =>  44.5454371585
SERVER|-0.00009|0.62149|0.15824|0.11221|-0.08757|0.12795|-0.52642 =>  -100.555053113
HOST|0.00003|-0.48192|-0.17234|-0.08425|-0.03898|0.35725|-0.21332 =>  -152.618733123
HOST|-0.00012|0.00673|-0.15708|0.03321|0.11689|-0.09060|-0.22564 =>  -32.5368731067
SERVER|-0.00020|-0.12831|0.17576|0.21020|0.07820|-0.29077|-0.25995 =>  -114.961751456
SERVER|-0.00008|-0.51026|-0.11173|-0.08392|-0.06626|-0.24358|-0.46955 =>  -246.472536615
SERVER|0.00007|0.01447|-0.11424|-0.03174|0.32393|-0.33357|0.45244 =>  205.82158256
SERVER|0.00009|0.24302|0.11774|0.02677|0.38577|0.64656|0.28516 =>  215.82630388
SERVER|0.00002|-0.17340|-0.16362|0.02546|0.10629|0.53361|0.23004 =>  44.4544871596
HOST|0.00013|-0.13596|0.05117|-0.12221|-0.03772|-0.46688|0.85089 =>  173.738514599
SERVER|-0.00001|0.37274|0.09433|0.00438|0.09310|-0.27625|-0.93832 =>  -163.205883121
SERVER|0.00004|-0.46273|0.12299|0.14131|-0.10201|-0.56692|0.15032 =>  -110.935399864
SERVER|0.00017|0.34076|-0.11721|0.02497|0.08974|-0.47281|0.17976 =>  122.12235467
HOST|-0.00029|-0.00716|0.08243|-0.00837|0.01739|-0.03866|-0.47484 =>  -164.769558339
HOST|-0.00008|-0.22598|-0.05553|-0.01723|0.10857|-0.04299|0.05500 =>  -7.61661480822
HOST|0.00015|0.27815|-0.13006|-0.00974|-0.23633|0.02119|-0.02650 =>  -35.5595137109
HOST|-0.00008|0.30314|0.07709|0.02026|0.19436|0.27374|-0.97877 =>  -121.844894369
SERVER|-0.00013|0.09663|-0.08461|0.10191|0.05687|0.43123|-0.36445 =>  -103.289710206
SERVER|0.00004|0.19179|0.12760|-0.11869|-0.15103|0.24423|-0.86456 =>  -245.505773367
HOST|0.00016|-0.22584|0.27225|0.08359|0.12373|-0.13905|-0.06001 =>  14.9239472574
SERVER|-0.00017|0.12893|-0.15261|0.05600|0.08624|0.18584|0.19405 =>  15.3072619739
HOST|0.00002|0.01534|0.28791|-0.01548|0.03998|-0.15139|0.01828 =>  3.3601602207
HOST|0.00003|0.25779|0.01520|-0.06241|-0.03378|0.09309|0.23105 =>  87.0847304136
HOST|0.00025|0.03503|-0.21789|0.02628|-0.10886|0.27220|-0.54725 =>  -123.866686236
SERVER|-0.00013|0.29825|0.13357|0.02954|-0.14959|0.61427|-0.47473 =>  -158.136287678
HOST|0.00012|-0.12491|0.08829|-0.16415|-0.03617|0.34806|-1.08661 =>  -272.109550269
SERVER|-0.00023|-0.34518|-0.19669|0.02006|-0.15337|0.04973|-0.36804 =>  -248.296630922
SERVER|-0.00001|-0.35456|0.05737|0.03367|-0.30197|-0.30252|0.45835 =>  -72.3667177344
HOST|-0.00005|0.24913|0.06218|0.08652|-0.33048|0.07417|0.24034 =>  -47.2929191731
HOST|0.00005|-0.36421|0.02120|-0.10612|-0.16429|-0.37467|0.40357 =>  -26.6293099083
HOST|-0.00020|-0.23088|0.29710|-0.09812|0.12985|0.18146|0.91798 =>  185.514332031
SERVER|-0.00008|0.40094|-0.00739|0.10675|0.14603|0.48405|-0.18321 =>  27.902019212
SERVER|0.00005|0.28974|-0.08650|0.10376|-0.33565|-0.14064|0.14267 =>  -66.0591718559
SERVER|0.00004|0.10899|-0.08502|-0.04443|0.03285|0.63570|0.28507 =>  85.7281374671
SERVER|0.00024|-0.08808|0.03774|0.03211|-0.10462|0.66296|-0.28170 =>  -91.8289841265
HOST|0.00001|-0.40587|0.14528|0.08223|0.14080|-0.00802|0.15122 =>  18.352947832
SERVER|0.00006|0.23183|-0.26244|-0.08414|0.05003|-0.42420|0.02383 =>  39.5673880625
HOST|0.00000|0.23957|-0.19236|-0.04902|0.33158|-0.21552|0.17826 =>  175.964940559
HOST|-0.00018|0.32498|-0.07340|0.06150|0.27436|-0.42020|-0.70498 =>  -57.658707632
SERVER|-0.00005|-0.54159|0.22543|-0.11031|-0.16537|-0.17669|-0.58994 =>  -326.249876423
SERVER|-0.00005|0.17123|0.09674|-0.02790|-0.05520|-0.02992|-0.39289 =>  -120.040065325
SERVER|-0.00021|-0.05374|-0.10869|-0.04737|-0.34711|-0.46186|0.30159 =>  -138.383759511
HOST|-0.00010|-0.13737|0.19606|-0.08963|0.15612|-0.20063|-0.17603 =>  -14.2084442251
SERVER|-0.00010|-0.60157|0.07074|0.04942|0.37940|-0.41025|-0.01422 =>  4.9074268873
SERVER|-0.00024|-0.15959|-0.04047|-0.00616|-0.35562|0.63103|0.29567 =>  -161.209850992
HOST|0.00005|0.37431|0.03722|0.08495|-0.13767|-0.13138|0.58852 =>  147.33416069
SERVER|0.00015|0.38053|0.02655|0.22002|0.09159|-0.08492|0.25864 =>  140.715188338
SERVER|0.00006|-0.44246|-0.06222|0.02980|0.05018|-0.00237|-0.00178 =>  -73.596388678
HOST|0.00015|-0.16129|0.11585|-0.03751|0.27002|0.62279|-0.20062 =>  77.6908781241
SERVER|-0.00001|-0.12661|0.00869|-0.03000|0.03752|-0.13665|0.44284 =>  71.7959698027
HOST|-0.00012|-0.18120|-0.19162|0.18756|-0.19460|0.06581|0.10692 =>  -87.8846582043
HOST|0.00002|0.02967|0.12431|-0.10692|0.29464|1.00642|0.02675 =>  99.9518105338
HOST|-0.00002|0.20969|0.13871|-0.13861|0.02334|-0.56681|-0.88360 =>  -183.794586993
SERVER|-0.00013|0.02566|0.22811|-0.14280|-0.02888|0.27901|0.44998 =>  29.7193502527
SERVER|0.00001|0.21453|-0.16699|-0.03657|-0.03582|-0.09383|-0.10469 =>  -33.6888415438
HOST|0.00011|-0.26868|0.32851|0.08249|0.32026|0.16969|0.72816 =>  239.986542125
SERVER|-0.00002|0.48026|0.23492|0.01177|-0.02763|-0.10855|-0.04816 =>  8.00613158355
HOST|0.00020|0.18457|-0.00240|0.19894|-0.14657|-0.32443|0.33230 =>  74.9316969147
HOST|0.00009|0.94193|-0.02277|-0.10290|0.17577|-0.25847|0.13858 =>  238.522272614
SERVER|0.00015|0.04575|0.14851|-0.09340|0.07508|0.36640|-0.15288 =>  1.5228662266
SERVER|-0.00009|-0.15163|-0.12647|-0.00013|-0.33275|-0.09999|-0.36049 =>  -260.195845118
SERVER|-0.00007|0.04450|-0.12897|0.14077|-0.09023|0.08338|-0.48816 =>  -178.778010211
HOST|0.00015|0.06425|-0.29714|0.04952|0.33773|-0.31769|-0.37049 =>  61.8279262129
SERVER|0.00010|-0.12112|0.16010|0.10315|0.11236|0.33659|-0.12240 =>  -9.41291838
HOST|-0.00010|-0.88697|0.01611|0.07827|0.33184|-0.23140|0.61173 =>  101.721568526
HOST|-0.00019|0.02293|0.04170|-0.04217|0.11592|0.39579|0.00591 =>  -0.0266692825669
SERVER|-0.00017|-0.37755|-0.25440|0.09510|0.21672|0.24484|0.39363 =>  46.0550836089
SERVER|0.00007|0.29699|-0.05266|0.06844|0.02858|0.05173|-0.58725 =>  -97.6571809698
SERVER|0.00001|-0.18284|-0.15496|-0.04764|0.13648|0.04128|0.54564 =>  119.574454943
HOST|-0.00002|0.19000|-0.16630|-0.02838|-0.08309|-0.70453|-0.48447 =>  -136.543018114
HOST|-0.00001|-0.44218|0.28911|-0.01384|-0.30018|0.40138|0.39132 =>  -95.7695604045
HOST|-0.00012|-0.30175|0.17186|-0.11728|-0.17641|-0.35408|-0.00387 =>  -134.939699497
HOST|0.00018|0.23330|-0.10839|-0.00903|-0.49737|-0.54232|0.06588 =>  -111.9061634
HOST|-0.00002|-0.03586|0.19401|0.08051|-0.15561|0.48045|-0.46954 =>  -186.491866351
HOST|-0.00008|0.06984|-0.08553|-0.02419|-0.14766|0.28583|-0.38756 =>  -164.222807143
HOST|0.00003|0.23208|-0.12658|-0.05446|0.14585|-0.60227|-0.12734 =>  39.689799469
SERVER|-0.00000|0.08832|0.22094|-0.05142|-0.13036|0.32825|-0.25191 =>  -116.09055411
SERVER|0.00008|-0.12202|-0.06108|-0.00170|-0.23959|0.02131|0.29695 =>  -39.0214466054
HOST|0.00007|-0.01248|-0.12600|0.13585|0.18761|-0.55252|0.33393 =>  138.45081196
HOST|-0.00010|0.06465|0.00549|-0.07375|0.13032|-0.02336|-0.06854 =>  19.5573551656
HOST|-0.00009|0.53462|0.15198|0.16197|0.12190|0.47941|0.29298 =>  159.918583737
SERVER|-0.00006|-0.21187|0.12595|-0.01125|0.39403|-0.12518|-0.37993 =>  -3.75184020788
HOST|0.00009|0.08306|0.01132|-0.05663|0.02799|-0.15401|0.33791 =>  108.601595096
HOST|-0.00011|0.25739|0.23532|0.09794|0.26237|-0.20719|-0.56908 =>  -41.9620821504
SERVER|-0.00013|0.09568|0.02820|-0.03551|0.08439|0.17399|-0.23794 =>  -50.8731222041
HOST|0.00017|0.46495|0.03650|0.06060|-0.02856|0.65900|0.62868 =>  202.882804514
SERVER|-0.00015|0.06422|-0.18680|0.00732|0.12455|-0.07853|-0.20416 =>  -32.6917285518
HOST|0.00010|0.05075|-0.08519|0.12299|-0.06273|-0.13805|-0.22651 =>  -59.2537746944
SERVER|0.00009|0.80910|0.05980|0.11359|0.00904|-0.29708|-0.66273 =>  -37.8669758409
HOST|-0.00003|-0.03181|-0.17120|0.17607|-0.01615|-0.18855|-0.07189 =>  -21.9601779924
SERVER|-0.00008|-0.53585|-0.13538|-0.05875|-0.05779|0.10410|0.55067 =>  -17.3673724212
HOST|0.00018|-0.34776|0.10308|0.02318|-0.43415|-0.12097|0.31362 =>  -117.983869843
HOST|0.00027|-0.26385|0.18683|0.20514|-0.35136|-0.21391|-0.52147 =>  -267.200120248
SERVER|0.00005|0.08872|0.47880|0.01840|-0.07345|0.37129|-0.11476 =>  -59.4299783112
SERVER|0.00022|-0.08646|-0.26003|0.20484|-0.06294|-0.25154|-0.40346 =>  -112.174048615
HOST|-0.00003|-0.13086|0.07001|-0.15315|-0.15898|0.16107|-1.02608 =>  -328.278511866
HOST|0.00006|0.27499|-0.07956|0.04495|0.21140|-0.37046|0.11072 =>  140.51729133
SERVER|-0.00000|-0.00639|-0.20906|-0.11171|0.14014|0.03182|-0.23258 =>  -34.6358181056
HOST|-0.00005|0.22537|0.13043|0.06413|0.08942|0.32924|0.04489 =>  45.8933347406
HOST|-0.00009|0.29141|0.13616|0.01696|0.03085|0.35858|-0.30474 =>  -41.3857005497
HOST|-0.00004|-0.02930|0.03337|0.02749|0.42335|0.07889|-0.39279 =>  50.8609292641
HOST|-0.00013|0.18892|0.17604|-0.03874|-0.38206|0.05039|1.13753 =>  106.627530527
HOST|0.00007|0.53680|-0.08272|0.00894|0.22686|0.01075|0.66109 =>  304.526342298
SERVER|0.00005|-0.29868|-0.04736|0.00755|0.12273|-0.70063|-0.38800 =>  -116.021584782
SERVER|0.00007|0.41323|-0.42131|-0.04587|-0.00368|0.45334|0.25732 =>  97.9830809524
SERVER|0.00009|0.32490|0.05518|0.15355|0.29524|0.32134|0.24348 =>  196.64220414
HOST|0.00002|-0.18866|0.06197|0.01007|0.01790|0.60539|-0.77516 =>  -195.803994533
SERVER|-0.00002|-0.05386|-0.07850|0.08030|0.12684|0.49814|0.21826 =>  53.6260183396
SERVER|-0.00022|0.11302|-0.23703|-0.14098|-0.01627|0.54152|0.33324 =>  28.4027879032
HOST|-0.00006|0.12310|0.07720|-0.15478|0.13665|0.17111|0.28640 =>  110.818137886
HOST|-0.00010|0.47139|-0.06519|0.05388|-0.18931|-0.18258|0.73126 =>  149.726808453
HOST|0.00011|0.32858|-0.03503|-0.16243|0.18941|0.39267|-0.11759 =>  122.994858973
SERVER|-0.00004|-0.22171|-0.02936|0.13944|0.21664|0.08743|-0.35358 =>  -63.8369779865
SERVER|0.00000|0.09277|-0.04306|-0.04575|-0.37194|-0.12033|-0.33425 =>  -221.036697056
SERVER|0.00011|-0.06999|0.13553|-0.06548|-0.02752|0.27646|0.13093 =>  15.7023102884
HOST|-0.00003|0.25048|-0.11866|0.15055|-0.08788|0.30258|-0.42361 =>  -117.748792528
HOST|0.00022|0.21021|-0.15116|0.23541|-0.23911|0.53528|-0.70466 =>  -200.52465972
HOST|-0.00003|0.18750|-0.02161|0.20868|-0.19652|-0.09841|0.01911 =>  -61.3123114464
SERVER|-0.00001|-0.23601|0.01078|-0.04792|-0.07470|0.11264|0.15502 =>  -43.5416178077
SERVER|-0.00004|-0.23628|-0.23426|-0.13126|-0.24367|-0.40668|-0.20563 =>  -208.434763982
HOST|-0.00003|-0.01875|-0.09933|0.05962|-0.10921|0.05405|-0.17053 =>  -94.3716789632
HOST|0.00015|-0.48066|0.01716|0.03375|-0.15323|0.42675|-0.24960 =>  -165.540851711
SERVER|-0.00019|0.46125|-0.06874|-0.12989|-0.06930|-0.05232|0.13639 =>  13.8932697391
HOST|0.00009|-0.23184|0.19730|-0.03312|-0.12914|0.22669|-0.51832 =>  -181.105198652
HOST|0.00006|-0.18946|-0.01995|-0.05609|-0.19869|0.29541|-0.16296 =>  -124.183769899
HOST|-0.00009|0.24531|-0.15603|0.03583|-0.18074|0.47386|-0.32143 =>  -120.27864354
SERVER|-0.00000|0.07329|-0.22537|-0.01274|-0.33697|0.04156|-0.75775 =>  -315.335704948
HOST|-0.00005|0.00610|-0.02712|-0.08834|0.05969|0.13712|0.30067 =>  74.7904778833
HOST|-0.00016|0.10818|-0.04024|-0.10031|0.21831|-0.11810|0.14330 =>  106.278144141
SERVER|0.00000|-0.39400|0.15007|0.05741|-0.28420|0.08308|0.19615 =>  -142.52961918
HOST|-0.00006|-0.26479|0.16742|-0.04535|0.09444|0.16104|-0.17921 =>  -69.5050257952
SERVER|0.00006|0.23512|-0.04227|0.05387|-0.09246|0.09166|0.53288 =>  110.634551362
SERVER|-0.00006|0.03338|-0.05565|0.11367|-0.03036|-0.05760|-0.28034 =>  -114.178796936
SERVER|-0.00011|-0.10114|0.22725|-0.02951|-0.00783|-0.34990|0.50333 =>  61.1370276579
SERVER|0.00002|-0.02585|-0.03187|-0.24487|0.04267|-0.10584|0.23246 =>  43.8515201404
SERVER|0.00007|-0.26879|0.07436|-0.02901|0.06970|-0.69074|0.97595 =>  192.432562142
HOST|-0.00015|-0.05450|0.01413|0.15796|0.04447|0.08170|-0.46026 =>  -135.641540338
HOST|0.00001|-0.04859|0.13714|0.01797|-0.41441|-0.19803|0.58919 =>  -27.5957558814
HOST|0.00017|0.23187|0.03678|-0.09707|0.17169|-0.29322|-0.51515 =>  -10.4433754439
SERVER|0.00000|-0.58511|-0.11622|0.00564|-0.22218|0.14608|-0.28575 =>  -268.95284439
SERVER|-0.00006|0.22445|-0.05085|-0.00903|-0.19857|-0.00295|-0.48674 =>  -176.428265681
SERVER|0.00007|0.54191|0.02950|-0.04721|-0.22564|-0.36968|-0.01422 =>  -7.84427239758
SERVER|0.00017|0.17705|-0.23870|-0.02691|0.00218|0.16531|-0.19524 =>  -25.2384609019
HOST|-0.00017|0.29181|0.05793|0.03206|0.04230|0.09662|0.03313 =>  26.6736922958
HOST|0.00001|-0.20361|-0.05032|-0.03813|0.08730|-0.17470|-0.17044 =>  -48.1629150212
HOST|-0.00026|-0.41104|-0.14344|-0.11388|-0.41204|0.49503|0.12746 =>  -231.949907066
HOST|0.00028|0.16877|-0.10938|0.08276|0.21302|0.34194|-0.90407 =>  -74.0850167086
SERVER|-0.00001|0.02066|0.13485|-0.12453|0.06969|0.19141|0.09532 =>  14.143023233
SERVER|0.00018|-0.18443|-0.19030|-0.03966|-0.09187|0.48504|-0.51562 =>  -185.133835594
SERVER|0.00015|-0.22740|-0.02453|-0.01305|0.08270|-0.36164|-0.33557 =>  -81.3615904289
SERVER|0.00016|-0.05524|-0.01244|-0.02174|0.20250|-0.05813|-0.04882 =>  46.3319031753
HOST|0.00010|0.02275|0.12163|-0.02857|0.14392|0.63422|0.59402 =>  192.510751437
SERVER|-0.00012|-0.37897|-0.09480|0.07099|0.55053|-0.38810|-0.01216 =>  85.5342956809
HOST|-0.00011|0.23996|-0.03512|-0.01186|-0.12788|0.65588|-0.50095 =>  -147.03311943
SERVER|-0.00015|-0.00883|-0.06557|-0.02616|-0.16580|0.10876|-0.15320 =>  -160.892632907
HOST|-0.00014|0.10125|-0.23924|0.07898|-0.10661|-0.25546|-0.84415 =>  -243.438643603
SERVER|-0.00019|0.08683|0.02196|-0.04757|-0.15886|-0.03127|0.27158 =>  -41.7871714764
HOST|0.00012|0.33182|-0.30652|-0.18020|-0.20185|0.17625|0.03954 =>  -13.1553872006
SERVER|-0.00017|0.00169|-0.09530|-0.03818|0.11499|-0.16857|-0.09679 =>  -26.0999465173
SERVER|0.00020|-0.13378|-0.00698|-0.07954|-0.06019|-0.13400|0.69901 =>  119.581324836
HOST|0.00009|-0.03007|-0.09809|-0.02651|-0.02573|-0.27249|0.19466 =>  51.9734065279
HOST|0.00005|0.19021|0.10482|-0.05154|-0.08248|0.33842|-0.70606 =>  -160.235659147
SERVER|0.00004|-0.10490|-0.24079|0.01125|0.24099|-0.02737|0.52738 =>  162.329246279
SERVER|0.00001|-0.24558|-0.15253|0.15962|0.14112|0.37570|-0.47712 =>  -111.467586874
HOST|-0.00000|-0.10789|0.24454|-0.09396|0.25637|-0.25670|0.28346 =>  128.61127486
SERVER|-0.00002|0.20505|-0.14166|-0.05123|-0.27072|0.26116|0.72388 =>  66.7955991667
SERVER|-0.00016|-0.02267|0.31767|-0.02725|0.44067|0.27885|-0.22624 =>  59.7288353305
HOST|0.00003|-0.55243|0.10677|0.01423|0.37324|-0.27815|0.70229 =>  208.30087358
HOST|0.00001|-0.18588|-0.10439|-0.01175|-0.11469|-0.37200|0.25484 =>  -25.3590167385
SERVER|-0.00006|0.17216|0.06801|0.12303|0.17500|0.55972|0.42902 =>  135.250250352
HOST|0.00010|-0.06464|0.10435|-0.04407|-0.21340|-0.23483|-0.15056 =>  -119.469554459
SERVER|-0.00001|0.06704|0.11799|0.03998|0.00811|-0.19650|0.54353 =>  101.166320998
HOST|-0.00007|0.08015|-0.00308|0.02811|0.38190|0.16152|0.44303 =>  223.955197736
HOST|-0.00018|0.81803|-0.32054|-0.12107|0.03634|0.57386|-0.35891 =>  10.8958056509
SERVER|-0.00014|-0.07070|-0.23095|0.14604|-0.25377|-0.03555|-0.20708 =>  -191.765272988
HOST|0.00013|0.43478|-0.02441|0.08294|-0.10592|0.03051|-0.28544 =>  -36.7438586269
SERVER|0.00001|-0.29840|-0.07855|0.07306|-0.22511|0.36529|0.26729 =>  -79.8644019779
SERVER|-0.00005|0.22695|-0.08667|0.08098|-0.03611|0.01051|0.48499 =>  98.1585231817
SERVER|-0.00011|0.44203|0.01625|0.09001|0.07330|-0.13690|0.54082 =>  165.553603728
SERVER|0.00008|0.16112|-0.09246|-0.08897|0.11198|0.14480|0.04360 =>  66.7386472809
SERVER|0.00013|0.08972|0.07076|-0.03852|0.22572|-0.18918|-0.19231 =>  25.1840468648
SERVER|0.00006|0.41122|0.05185|0.02702|0.26188|0.06263|-0.05425 =>  126.421078789
HOST|0.00007|0.56616|-0.09882|0.06364|-0.03359|0.02791|-0.89377 =>  -123.793287552
SERVER|0.00012|0.02200|-0.05597|0.01820|0.64203|0.33311|0.39805 =>  309.560816775
SERVER|0.00007|0.10796|0.03777|0.01294|-0.05904|0.30083|0.04943 =>  1.40415431578
HOST|-0.00021|-0.13142|-0.01469|-0.04577|0.06592|-0.21927|0.18415 =>  -0.67558381943
SERVER|0.00015|-0.52449|-0.09345|0.01898|0.09748|-0.03969|0.75459 =>  135.854296505
HOST|0.00006|0.02061|0.28665|-0.11825|0.10100|-0.14511|0.31830 =>  107.327373631
HOST|-0.00009|0.55851|0.24170|0.06121|0.42730|-0.22241|0.02642 =>  208.706497415
SERVER|0.00006|0.02889|-0.33419|-0.00678|0.09428|-0.39827|-0.15345 =>  -26.4954820647
HOST|0.00012|0.46539|0.34630|-0.01449|-0.18171|0.26129|0.43585 =>  106.151968282
HOST|0.00001|0.27291|0.01362|-0.18097|0.02919|-0.48199|-0.50215 =>  -83.7490491499
HOST|0.00006|-0.46003|0.03338|-0.05167|0.10192|-0.04127|0.15483 =>  13.1942009671
HOST|-0.00015|0.19496|0.10744|0.04708|0.11101|0.68059|0.83032 =>  224.800633351
SERVER|0.00011|-0.25220|-0.03293|-0.06427|-0.06403|0.87016|-0.62914 =>  -213.554586407
SERVER|0.00004|0.18632|0.10837|0.02210|-0.24984|-0.21219|-0.18191 =>  -116.065942741
SERVER|-0.00015|0.50053|-0.08278|-0.10656|-0.01172|-0.01168|0.37591 =>  75.8591714339
SERVER|0.00022|0.05596|0.09438|0.08100|0.09543|0.34940|-0.13580 =>  23.0204206027
SERVER|0.00011|-0.03712|-0.15713|0.09140|0.18118|0.44334|0.12013 =>  86.6550580155
HOST|-0.00010|-0.30060|-0.01249|-0.07880|0.06412|0.26394|0.09330 =>  -41.3186459623
SERVER|0.00009|-0.10246|-0.00481|0.02036|-0.05945|-0.05828|0.49525 =>  68.7879789754
SERVER|0.00012|-0.44868|-0.04347|0.06610|0.03670|0.12840|-0.25798 =>  -112.824015254
SERVER|-0.00005|-0.24549|-0.21266|-0.11121|-0.03499|-0.24376|-0.34767 =>  -160.60274477
SERVER|-0.00001|0.20052|0.02735|-0.19401|-0.02768|0.17817|0.69848 =>  153.518698934
SERVER|-0.00012|0.11515|-0.04389|-0.10623|0.10252|-0.22923|-0.34282 =>  -83.9942910958
SERVER|-0.00001|-0.29631|-0.15529|-0.15078|0.05354|0.66605|0.03207 =>  -39.7374742518
SERVER|-0.00010|-0.42314|0.21671|-0.07048|-0.02015|0.37926|-0.43583 =>  -209.802155317
HOST|0.00015|-0.26718|-0.05087|-0.00272|0.13098|-0.30806|-0.18425 =>  -29.6578597518
SERVER|-0.00001|0.05733|-0.11821|0.10651|-0.05991|-0.77867|0.50837 =>  67.8346640104
HOST|0.00012|0.33789|-0.09490|-0.06237|-0.18876|0.15416|0.35571 =>  72.6493899584
SERVER|0.00004|-0.41277|0.00722|0.04866|0.07713|-0.53051|0.27661 =>  25.2734180154
SERVER|-0.00008|0.12915|-0.07593|0.02667|0.04445|-0.54124|-0.00974 =>  -10.3292548347
SERVER|-0.00005|-0.22406|0.04169|-0.10717|0.17446|0.28816|-0.65369 =>  -164.208635559
HOST|-0.00009|0.22816|0.12235|-0.07132|-0.40672|0.01369|-0.63707 =>  -292.145606094
HOST|-0.00002|0.03092|0.04197|-0.01703|0.15327|-0.00948|0.51466 =>  150.425139808
HOST|-0.00009|0.97221|-0.04042|-0.01990|-0.27522|0.37148|-0.07043 =>  -9.1156604651
SERVER|0.00003|0.34107|-0.07002|-0.00722|-0.20874|0.11651|0.60552 =>  59.3511759533
HOST|0.00016|0.14229|-0.08456|-0.00794|-0.32916|-0.31922|0.05900 =>  -76.5827541502
SERVER|0.00008|0.38611|-0.34635|-0.04748|-0.04141|-0.58511|0.03683 =>  46.7110599143
SERVER|0.00007|0.09689|-0.18225|0.08065|-0.04248|-0.27452|-0.12866 =>  -44.2998349457
HOST|0.00015|-0.04912|-0.04854|-0.08418|-0.02267|0.27047|-0.14603 =>  -14.8631196958
HOST|0.00022|-0.51579|0.06298|-0.05796|0.19663|-0.24091|0.08253 =>  37.6990078742
SERVER|-0.00016|0.14427|0.18498|-0.09478|0.10302|0.21466|0.14732 =>  33.3509452541
SERVER|-0.00000|-0.41953|-0.23218|0.08949|0.18518|0.42718|-0.00913 =>  -8.9794554712
HOST|-0.00017|-0.34061|0.00389|0.18524|-0.07191|-0.22421|-0.36068 =>  -200.211031679
SERVER|0.00009|0.36168|-0.15515|-0.06223|0.03135|0.08362|0.74889 =>  230.942818926
HOST|-0.00008|0.36579|0.13408|0.07271|0.10811|-0.04126|-0.29668 =>  -1.93881426546
SERVER|-0.00009|0.04739|0.05133|-0.05160|0.14506|0.26248|-0.67836 =>  -138.737652106
HOST|0.00007|-0.09627|0.09397|-0.07528|-0.09974|-0.16748|-0.30166 =>  -116.728084948
HOST|0.00018|0.56439|-0.25964|-0.05097|-0.27720|0.59147|0.00103 =>  -4.60971075081
HOST|-0.00002|-0.44289|0.23301|-0.01693|-0.01227|-0.26386|0.27357 =>  -16.7081457662
HOST|-0.00002|0.45655|0.01652|0.15982|0.17728|0.15967|-0.09692 =>  90.4156956383
SERVER|-0.00016|0.18864|0.02431|0.00864|0.12911|-0.10901|0.02038 =>  19.1226427161
HOST|-0.00017|-0.06420|0.06156|-0.05822|-0.07888|-0.17484|-0.07586 =>  -91.3116670605
SERVER|-0.00001|-0.02496|-0.09795|-0.06679|0.12391|0.25577|0.45589 =>  106.028743501
HOST|0.00005|0.44129|-0.03197|-0.00092|-0.23648|0.69275|0.15709 =>  5.88765655812
HOST|-0.00002|0.27696|0.04752|-0.04994|-0.63158|-0.15169|-0.09828 =>  -210.308641746
SERVER|0.00010|-0.21117|0.23065|-0.24193|0.25105|0.02247|0.40506 =>  145.976425645
HOST|-0.00008|0.46859|0.02007|-0.03987|-0.13005|-0.41656|-0.74146 =>  -156.14934411
HOST|0.00013|0.05818|-0.43601|-0.08492|0.04564|-0.38363|0.68751 =>  194.798257443
HOST|0.00011|0.04954|0.14770|-0.01306|-0.36587|-0.49345|-0.00808 =>  -120.700831094
SERVER|-0.00008|0.12507|-0.07597|0.09677|-0.10980|-0.00276|0.76669 =>  115.080451921
SERVER|0.00019|0.39342|-0.26701|0.02478|0.17226|-0.48907|-0.01740 =>  98.9276078682
HOST|-0.00008|-0.08995|0.14444|-0.00193|0.09262|-0.38422|0.02600 =>  -2.01862214705
HOST|-0.00001|0.12522|-0.24876|-0.15055|-0.14101|0.35358|0.27701 =>  20.2562394858
SERVER|-0.00018|-0.77100|0.19598|0.11607|0.07518|-0.73470|0.30869 =>  -77.4070896309
HOST|0.00009|0.12696|-0.12280|-0.02340|-0.07417|0.10968|0.38194 =>  96.4707334325
HOST|-0.00013|-0.07516|-0.23717|-0.04514|0.05705|0.46424|0.21780 =>  18.8242033292
SERVER|-0.00005|0.25175|0.15374|-0.12173|0.48837|0.00858|0.09815 =>  203.247199409
SERVER|-0.00034|-0.16706|-0.05977|-0.08310|-0.10410|-0.05516|0.57889 =>  -27.1033312442
HOST|-0.00006|0.13678|0.05565|-0.03711|-0.12099|0.41815|0.11409 =>  -7.65640813431
SERVER|0.00007|-0.08917|-0.04086|-0.07675|0.05730|0.19191|0.37316 =>  74.0135213412
SERVER|-0.00030|-0.08149|0.06335|-0.11008|-0.34980|0.26187|0.15603 =>  -184.111371706
HOST|-0.00004|-0.10424|0.03934|0.07302|0.04454|-0.07094|0.21887 =>  21.4132022442
HOST|-0.00023|0.01881|0.04425|-0.03089|0.11768|-0.08401|-0.44223 =>  -97.6368815974
SERVER|-0.00011|-0.41238|-0.17777|0.06943|-0.26105|-0.18923|0.04670 =>  -182.337020789
HOST|0.00016|0.50033|-0.06414|0.01114|-0.25025|0.21009|0.76870 =>  164.415872975
SERVER|-0.00019|-0.60738|-0.12717|0.02819|0.02409|-0.06867|-0.42136 =>  -247.331956812
SERVER|-0.00005|0.14759|0.01850|-0.10883|-0.03708|0.54722|-0.15427 =>  -63.6788273968
SERVER|-0.00008|0.59662|-0.17206|0.04019|-0.16539|0.47111|0.27058 =>  50.7119670507
SERVER|0.00003|-0.44965|0.07476|-0.04018|-0.05927|-0.06903|0.32653 =>  -27.6973515995
HOST|-0.00013|-0.20605|0.12032|0.03922|0.03354|-0.21809|0.34552 =>  22.902624528
SERVER|0.00012|0.71539|0.12813|0.04094|-0.04457|0.01617|0.23544 =>  130.875471288
HOST|-0.00003|-0.10857|-0.01881|-0.00374|0.26912|0.06249|-0.17894 =>  15.8635537792
HOST|-0.00006|-0.08128|0.03559|0.04362|0.08507|0.21411|0.03540 =>  1.84803670501
HOST|-0.00002|0.36720|-0.07587|0.05673|-0.12062|-0.18910|0.37965 =>  89.8768231646
HOST|0.00008|-0.53787|-0.16504|0.02758|0.17908|-0.22066|-0.27148 =>  -76.4069070825
SERVER|0.00015|-0.03739|-0.01235|-0.17886|-0.04409|0.06022|0.56086 =>  93.7661065474
SERVER|-0.00002|-0.21096|-0.09326|0.05661|-0.06749|0.02847|-0.63097 =>  -239.245348961
HOST|-0.00000|-0.31720|-0.05896|0.01969|-0.08906|0.57613|-0.22494 =>  -139.021551062
SERVER|0.00010|0.05066|-0.09595|0.09281|0.07956|0.06714|-0.46646 =>  -94.0505687252
SERVER|0.00005|-0.23306|-0.09470|-0.06654|0.39746|0.12667|-0.43441 =>  -14.5041453308
HOST|0.00005|0.23672|0.02561|-0.08614|0.05332|0.30935|0.09625 =>  78.0959488009
HOST|0.00014|0.51876|-0.25425|0.08195|0.05962|0.05607|-0.31087 =>  52.7937958344
SERVER|0.00008|-0.49417|0.05726|-0.02324|0.19872|0.57184|-0.31245 =>  -87.617611118
HOST|0.00019|0.04976|-0.35360|-0.08781|-0.11168|-0.02880|0.30105 =>  41.6388884055
HOST|0.00006|0.34988|0.02595|0.02322|-0.04759|0.08060|0.31398 =>  94.1930019795
SERVER|-0.00021|-0.38539|0.27712|-0.07488|0.26412|0.04942|-0.23888 =>  -77.8895157018
HOST|-0.00001|0.08124|-0.03211|-0.06743|-0.15609|0.12717|0.87863 =>  148.908086157
HOST|-0.00019|-0.09269|0.02998|0.07930|0.04516|-0.06795|0.09430 =>  -20.5174796966
HOST|-0.00014|0.17442|-0.09835|-0.02444|0.11471|-0.41494|-0.29702 =>  -34.2871412471
HOST|-0.00011|0.39694|0.18292|0.08356|0.06757|-0.01272|0.22903 =>  104.194397042
SERVER|-0.00005|-0.25751|0.09829|0.06885|-0.05255|-0.19853|-0.47548 =>  -201.424653672
HOST|-0.00006|-0.69579|0.02357|0.00341|-0.03486|0.30902|0.61418 =>  1.70129287434
SERVER|-0.00009|0.40278|-0.08869|-0.08030|-0.16443|-0.03744|0.09847 =>  -18.4822493354
SERVER|-0.00008|0.48054|0.01318|-0.04110|0.19728|0.46508|-0.23624 =>  35.6185202538
SERVER|-0.00018|-0.64505|-0.01848|-0.09015|0.10171|0.13627|0.07167 =>  -90.482978031
SERVER|0.00010|-0.15559|0.22896|-0.08846|0.10101|0.38930|0.63022 =>  154.950155864
SERVER|-0.00013|-0.17640|0.27645|-0.02381|-0.47353|-0.06924|0.39610 =>  -168.889191259
HOST|0.00002|-0.01885|0.00112|0.17033|0.03388|0.06341|-0.54455 =>  -128.468640311
SERVER|0.00018|0.00239|0.10620|-0.04442|-0.20840|-0.64645|-0.25609 =>  -137.037693972
SERVER|-0.00007|-0.22340|-0.04131|-0.06602|0.13577|0.48401|-0.02657 =>  -34.3037642119
HOST|-0.00011|0.30087|-0.14088|0.01847|0.15038|-0.22196|-0.25462 =>  2.18829421755
SERVER|-0.00006|-0.05073|0.00453|-0.10141|-0.25988|0.03338|-0.51784 =>  -250.986040822
HOST|0.00025|-0.18391|0.01132|-0.10629|-0.01732|-0.36604|0.01042 =>  2.57323052775
HOST|-0.00001|-0.39068|0.12457|0.20708|-0.24836|-0.21883|0.00398 =>  -157.219006269
HOST|-0.00010|0.12784|-0.08142|-0.10577|0.11456|0.98133|-0.32612 =>  -53.1718180942
HOST|-0.00001|0.23024|0.06284|-0.15791|0.05425|0.08428|-0.18836 =>  7.71911585036
HOST|0.00010|0.45934|-0.33193|-0.00425|-0.10391|-0.26419|-0.35127 =>  -42.1782403793
SERVER|0.00001|-0.18793|0.15854|0.07908|0.10175|0.14430|-0.81896 =>  -214.038261503
HOST|0.00004|0.12650|0.14860|0.00959|-0.05189|0.02625|1.09736 =>  260.829984575
HOST|0.00026|-0.18805|0.07962|-0.03888|0.81437|-0.10713|-0.02507 =>  280.650515974
HOST|0.00014|-0.31067|0.26405|-0.02496|0.19818|0.40089|0.23828 =>  110.541913657
HOST|-0.00022|-0.52405|0.19821|0.11698|0.05499|0.10523|-0.32549 =>  -178.446253458
SERVER|0.00001|0.75189|-0.31965|0.00854|0.39200|0.19686|-0.00750 =>  229.545243067
HOST|-0.00013|-0.16663|-0.03160|0.02068|-0.11442|-0.15660|-0.64801 =>  -240.685653726
SERVER|0.00003|0.19288|-0.06810|0.05282|0.02312|0.35907|-0.01786 =>  5.70980012578
HOST|-0.00003|0.17797|-0.07831|-0.15925|0.06714|-0.52691|0.19825 =>  88.0910575833
SERVER|-0.00000|-0.15043|-0.05958|-0.08541|0.14791|0.28010|0.64455 =>  157.332354945
HOST|0.00011|-0.07632|-0.04542|-0.06041|-0.16575|-0.28955|-0.68029 =>  -217.040862189
HOST|-0.00014|0.25911|-0.11600|-0.01791|-0.28845|-0.39467|0.44453 =>  8.22868329701
SERVER|-0.00014|-0.27996|0.01177|0.07306|-0.22235|0.14846|-0.06703 =>  -176.882073359
SERVER|0.00015|-0.21912|-0.00002|0.00326|0.22096|-0.06620|-0.07872 =>  18.6983556022
SERVER|0.00011|0.33086|0.22776|0.13045|0.08666|-0.84610|-0.02036 =>  73.253090961
HOST|-0.00002|0.05875|0.06006|0.20436|-0.02926|-0.24055|-0.30124 =>  -83.2441934891
HOST|0.00001|-0.11248|0.34970|-0.04907|0.18580|0.40113|-0.89980 =>  -170.969454373
SERVER|0.00003|-0.38643|0.15064|0.10797|0.10358|-0.46615|-0.59608 =>  -179.49352093
SERVER|-0.00007|0.25978|0.32297|0.20758|-0.01797|0.13049|-0.07838 =>  -28.1285387496
HOST|-0.00009|0.13172|0.20647|0.03750|0.06679|-0.02759|0.32903 =>  92.0836478969
HOST|-0.00007|0.62126|0.08791|-0.03258|0.00922|-0.19363|-0.05322 =>  56.8800927933
SERVER|0.00017|0.53348|-0.10239|-0.17355|-0.20882|-0.07443|0.01789 =>  3.975772624
HOST|0.00013|0.14708|0.27097|0.00954|-0.08070|0.29927|-0.03760 =>  1.27671059993
HOST|-0.00004|-0.55755|0.20113|0.10625|-0.13837|-0.01898|0.42325 =>  -57.1959654259
HOST|-0.00010|0.18246|-0.12431|-0.12746|0.28298|0.21439|0.59273 =>  228.350940257
HOST|-0.00015|0.56334|-0.08421|0.14421|-0.11089|0.47296|-0.75909 =>  -163.637288687
HOST|-0.00017|-0.24168|0.32613|0.10705|0.01468|-0.23930|-0.06196 =>  -57.4807518694
HOST|0.00004|-0.30765|0.08782|-0.07067|0.12218|0.16753|0.40500 =>  87.3957810543
HOST|0.00017|0.00744|0.03335|0.10411|-0.01568|-0.08358|0.35085 =>  116.866047154
HOST|0.00002|-0.40978|0.06191|-0.00017|-0.16258|0.55750|-0.42034 =>  -221.94943952
SERVER|-0.00016|-0.70996|-0.08294|0.03670|0.00584|0.19450|-0.90050 =>  -352.648759893
SERVER|0.00003|-0.62834|0.24929|-0.08577|0.23078|0.20709|-0.53088 =>  -165.214896283
HOST|-0.00007|0.05784|0.31218|0.08220|0.05947|0.06172|-0.22089 =>  -45.7410075073
SERVER|-0.00016|0.33181|0.00095|-0.08207|-0.16462|0.30119|0.19448 =>  -13.2765146719
SERVER|0.00027|0.43879|-0.04891|0.05269|0.15994|0.28268|0.96547 =>  370.239256474
SERVER|0.00006|-0.11101|-0.00521|0.24826|0.10258|0.11779|0.21246 =>  49.1117039026
SERVER|-0.00012|0.16770|0.00305|-0.06408|-0.15420|-0.20430|0.44073 =>  30.1377953046
SERVER|0.00002|0.07021|-0.03744|-0.25586|-0.25819|0.54846|-0.16433 =>  -150.667377111
SERVER|-0.00009|-0.55163|0.03415|0.11193|-0.01226|-0.25343|-0.21029 =>  -166.119213974
SERVER|0.00018|-0.11493|0.04565|0.07217|0.55776|0.37545|-0.10513 =>  149.354358224
SERVER|-0.00001|0.32172|0.23671|-0.02035|-0.12110|-0.08059|0.15636 =>  15.2210261627
HOST|-0.00000|0.35086|-0.20129|-0.17941|0.11142|-0.16181|0.08888 =>  90.4668280247
SERVER|-0.00003|-0.09278|-0.09359|-0.06848|0.16386|-0.19390|0.57817 =>  153.460668939
SERVER|-0.00028|0.21319|0.29550|0.12101|0.21107|-0.03705|0.15518 =>  60.8749099969
HOST|0.00013|0.21026|-0.00631|-0.01276|0.35746|-0.16814|0.95103 =>  382.014150827
HOST|-0.00012|-0.06267|0.03290|-0.09201|-0.13521|0.48902|-0.34226 =>  -178.235765777
HOST|-0.00012|-0.50543|-0.09069|-0.06618|0.25113|-0.25510|0.24450 =>  40.3001240527
HOST|0.00013|0.47491|-0.11938|-0.00490|0.05430|0.37344|-0.86119 =>  -105.819299619
HOST|0.00002|-0.28525|0.08594|0.02642|0.12622|-0.42916|0.19206 =>  43.7882229864
SERVER|-0.00018|0.05811|0.13146|-0.06562|-0.06597|0.44061|0.17835 =>  -26.4015489592
SERVER|-0.00011|0.12769|0.15871|-0.09379|0.20984|0.25467|0.09401 =>  70.1567332148
HOST|0.00004|-0.00317|-0.19101|0.09564|0.04074|-0.00327|-0.23885 =>  -36.6438349405
HOST|0.00001|0.15475|0.07904|0.10319|0.38189|-0.02723|-0.31663 =>  81.3345115682
SERVER|-0.00002|0.19665|-0.19164|-0.18469|0.14924|-0.48351|-0.23887 =>  -22.6675072286
HOST|0.00017|-0.29900|0.14016|-0.04724|0.18962|0.05032|0.02914 =>  43.967153155
HOST|0.00005|-0.66796|0.04077|-0.01539|0.19931|0.13654|0.05053 =>  -6.75225172056
SERVER|-0.00013|0.19569|0.05365|0.06930|0.00405|-0.25739|-0.32906 =>  -78.6286512896
SERVER|-0.00022|0.30569|0.01021|-0.02278|-0.06839|0.07045|0.09278 =>  -28.4267007146
HOST|-0.00012|-0.00597|-0.06617|-0.14635|-0.07792|0.23049|-0.08380 =>  -83.7901374515
SERVER|-0.00017|0.01371|-0.07609|-0.02740|-0.18896|-0.26282|-0.12625 =>  -151.622775846
SERVER|0.00015|0.39558|-0.16609|-0.13453|-0.07786|0.37709|0.07536 =>  33.1330683857
SERVER|-0.00002|0.09323|-0.15388|-0.01893|0.16883|-0.12210|0.13852 =>  86.7511439425
HOST|-0.00007|0.57113|0.03643|0.00665|-0.34381|0.07901|0.11841 =>  -38.0565038944
SERVER|0.00000|0.02852|-0.12886|0.11970|0.23310|0.39463|-0.20265 =>  4.40000743348
HOST|-0.00001|0.08098|0.02784|0.01935|-0.15777|-0.42893|0.34385 =>  19.5369792663
SERVER|-0.00002|-0.03829|0.01990|-0.10054|0.02372|0.23628|-0.71825 =>  -188.629814005
HOST|0.00022|-0.31823|-0.11963|0.01745|-0.08452|0.01729|0.42938 =>  48.4398622636
SERVER|0.00017|0.16777|-0.07445|-0.03747|0.03735|0.47004|0.32838 =>  105.96829906
SERVER|-0.00013|-0.13089|-0.08277|0.16457|0.02074|0.28215|-0.42110 =>  -168.729661695
HOST|0.00002|0.24440|0.01592|0.02285|-0.18157|-0.60613|0.13982 =>  -2.29327615735
HOST|0.00006|0.27792|0.15994|0.05190|-0.18541|0.24431|-0.27785 =>  -92.5338071838
SERVER|-0.00003|0.22306|-0.06754|-0.06658|-0.19680|-0.10853|0.56889 =>  56.3648952326
HOST|-0.00020|-0.11454|-0.01951|-0.02911|-0.35421|-0.39853|0.76406 =>  -11.6439446346
SERVER|-0.00018|-0.12563|0.07288|0.12334|-0.21150|0.13504|0.17887 =>  -112.475131048
SERVER|0.00006|-0.16766|-0.05242|0.04370|0.13879|0.17596|-0.59091 =>  -119.055366553
SERVER|-0.00009|0.04635|0.01328|0.02277|0.07959|-0.60837|-0.27971 =>  -73.2007688851
HOST|-0.00001|0.05980|0.14041|0.04831|0.21001|-0.05792|0.50287 =>  199.673549515
SERVER|-0.00009|-0.28773|-0.20111|-0.04367|-0.33618|-0.33472|-0.87936 =>  -413.004695901
SERVER|0.00010|0.19661|-0.07594|-0.12592|0.00878|-0.38882|0.02130 =>  27.6892571815
HOST|0.00008|-0.19798|0.04599|-0.10452|0.02818|-0.00110|0.30293 =>  54.2404557355
SERVER|0.00005|0.01106|-0.10655|-0.10330|-0.33012|-0.13084|-0.17335 =>  -172.664585163
HOST|0.00001|0.04810|0.04930|-0.01251|-0.44226|0.65808|-0.11249 =>  -187.82586772
SERVER|0.00002|0.38680|-0.10741|0.01314|0.14460|0.01131|-0.24390 =>  30.6258718509
SERVER|0.00002|-0.24820|0.15724|-0.17887|0.00640|0.32682|-0.52536 =>  -168.726904817
HOST|0.00025|0.54313|-0.15668|0.07080|0.14532|0.33150|-0.15872 =>  124.320498773
HOST|-0.00005|0.37574|0.08873|-0.04004|0.21701|0.74221|-0.14710 =>  70.1401013522
HOST|0.00000|-0.21728|0.06217|0.06632|-0.26414|-0.35955|-0.57446 =>  -273.935905031
HOST|-0.00001|0.01430|-0.09789|-0.14011|0.02581|0.32367|-0.25935 =>  -49.7107373226
HOST|0.00005|0.19999|-0.07535|0.01538|-0.29307|0.48891|0.22569 =>  -35.2496477391
HOST|0.00005|0.04003|-0.16688|-0.13236|-0.07490|-0.14817|0.81953 =>  156.616412788
SERVER|0.00013|-0.09866|-0.04643|0.14314|0.20288|0.01063|0.15654 =>  77.2411374794
HOST|-0.00006|0.19597|0.05021|0.05386|-0.07332|0.29408|-0.05861 =>  -25.1430421184
HOST|-0.00015|0.46389|-0.05094|0.04370|0.06363|0.30348|-0.57894 =>  -79.9656076325
SERVER|-0.00018|0.09659|-0.12909|-0.14491|-0.04156|-0.42724|-0.84301 =>  -263.382565593
SERVER|0.00018|-0.14765|-0.12255|-0.12091|0.03505|0.27105|0.34377 =>  74.9328496853
HOST|0.00001|-0.06862|0.09698|0.00740|-0.21804|-0.04575|-0.52392 =>  -214.870211594
SERVER|0.00011|0.13367|0.16067|0.08596|-0.08868|0.20147|0.32921 =>  65.3304902984
HOST|-0.00002|0.81014|-0.06738|0.01745|-0.04012|0.31506|-0.58508 =>  -41.5645050928
HOST|0.00013|-0.15967|0.19658|0.11113|0.13398|0.24337|0.58437 =>  165.932188584
HOST|0.00007|0.33834|-0.14426|-0.24636|-0.23087|-0.48191|-0.19102 =>  -77.1614639415
HOST|-0.00007|0.40492|0.08925|-0.13746|0.18562|0.17262|-0.38674 =>  17.2439314821
HOST|0.00012|-0.37832|0.03412|-0.11820|-0.04085|-0.43315|-0.18938 =>  -98.7315747021
SERVER|-0.00002|-0.44726|0.27514|-0.08388|0.36295|-0.47396|-0.21008 =>  -13.9025652696
SERVER|0.00014|-0.34022|-0.31366|0.07988|0.01130|0.38689|-0.20220 =>  -94.0629089806
SERVER|0.00024|0.01951|-0.07565|-0.01009|-0.29480|0.44410|-0.28751 =>  -163.236611578
HOST|0.00005|-0.28365|-0.00917|0.01567|-0.13144|-0.06818|-0.51504 =>  -211.828704231
HOST|-0.00016|-0.26031|-0.06094|0.04333|-0.01009|-0.54042|-0.31302 =>  -159.398130718
SERVER|-0.00000|0.03998|0.37170|-0.01403|-0.17417|-0.83122|-0.71901 =>  -254.4049112
HOST|0.00014|-0.19237|0.03319|0.08260|0.32564|0.14075|-0.10475 =>  71.9087664275
HOST|-0.00019|-0.01640|-0.23539|-0.01979|-0.59702|0.13537|-0.40385 =>  -348.56397433
SERVER|0.00009|0.18572|-0.23157|0.06742|-0.00911|-0.49547|-0.17320 =>  -39.1446220395
SERVER|-0.00005|0.74356|-0.02082|-0.04327|0.27750|0.08904|-0.10764 =>  145.144224984
SERVER|-0.00008|0.05030|-0.04033|-0.01452|0.25995|0.48120|0.01566 =>  59.5916570246
SERVER|0.00003|0.18211|0.01225|-0.03629|-0.03259|0.17541|0.31870 =>  52.9743106499
HOST|-0.00003|0.08982|0.10635|0.06108|0.04348|0.05899|1.11067 =>  266.761739851
SERVER|0.00009|0.45668|0.07760|-0.03863|-0.17381|-0.40935|0.16359 =>  23.2370344176
HOST|0.00001|0.37562|0.07014|0.05002|-0.17290|-0.54114|-0.17538 =>  -69.7691186218
SERVER|-0.00009|0.24132|0.37500|0.01879|-0.16722|-0.12576|0.07616 =>  -38.7849616574
SERVER|0.00012|-0.25591|-0.13029|0.12838|-0.09143|-0.69681|-0.24114 =>  -122.20151351
HOST|-0.00014|-0.63826|-0.16199|0.00315|-0.23496|-0.13833|0.34086 =>  -135.915440404
SERVER|0.00017|0.17296|0.04641|-0.11059|0.16685|0.09152|0.27717 =>  154.69579936
SERVER|0.00025|0.17557|-0.10169|0.07078|-0.08179|-0.48271|1.01233 =>  235.855625466
SERVER|-0.00001|0.05425|-0.13713|-0.10334|0.10185|-0.03388|0.24387 =>  77.5087089154
SERVER|-0.00008|-0.41064|-0.22936|0.05895|0.46636|-0.22907|0.02173 =>  72.8504561171
HOST|-0.00004|0.12423|0.00123|-0.00987|-0.10789|0.40751|0.30863 =>  28.1340626285
SERVER|-0.00006|-0.16877|0.20806|-0.01187|-0.06442|0.64673|-0.33705 =>  -154.722602845
HOST|0.00009|-0.18039|0.14626|0.05300|0.00133|-0.19859|-0.84926 =>  -213.056495716
HOST|0.00003|0.19533|0.17235|-0.09772|0.01591|-0.20752|-0.42254 =>  -75.0103310279
HOST|0.00002|0.33984|-0.05523|0.04515|0.09835|0.56797|-0.56056 =>  -62.1222752338
SERVER|0.00016|-0.70840|-0.06234|0.10442|-0.07385|-0.58335|0.19545 =>  -107.321617621
SERVER|0.00006|0.36832|-0.01708|0.02373|0.00930|0.41610|-0.52098 =>  -81.6379740584
HOST|-0.00001|-0.10669|-0.05759|0.00847|-0.28889|-0.22050|0.38319 =>  -53.6370326618
HOST|0.00002|-0.29205|-0.02905|-0.01200|-0.10597|-0.04943|0.61099 =>  49.5856742119
SERVER|-0.00015|0.45441|0.09435|0.16248|-0.11836|-0.34786|0.39389 =>  47.500885953
SERVER|-0.00013|0.54692|-0.07049|0.00594|-0.06641|0.09782|-0.09537 =>  -21.4148450907
HOST|-0.00014|0.23603|0.01436|-0.00316|0.32495|-0.08043|0.25208 =>  156.154538814
HOST|0.00005|-0.11946|0.27065|-0.04459|-0.13515|-0.02788|0.31421 =>  -4.74257536251
HOST|-0.00033|-0.18876|0.00628|0.07487|0.24382|0.44301|0.23427 =>  40.1791584185
HOST|0.00011|-0.00518|-0.00537|-0.15457|-0.11971|0.17413|-0.27705 =>  -106.73279956
SERVER|0.00028|-0.20191|-0.28948|0.08719|-0.15339|-0.22829|-0.43292 =>  -149.454275663
SERVER|-0.00018|0.23040|-0.27965|0.05116|-0.01479|-0.25094|0.57234 =>  87.4134899537
HOST|-0.00000|0.30919|0.11517|-0.02682|0.16519|-0.22593|-0.04838 =>  78.9776952213
HOST|0.00012|-0.20378|0.22898|-0.09549|0.08181|-0.48353|0.63401 =>  152.216601367
HOST|0.00009|0.02502|0.17895|0.07278|-0.28698|-0.40096|0.14071 =>  -67.8288946673
SERVER|0.00012|0.13802|0.06204|-0.12135|0.23133|-0.50789|-0.24900 =>  38.0138065457
SERVER|0.00019|0.45699|0.08737|-0.00030|-0.17630|0.05929|-0.30113 =>  -71.0019617435
SERVER|-0.00005|0.02328|-0.10521|-0.09013|-0.05873|0.83587|0.32470 =>  22.4945314689
HOST|0.00012|-0.40895|0.13509|-0.07721|-0.06440|0.15729|0.20891 =>  -35.8753973358
SERVER|-0.00005|0.43322|-0.06991|-0.09089|-0.16080|-0.31562|0.15894 =>  8.86949015306
HOST|-0.00027|0.78594|-0.01438|-0.00727|-0.07352|-0.24461|-0.59342 =>  -107.883896658
HOST|-0.00011|-0.11331|0.20379|0.00750|-0.60803|-0.07567|-0.37932 =>  -342.608851099
HOST|-0.00027|0.24203|0.11859|-0.04624|0.11896|0.10847|-0.42344 =>  -77.1499804087
SERVER|-0.00009|0.15284|-0.04071|0.02215|-0.15688|-0.10301|-0.42859 =>  -185.423240565
SERVER|-0.00010|-0.00042|-0.09625|0.02010|-0.06812|-0.27264|-0.26639 =>  -136.726053234
SERVER|-0.00016|-0.33710|-0.00496|0.06872|-0.17683|0.25035|-0.27395 =>  -223.800830774
HOST|0.00000|-0.04795|-0.08719|0.06983|0.02451|-0.16504|0.76206 =>  165.482256753
SERVER|0.00000|-0.46049|0.00208|-0.24739|-0.26866|-0.12302|-0.48809 =>  -294.061791748
HOST|-0.00000|0.25944|-0.18089|-0.12762|-0.16572|-0.38248|0.42592 =>  62.0345726179
HOST|0.00002|0.09223|0.30362|-0.00001|0.04793|0.55624|-0.29395 =>  -45.0474086402
HOST|0.00016|-0.26692|0.03323|0.01920|0.05085|0.07455|0.26969 =>  56.1654360768
SERVER|0.00001|-0.05251|0.03147|-0.00536|0.39784|0.12204|0.22802 =>  171.023839161
HOST|-0.00013|0.38214|0.03702|-0.01962|0.18189|0.04973|0.65879 =>  229.506735399
SERVER|-0.00016|0.18082|0.01449|-0.09174|0.02107|0.05255|0.35118 =>  59.5337762306
SERVER|-0.00003|-0.13687|0.12651|-0.01575|-0.01016|0.27653|-0.36198 =>  -138.873523502
HOST|-0.00008|-0.33510|0.07303|-0.01153|-0.01997|0.05079|-0.20281 =>  -130.940609393
SERVER|-0.00005|0.22026|0.15103|0.04029|0.26688|-0.10023|-0.24237 =>  34.1884085103
SERVER|-0.00003|-0.05297|0.04141|-0.06145|0.03085|0.22649|-0.65730 =>  -173.241256101
HOST|-0.00005|-0.52731|-0.15913|-0.02088|-0.06451|-0.16790|-0.34284 =>  -197.654245316
HOST|-0.00014|-0.08142|-0.00077|0.01862|0.13085|-0.17644|-0.21409 =>  -57.59924592
HOST|0.00008|-0.17353|-0.07354|0.04081|0.02770|-0.42949|0.55122 =>  110.826250166
HOST|0.00018|0.21497|0.16661|-0.15641|-0.06943|0.30862|-0.09249 =>  11.2534060379
SERVER|0.00004|-0.00080|0.19766|0.00088|-0.08207|-0.04868|0.31585 =>  32.111479455
SERVER|-0.00006|0.28504|-0.07027|-0.24877|0.36028|0.62934|-0.49527 =>  19.0826294136
HOST|-0.00006|-0.08541|0.11555|-0.06547|-0.11837|-0.36691|0.00133 =>  -40.0847781778
HOST|0.00033|0.02606|-0.38778|-0.01163|-0.08560|0.09847|0.28295 =>  80.7533267006
SERVER|0.00014|-0.05664|-0.10906|-0.07072|-0.10095|-0.09403|-0.61378 =>  -185.561716546
SERVER|0.00007|-0.24565|0.13956|-0.04323|-0.02550|0.20457|0.32140 =>  1.65567583799
SERVER|0.00023|0.20250|-0.04392|-0.01709|-0.12455|-0.64315|0.80540 =>  169.256141868
HOST|-0.00016|0.17918|-0.03963|-0.02749|-0.12548|0.29828|-0.55528 =>  -187.061107054
SERVER|-0.00021|-0.20663|-0.23750|-0.06430|-0.03900|0.14992|0.33362 =>  -23.6390127393
HOST|0.00020|0.48402|-0.02600|-0.02212|0.05324|0.29762|0.44969 =>  202.243889562
HOST|-0.00010|0.45699|-0.04517|0.17543|-0.36776|-0.34953|-0.59997 =>  -225.945748851
SERVER|0.00002|-0.31016|-0.12242|-0.02486|-0.06845|0.53835|0.99444 =>  119.866188935
HOST|0.00000|0.36453|-0.10265|-0.04041|0.03455|-0.28296|0.17385 =>  94.4686676562
HOST|-0.00033|-0.09501|0.11578|0.13279|0.18501|0.09992|-0.28701 =>  -84.8215106275
HOST|-0.00003|0.03842|-0.16177|0.06875|0.01297|-0.08561|0.31497 =>  59.1173219678
HOST|-0.00006|0.38489|-0.09112|0.04605|-0.13911|-0.12610|0.51677 =>  91.6229344887
SERVER|0.00009|-0.23706|-0.31798|0.02752|-0.15968|-0.34526|0.51035 =>  14.6303361887
HOST|-0.00004|-0.14353|0.03738|0.06382|-0.00913|-0.38523|0.41161 =>  39.5399185827
SERVER|-0.00005|-0.30464|-0.04850|-0.08458|0.13304|-0.03873|0.06183 =>  -22.4071844253
SERVER|0.00003|0.08808|-0.02314|-0.05429|0.09831|0.29415|0.11532 =>  43.9773629852
HOST|0.00004|0.14351|-0.30357|0.13459|0.15305|-0.53390|0.18969 =>  104.022703913
SERVER|-0.00030|-0.27148|-0.02345|0.02186|-0.22191|-0.36361|-0.19415 =>  -266.463788335
SERVER|-0.00013|0.33595|0.07888|0.17002|0.13452|0.22947|0.01005 =>  37.9619151065
SERVER|0.00009|0.07337|-0.02882|-0.06812|-0.03375|-0.17498|-0.47581 =>  -119.922055633
SERVER|0.00001|-0.73201|0.07068|0.05083|0.10864|0.51371|-0.23887 =>  -144.136719807
HOST|-0.00000|-0.02891|0.00450|0.09712|-0.08180|-0.22904|-0.22559 =>  -98.8436843378
HOST|0.00003|-0.06326|0.04526|-0.10015|-0.26789|0.22098|-0.57545 =>  -258.966301191
HOST|-0.00012|-0.60812|-0.03970|-0.03684|-0.30653|-0.04118|0.49346 =>  -127.531600525
SERVER|-0.00005|0.20036|0.21945|-0.21953|0.17265|-0.12475|0.36324 =>  123.527669523
HOST|0.00006|0.20733|-0.09847|-0.16926|0.21444|-0.22868|0.76260 =>  277.36897612
SERVER|-0.00008|0.11019|-0.00539|0.02535|-0.22180|0.00188|-0.63522 =>  -251.672578875
HOST|0.00000|-0.30517|0.06818|-0.07718|0.18011|0.59184|-0.71681 =>  -159.546308395
SERVER|0.00019|-0.34153|-0.15336|0.03209|0.14779|-0.04439|-0.19912 =>  -47.4365111045
HOST|-0.00004|0.11704|0.03702|0.07949|-0.10997|-0.02278|0.14351 =>  -13.643168484
HOST|-0.00004|-0.53123|0.13964|-0.03913|-0.08841|-0.46967|0.32363 =>  -57.5696153589
HOST|-0.00007|0.00214|-0.12480|-0.10937|-0.25360|0.31028|-0.08773 =>  -136.497611388
HOST|-0.00001|-0.08842|-0.07434|-0.06822|-0.12569|-0.31830|0.48404 =>  35.9771454909
HOST|-0.00004|0.34273|-0.10825|-0.15758|-0.42744|-0.20623|-0.00432 =>  -122.751974805
HOST|-0.00008|-0.18673|0.02366|0.14334|-0.12522|-0.08811|-0.58803 =>  -230.353120494
SERVER|0.00013|0.36257|-0.02831|-0.07094|0.34517|-0.06706|0.06610 =>  186.412254101
SERVER|-0.00013|0.35473|0.08692|0.00155|-0.00926|0.89995|-0.20649 =>  -55.6485086154
SERVER|0.00013|-0.25060|0.05449|-0.03090|-0.50947|-0.59989|-0.38985 =>  -312.248672587
HOST|0.00018|-0.00725|-0.18252|-0.08240|0.02806|0.15765|0.18782 =>  77.4822353989
HOST|0.00005|0.68344|-0.14361|0.03258|0.25422|-0.05920|-0.85454 =>  -10.6052530852
SERVER|-0.00003|0.21121|-0.02334|-0.09424|-0.11677|0.19403|-0.52712 =>  -178.89141945
SERVER|0.00012|-0.36169|-0.13649|0.01354|-0.07952|-0.30177|0.31576 =>  -13.2192204281
SERVER|-0.00009|-0.17814|-0.04224|-0.07198|0.09907|0.32534|-0.02660 =>  -45.3482613463
HOST|0.00020|-0.07425|0.10995|-0.04794|-0.06466|-0.11112|0.65852 =>  132.163237383
HOST|-0.00020|0.14163|-0.18790|0.05009|0.20223|0.52086|-0.20133 =>  2.92888868317
HOST|0.00001|0.28836|0.09867|-0.08961|0.02703|-0.36254|-0.72873 =>  -126.751238569
HOST|0.00001|0.10679|0.08998|0.09418|0.18662|0.08345|0.01263 =>  75.6301769489
SERVER|0.00018|-0.00591|0.10725|-0.01908|-0.23753|-0.00840|0.29034 =>  -17.1497742544
SERVER|-0.00011|0.31711|0.09599|-0.03835|-0.13506|-0.12514|0.04866 =>  -29.9743165409
SERVER|-0.00003|0.00715|-0.23954|0.11265|0.18773|0.07763|0.63609 =>  177.74486139
HOST|0.00001|-0.16968|-0.01177|-0.04901|-0.40458|-0.35039|-0.43213 =>  -295.108657888
HOST|0.00028|-0.03524|0.01361|0.06387|0.15550|0.13261|0.35433 =>  161.187273552
HOST|-0.00012|0.25435|0.12819|-0.07317|0.09884|-0.60098|0.32155 =>  107.891833627
HOST|0.00009|-0.02752|-0.15860|0.08013|0.37351|-0.43495|0.54212 =>  266.794295123
HOST|-0.00002|0.02391|-0.06255|0.04361|-0.01223|0.11727|-0.48687 =>  -124.098939085
HOST|-0.00001|0.67466|0.04372|-0.06860|-0.17658|-0.19365|0.34466 =>  91.4058968121
SERVER|0.00005|0.05991|0.03922|0.11901|-0.14018|-0.08808|0.00493 =>  -49.4712378057
HOST|0.00001|-0.25579|-0.06933|0.06830|0.09779|-0.61164|-0.00695 =>  -24.0768191147
HOST|-0.00002|0.67533|0.15829|0.02583|0.08439|0.08779|-0.51246 =>  -2.44044331994
HOST|-0.00010|0.17712|0.10611|0.09213|-0.04197|0.41791|0.38893 =>  58.3963639388
HOST|-0.00001|0.12361|-0.09939|-0.16084|0.07788|-0.23770|0.50450 =>  138.785819874
HOST|0.00013|-0.46773|0.11169|0.03298|-0.02305|0.03469|0.83817 =>  126.84935036
HOST|0.00019|0.43753|0.12257|0.03977|0.27886|0.04486|0.44812 =>  289.100119926
SERVER|-0.00000|-0.29185|-0.02833|0.00531|-0.11754|-0.62833|0.39331 =>  -14.760626369
HOST|-0.00006|-0.83227|-0.02258|-0.00548|0.23864|0.52535|-0.39568 =>  -153.162649383
SERVER|-0.00006|0.28589|0.15487|0.02619|0.09504|0.09241|0.40683 =>  142.867991525
SERVER|-0.00011|-0.16073|0.11324|-0.11852|-0.23356|0.32856|0.20318 =>  -131.880137725
SERVER|-0.00009|-0.49204|0.16476|0.00981|0.07360|-0.40180|0.43314 =>  6.49689451008
SERVER|0.00005|0.07389|-0.01571|0.04275|0.17587|-0.14131|-0.23840 =>  1.73004429929
SERVER|-0.00008|-0.17330|-0.10857|0.03911|0.15683|0.39793|1.36334 =>  307.774273506
SERVER|-0.00028|-0.06767|0.10420|-0.06204|-0.20159|-0.37940|0.44358 =>  -39.8692894859
HOST|-0.00009|0.10713|0.22189|0.06888|0.24292|0.03761|0.54176 =>  190.452493537
SERVER|-0.00008|-0.37251|-0.10691|-0.00627|-0.13709|0.12664|-0.09974 =>  -158.730021311
HOST|0.00005|0.05226|0.18785|0.09058|-0.01787|-0.52426|-0.07887 =>  -22.1711621496
SERVER|0.00000|-0.32813|0.15512|-0.02655|0.11688|0.04208|-0.41246 =>  -124.28737992
HOST|0.00007|0.46535|0.01813|-0.04247|-0.07063|-0.37612|0.26329 =>  89.2081319127
HOST|-0.00015|-0.01239|-0.11745|-0.02787|-0.07980|0.06447|0.13007 =>  -41.6721671657
SERVER|-0.00003|-0.20433|0.10840|0.01089|-0.04706|-0.54851|-0.84145 =>  -271.896152291
HOST|0.00004|-0.01625|-0.19668|-0.14110|0.03562|-0.46442|-0.64479 =>  -133.288497769
HOST|0.00010|0.31972|0.23443|0.01703|0.22667|-0.17985|0.50282 =>  239.338455076
HOST|0.00005|0.19557|-0.03964|0.12879|0.22177|0.11425|-0.13060 =>  84.5672990036
SERVER|-0.00007|-0.55524|-0.18002|0.15332|0.11210|0.21783|-0.15767 =>  -124.708396957
SERVER|0.00009|-0.57238|-0.05143|-0.15316|-0.15193|-0.40696|0.21355 =>  -101.027031177
HOST|0.00012|0.01720|0.28081|0.01609|-0.10508|-0.88475|-0.01293 =>  -21.6660687465
HOST|-0.00002|-0.17849|0.00029|-0.01802|-0.25332|0.12658|-0.64806 =>  -274.854432551
SERVER|-0.00022|0.23881|-0.01856|0.17206|0.02877|-0.28285|-0.82121 =>  -206.589682254
HOST|0.00016|0.08455|0.13663|0.03320|-0.02543|-0.16083|-0.16653 =>  4.90305748126
SERVER|-0.00001|-0.24422|0.00670|0.23120|-0.02128|-0.14628|0.71352 =>  98.3677355639
HOST|0.00005|-0.24323|-0.20726|0.07473|-0.10833|-0.49941|-0.01925 =>  -75.3199361959
HOST|-0.00023|0.68924|-0.12742|0.10720|0.20177|0.18945|-0.30596 =>  41.6006613919
HOST|-0.00001|0.14870|0.00291|-0.06543|0.12142|0.14899|-0.11076 =>  33.7969638198
SERVER|-0.00008|0.08573|-0.06623|0.14911|-0.30584|0.04995|0.23952 =>  -73.7663856607
SERVER|0.00009|-0.24000|0.03412|-0.08650|-0.00369|-0.54396|0.89494 =>  142.926995722
HOST|0.00005|0.48298|0.20190|-0.05911|-0.15122|0.29119|0.46530 =>  123.85594241
HOST|-0.00017|-0.42106|-0.08686|-0.06556|-0.22046|0.63401|0.17955 =>  -128.724695102
SERVER|-0.00006|0.15422|0.12444|-0.00738|-0.00144|0.79056|-0.23835 =>  -64.263252831
SERVER|-0.00000|0.66205|-0.05110|0.10871|0.00117|-0.14024|0.20165 =>  107.291759134
HOST|-0.00004|-0.10979|-0.00922|0.13159|-0.21294|0.08056|0.01749 =>  -111.413357978
HOST|-0.00007|-0.72067|0.18313|0.01188|-0.13558|-0.20594|-0.31722 =>  -256.166973249
SERVER|-0.00005|0.29479|-0.04665|-0.03102|0.12079|-0.46894|0.23164 =>  102.072805573
SERVER|0.00000|0.16135|-0.17552|-0.06348|-0.06978|0.08570|-0.44006 =>  -136.846607643
SERVER|0.00004|0.17374|0.13697|-0.16872|0.14374|0.00513|0.33483 =>  123.30813831
SERVER|0.00018|-0.24427|-0.02719|-0.04130|-0.21304|0.43318|0.11019 =>  -82.5661869649
HOST|-0.00008|-0.50306|-0.07402|-0.01705|-0.01414|0.21921|0.20465 =>  -61.1379191941
HOST|-0.00001|-0.05570|0.02770|0.03387|0.06321|-0.18212|0.04956 =>  8.24820083908
SERVER|-0.00001|-0.25306|0.01953|0.17219|0.03418|-0.58093|0.45623 =>  56.2593487363
SERVER|-0.00001|-0.00295|-0.14480|0.08760|0.21731|0.13608|0.72697 =>  213.880698174
SERVER|0.00010|0.25514|0.02138|0.13492|0.10751|-0.26880|0.36769 =>  151.553316894
HOST|-0.00013|0.21079|-0.05093|-0.17780|0.06602|0.57273|0.05993 =>  45.1070344673
HOST|-0.00004|-0.15419|-0.02776|0.03639|0.06454|0.32395|-0.17935 =>  -56.4937311217
HOST|0.00007|-0.14213|-0.05994|-0.02065|-0.13156|-0.23875|0.11721 =>  -41.8351697962
SERVER|-0.00007|0.02185|0.39764|0.09763|0.09840|0.78227|-0.21163 =>  -42.2717141033
SERVER|0.00008|0.13384|0.05161|-0.06670|0.24669|0.38453|0.02134 =>  101.354753867
SERVER|-0.00001|0.19268|0.13870|-0.12908|0.03324|-0.18646|0.18863 =>  57.2546666637
SERVER|-0.00011|-0.22035|0.08464|0.13453|-0.07811|-0.31057|-0.29901 =>  -187.593938028
SERVER|-0.00001|0.02246|-0.27745|-0.13274|0.15737|0.01999|0.68534 =>  190.496558749
HOST|0.00018|-0.01407|0.01522|-0.02062|-0.02926|0.37984|0.28711 =>  78.3363142365
HOST|-0.00012|0.09885|-0.10213|0.03471|0.26824|-0.15674|0.74796 =>  254.20208825
HOST|-0.00000|0.02956|0.02957|0.03947|0.23920|-0.07607|0.07234 =>  87.2797606955
HOST|-0.00010|-0.21319|0.16336|0.17272|-0.24385|-0.00235|-0.09249 =>  -184.850976374
SERVER|0.00011|-0.13041|-0.37704|0.02185|0.11978|-0.22238|0.09012 =>  34.179969661
SERVER|0.00007|0.23692|-0.11073|-0.09859|-0.13716|-0.38210|-0.16726 =>  -76.9407591352
SERVER|0.00016|-0.05089|-0.12097|-0.00458|0.08486|-0.26613|0.24310 =>  81.0416924985
SERVER|0.00012|-0.01097|-0.24979|-0.06588|-0.21665|0.18214|-0.04392 =>  -117.710802771
HOST|-0.00017|0.00108|0.05305|-0.06387|0.37469|0.32689|-0.15091 =>  56.8750660796
SERVER|0.00012|-0.19610|0.07891|-0.08595|-0.12592|-0.09435|0.97125 =>  143.355131174
SERVER|-0.00012|0.04385|0.05863|0.01532|-0.08829|-0.27858|0.53557 =>  45.2621371574
SERVER|0.00008|0.21189|0.03064|-0.07128|0.02153|-0.04148|0.48988 =>  145.489497268
SERVER|0.00003|0.34540|-0.25403|-0.12345|-0.16621|-0.57102|0.13599 =>  -12.633246251
HOST|-0.00001|0.26947|-0.05600|-0.12297|-0.01453|-0.56228|0.77635 =>  211.860230605
SERVER|0.00005|0.08160|-0.02372|-0.03396|-0.15349|1.12894|-0.85742 =>  -261.165039832
HOST|-0.00006|0.17085|-0.00746|0.08642|-0.16826|-0.46112|0.38133 =>  23.9413486933
HOST|-0.00005|0.03963|-0.01614|-0.00845|0.18894|-1.01417|0.42962 =>  151.369870215
HOST|0.00002|0.29969|-0.40642|-0.00140|0.05655|0.02748|-0.11528 =>  33.8418528748
HOST|-0.00004|-0.02613|0.14675|0.05857|0.21712|-0.05760|0.23419 =>  101.237778027
HOST|0.00010|-0.39499|0.12919|-0.04620|-0.16771|-0.13117|-0.29011 =>  -159.818860496
HOST|0.00003|0.53336|0.01999|-0.11580|0.25684|-0.51426|-0.57983 =>  28.6785749243
SERVER|0.00008|-0.38006|-0.03753|-0.16104|-0.05912|0.01713|1.03784 =>  150.929571339
HOST|0.00013|-0.43367|-0.11790|-0.16622|-0.09477|-0.24110|0.30826 =>  -8.20138128685
HOST|-0.00008|-0.31166|-0.07205|-0.02126|0.27618|0.66510|0.16416 =>  77.7657471461
SERVER|0.00011|0.23983|0.12580|0.08969|-0.25078|-0.28722|0.57778 =>  53.7659724124
HOST|-0.00020|-0.11100|-0.02520|-0.05234|-0.06192|-0.15819|-0.64150 =>  -235.794276116
SERVER|0.00002|-0.23055|0.09166|0.06642|-0.12525|0.30044|0.10035 =>  -81.6573951563
HOST|-0.00003|0.21305|0.00572|0.01575|-0.01325|-0.38956|0.19682 =>  56.4425799881
SERVER|0.00013|0.23255|0.01002|-0.00162|-0.08727|0.12658|0.07495 =>  21.5143134337
HOST|0.00018|-0.19856|0.04420|0.09321|0.08931|-0.04071|0.21415 =>  59.8563497648
SERVER|-0.00008|0.43570|0.09480|0.03614|-0.14970|0.13083|1.02359 =>  186.342834635
SERVER|-0.00001|0.00107|-0.47627|0.05705|0.17275|-0.23502|-0.24240 =>  -33.4849891747
HOST|0.00003|-0.00734|0.13175|0.08440|0.09162|-0.36771|0.93707 =>  239.893557891
SERVER|-0.00007|-0.22278|-0.05862|0.02559|-0.10187|0.28985|-0.25520 =>  -170.013457537
HOST|0.00005|0.27072|0.11469|0.06181|0.10608|0.04285|-0.21037 =>  18.0060160241
SERVER|-0.00013|0.21384|0.16159|-0.07160|-0.09213|0.06326|0.04619 =>  -49.3218488191
HOST|-0.00019|0.11981|-0.06597|0.11137|-0.01206|-0.45918|-0.44842 =>  -125.305403029
HOST|-0.00014|-0.25328|0.06232|-0.08557|-0.20674|0.02085|0.20555 =>  -91.963254806
SERVER|-0.00028|-0.37497|0.04791|-0.15013|0.08580|0.30421|-0.26720 =>  -157.721904223
HOST|-0.00008|0.42820|0.06709|0.06728|0.27602|-0.30759|-0.19150 =>  97.7058540815
SERVER|-0.00005|-0.50692|-0.01168|0.04743|0.05264|-0.02456|0.08719 =>  -83.7359125907
HOST|0.00002|-0.12249|-0.08582|0.05414|-0.02004|0.33208|-0.00463 =>  -40.1894817054
SERVER|0.00002|-0.26221|0.30286|-0.04474|-0.19088|-0.32396|-0.08882 =>  -150.338627632
HOST|-0.00000|0.27912|0.01118|-0.02490|0.02412|0.28668|-0.12943 =>  3.87924484728
HOST|0.00006|-0.10498|0.08456|0.01748|0.02268|0.34537|-0.31951 =>  -87.2494185348
SERVER|0.00032|0.27166|0.15494|0.00086|-0.41262|0.03188|-0.50925 =>  -191.361891222
SERVER|-0.00006|-0.70386|-0.19514|-0.01525|0.06942|-0.54517|0.23361 =>  -68.3571844839
HOST|-0.00014|0.17176|0.22467|-0.09667|-0.40214|0.45527|0.53100 =>  -38.0157500254
SERVER|0.00004|-0.31200|0.18961|0.01163|0.24743|0.10567|-0.19935 =>  -16.0131872352
SERVER|-0.00008|0.02269|-0.00901|0.12906|0.06105|0.22009|-0.18531 =>  -53.5809649993
SERVER|0.00007|0.42832|0.10994|-0.16020|0.19611|0.42652|-0.29715 =>  51.2852761086
HOST|-0.00005|0.10048|-0.06935|0.10961|-0.10207|-0.58143|-0.17335 =>  -73.6083942109
HOST|0.00031|-0.19756|-0.07710|-0.13306|0.20782|-0.33404|-0.10365 =>  76.0211656571
SERVER|0.00024|0.12284|0.09625|0.03921|0.24380|-0.31901|-0.73939 =>  -50.4595520671
HOST|0.00003|0.23368|0.10917|0.04986|0.22418|0.16693|-0.48077 =>  -11.9817853646
HOST|0.00002|0.43125|0.35148|-0.11373|0.25100|0.08341|0.46026 =>  269.679150329
SERVER|-0.00008|0.20842|-0.18327|0.03494|0.08516|0.87074|-0.09636 =>  -1.48956075922
HOST|-0.00001|-0.44702|-0.00654|-0.10700|-0.07773|0.51571|-0.39429 =>  -197.715645997
HOST|-0.00001|0.01637|0.00473|0.03487|-0.01619|-0.43073|-0.57889 =>  -157.510484329
SERVER|0.00013|0.24004|0.07169|-0.00592|-0.29795|-0.09187|0.23452 =>  -20.7537926068
HOST|0.00000|-0.43192|0.02237|-0.06808|-0.19381|-0.10780|0.12019 =>  -114.652237517
SERVER|-0.00006|0.11689|-0.00792|0.00158|0.03201|0.40911|0.09715 =>  18.998304996
SERVER|-0.00010|0.00573|0.06657|0.13680|0.20475|0.32535|-0.42870 =>  -71.2725488477
SERVER|-0.00008|-0.21050|-0.02321|0.02339|-0.31441|0.28802|-0.59773 =>  -325.231881095
HOST|-0.00006|-0.24307|0.08879|-0.12314|0.12338|0.05283|0.22687 =>  39.6668907519
HOST|-0.00014|0.42922|-0.05939|-0.16080|-0.01103|-0.17518|0.13010 =>  43.7583107106
HOST|-0.00013|0.15120|-0.01915|-0.01115|-0.10418|-0.01086|0.17958 =>  -12.6571944479
HOST|0.00006|0.46672|-0.10997|-0.08188|-0.08746|0.11822|0.01557 =>  30.5231729181
HOST|0.00012|0.40937|-0.15945|0.12380|-0.19002|-0.23913|0.23844 =>  42.1366309943
SERVER|0.00005|0.14954|0.02283|-0.06080|0.08009|-0.06200|-0.16231 =>  -15.5684192047
SERVER|0.00009|0.23150|0.34333|-0.20373|0.21252|-0.39971|0.36705 =>  179.958505522
SERVER|-0.00013|0.44256|-0.02747|0.07444|0.17651|-0.01162|-0.34340 =>  -10.7591074281
SERVER|-0.00013|-0.42543|-0.03781|-0.04751|0.06219|-0.27672|-0.31766 =>  -158.652721748
HOST|-0.00001|-0.04758|-0.07876|0.16490|0.13554|0.26720|0.09120 =>  45.6105476935
HOST|-0.00001|0.19895|0.15880|0.03672|0.00415|0.37538|0.05634 =>  29.0404422516
SERVER|-0.00008|-0.26308|0.04312|-0.07852|-0.18368|0.12147|-0.14436 =>  -184.611051902
SERVER|0.00028|0.58569|-0.25594|-0.01158|0.32092|-0.14256|0.03632 =>  226.753481996
HOST|0.00006|-0.29402|0.07401|-0.06733|0.06115|-0.65345|-0.48905 =>  -133.391408281
SERVER|0.00002|-0.26784|0.19703|0.11169|-0.28476|-0.32866|-0.35352 =>  -246.072525052
SERVER|-0.00010|0.06567|-0.00823|-0.04175|0.03557|0.21744|-0.31853 =>  -91.4421729693
SERVER|0.00006|0.01206|0.12293|-0.05856|-0.12229|0.30290|-0.40575 =>  -162.408728292
HOST|0.00005|0.41282|0.15026|-0.20705|-0.22119|0.16930|-0.53536 =>  -147.588963461
HOST|-0.00007|-0.17118|-0.04879|-0.07425|-0.36224|0.12585|-0.65730 =>  -332.884999804
SERVER|0.00001|-0.51694|0.04441|0.06367|-0.34992|-0.03522|-0.66775 =>  -369.215550389
HOST|-0.00007|0.06015|0.03916|-0.00784|0.09988|-0.39036|-0.42231 =>  -66.5934733071
SERVER|-0.00014|-0.13486|-0.14570|0.12086|0.09668|-0.31859|-0.63660 =>  -179.716750282
SERVER|-0.00002|-0.20944|-0.07493|0.05044|-0.24921|0.36461|-0.45174 =>  -259.908438688
SERVER|0.00002|0.57769|0.07124|-0.07162|-0.10832|-0.20345|0.24299 =>  86.3393942295
HOST|-0.00003|-0.07835|-0.33192|-0.06581|0.33771|-0.37547|-0.06327 =>  70.2755844483
SERVER|-0.00010|0.04624|0.01209|-0.05931|-0.26721|0.24389|-0.14790 =>  -190.802736187
SERVER|0.00011|-0.37008|0.02961|-0.15827|-0.07969|0.19077|-0.75194 =>  -248.13450077
SERVER|-0.00015|-0.12214|0.16884|0.11948|-0.10160|-0.14104|0.13508 =>  -78.7942165868
SERVER|0.00006|0.17689|0.03395|0.17227|0.07549|-0.14660|-0.56126 =>  -85.6769471979
SERVER|-0.00001|-0.16909|-0.43673|0.07613|0.07408|0.21659|0.47264 =>  83.3121307487
HOST|0.00005|0.29427|0.09253|-0.04970|-0.19018|-0.11333|0.02466 =>  -28.6164947856
SERVER|0.00003|-0.09273|-0.08069|0.04856|-0.56585|0.20503|0.35808 =>  -147.792650849
HOST|-0.00008|0.25922|-0.00538|0.01320|0.24013|0.21330|-0.39911 =>  21.1482925446
SERVER|-0.00017|0.23710|0.24678|-0.03554|-0.28643|0.79459|-0.53465 =>  -264.588291613
SERVER|0.00012|-0.44737|-0.06954|0.09277|0.05156|0.17234|0.21584 =>  3.67742635748
SERVER|-0.00000|-0.25360|0.04029|-0.01636|0.18974|-0.22545|0.28718 =>  78.4571592705
HOST|-0.00016|-0.02082|0.04563|0.07325|0.22303|0.07456|-0.02243 =>  33.1075996636
HOST|-0.00007|-0.06843|0.14686|0.13831|0.28849|0.17985|-0.09502 =>  44.0285254871
SERVER|-0.00006|-0.31529|0.14809|-0.01564|-0.01761|0.26742|0.15635 =>  -48.113216073
SERVER|0.00002|-0.18099|-0.02834|0.01869|-0.17825|-0.10406|0.71671 =>  48.5975238916
SERVER|0.00014|0.19989|0.11055|-0.09091|-0.02528|0.04338|0.27683 =>  72.00762711
HOST|-0.00007|-0.04597|-0.18848|0.15047|-0.43006|0.34313|-1.07871 =>  -443.759123854
HOST|0.00012|0.53672|0.18334|0.00041|0.09265|-0.07785|0.39877 =>  204.800282057
HOST|0.00000|-0.10630|0.29268|0.06727|-0.01734|0.28706|0.15753 =>  -4.64105817918
SERVER|-0.00010|0.04696|-0.09605|0.10316|-0.01766|0.55823|0.21004 =>  -6.31382295734
SERVER|0.00007|0.14561|0.04171|-0.07734|0.27653|0.75952|0.17653 =>  139.974372168
SERVER|-0.00013|-0.14794|-0.07906|-0.15136|0.11311|0.08001|0.15362 =>  0.995280902048
SERVER|-0.00009|0.42036|-0.16526|-0.08224|-0.16108|0.72361|0.17684 =>  -18.5844406287
HOST|-0.00010|0.13666|-0.02714|0.11873|0.08225|0.21170|0.72955 =>  181.131391261
SERVER|-0.00006|0.11521|0.02178|-0.05102|-0.24837|-0.20685|0.21461 =>  -56.0500512463
SERVER|-0.00000|0.18297|0.19035|0.10169|0.15806|0.26843|0.13463 =>  86.0813783388
HOST|0.00007|-0.02016|0.03677|0.00037|-0.16214|0.27915|-0.22035 =>  -113.427610145
SERVER|0.00020|0.06722|0.03853|0.01229|-0.05145|0.29295|-0.55061 =>  -120.514309554
HOST|-0.00001|-0.12786|-0.04263|-0.02298|-0.36238|0.38652|-0.23110 =>  -202.672469102
SERVER|-0.00004|0.23753|-0.11473|0.06815|-0.44947|0.26575|0.74188 =>  3.06218288884
HOST|-0.00024|0.20767|0.08571|-0.08785|-0.46098|-0.22075|0.22422 =>  -139.124236927
SERVER|-0.00009|0.07800|-0.06423|-0.02082|0.34580|-0.15677|0.53215 =>  209.024781827
HOST|-0.00012|-0.32084|0.06569|-0.06189|0.11298|0.29082|0.05201 =>  -19.8284341368
HOST|-0.00023|-0.01789|0.03576|0.05989|-0.20858|0.04629|0.93139 =>  87.9547214048
HOST|0.00012|-0.16921|0.03460|-0.12765|0.21200|-0.48633|0.35675 =>  146.368920224
HOST|0.00015|-0.03157|-0.06645|0.04112|-0.07695|-0.02513|0.11577 =>  1.77815923594
HOST|-0.00011|-0.00134|0.06621|-0.10095|-0.13074|0.74972|0.53371 =>  45.4853848704
HOST|0.00014|0.19471|-0.24983|0.08158|-0.08805|0.08661|-0.16151 =>  -33.282186994
SERVER|-0.00026|-0.35060|-0.20333|-0.10940|-0.14558|-0.69562|-0.00769 =>  -186.943920958
SERVER|-0.00007|-0.27790|0.09765|0.04944|-0.08621|-0.34831|-0.61715 =>  -268.414922574
SERVER|0.00022|0.21475|-0.13721|-0.16102|-0.20604|0.12694|-0.15756 =>  -77.3690070719
HOST|0.00001|-0.13359|0.13476|0.04195|0.21866|0.62481|-0.20174 =>  11.4035184138
SERVER|-0.00000|0.16397|-0.03879|0.02314|0.01015|0.20775|-0.25231 =>  -65.4675822659
SERVER|-0.00023|-0.07365|0.13252|-0.17215|0.11479|0.51037|-0.05615 =>  -49.0350050697
SERVER|0.00004|0.05723|-0.09328|0.08725|0.01087|-0.15213|-0.31845 =>  -77.7536917787
HOST|0.00001|0.02661|0.07168|0.04052|-0.08210|-0.22560|-0.43384 =>  -145.138852111
SERVER|-0.00027|0.05842|-0.16829|0.11632|-0.09106|-0.92595|0.83942 =>  99.0561130628
SERVER|0.00001|0.20950|-0.10345|0.14938|-0.08666|0.21740|-0.03933 =>  -34.7945416494
HOST|-0.00005|-0.11538|0.12911|0.03315|0.18683|-0.06476|0.32616 =>  94.2217280908
HOST|0.00010|0.07450|-0.21327|0.08264|0.01955|0.14418|-0.40518 =>  -60.8361312305
HOST|-0.00003|-0.38240|-0.06524|0.02309|0.02708|-0.33033|0.75719 =>  111.522252588
SERVER|0.00004|0.05483|0.15240|-0.24458|0.08011|-0.16507|0.29800 =>  88.7840757745
SERVER|0.00014|-0.03462|-0.12380|-0.06193|0.09532|0.13855|-0.54753 =>  -109.371125522
SERVER|0.00009|0.62921|0.08899|-0.07496|-0.00734|0.30273|0.63169 =>  227.316618747
SERVER|-0.00006|-0.20527|0.09762|-0.00994|0.34022|-0.48304|0.19524 =>  99.2986183627
SERVER|-0.00017|0.01938|-0.15894|-0.14298|-0.02325|-0.28166|0.11516 =>  -45.5791886319
HOST|0.00021|-0.93051|0.22137|-0.04406|0.40691|-0.42666|-0.31690 =>  -48.5630035027
HOST|0.00002|0.00570|-0.10707|-0.14543|-0.30942|-0.10995|0.21668 =>  -62.8794411259
HOST|0.00027|0.19614|0.05197|-0.00951|-0.19741|-0.30608|0.25945 =>  47.9522145627
HOST|0.00002|0.43969|-0.15927|0.07991|0.12412|-0.36717|0.23521 =>  161.605363464
SERVER|-0.00000|-0.10288|0.19347|0.03930|-0.18984|-0.24647|-0.41291 =>  -202.486420228
HOST|-0.00028|0.35656|0.03238|-0.07349|-0.02903|0.50735|-0.56091 =>  -137.622440021
SERVER|0.00004|-0.52262|-0.10740|-0.14289|0.01758|-0.36988|0.52490 =>  37.0627550424
HOST|-0.00010|-0.32843|-0.24178|-0.13967|-0.17638|-0.42263|-0.06026 =>  -152.521223088
SERVER|0.00004|-0.02884|-0.23587|-0.00584|-0.30839|-0.33785|-0.23693 =>  -194.785574019
HOST|-0.00010|-0.35580|-0.08674|0.00975|-0.26748|0.32265|-0.01502 =>  -171.213012188
SERVER|-0.00010|-0.33590|-0.02168|0.04968|0.02363|0.03680|0.37142 =>  -2.81206226362
HOST|0.00024|-0.05533|0.37495|0.01206|-0.21573|0.16920|-0.23446 =>  -120.20052613
SERVER|-0.00008|0.16856|0.13981|0.22237|0.02962|0.44111|-0.22193 =>  -57.5093554571
HOST|0.00008|-0.18882|-0.13784|-0.01550|0.00682|-0.24665|-0.67530 =>  -169.441718239
SERVER|0.00013|-0.41293|-0.07154|0.06816|-0.30460|-0.42957|0.02138 =>  -177.578538586
HOST|-0.00001|-0.23082|0.10990|0.16023|-0.02610|0.36356|-0.19293 =>  -91.507420212
SERVER|-0.00004|-0.45200|-0.08580|0.01194|0.18631|0.09628|0.12857 =>  -6.45876266552
HOST|0.00005|0.18414|-0.18987|0.15630|-0.00315|-0.04611|0.04530 =>  31.137909721
HOST|-0.00020|-0.97467|0.11088|-0.01999|-0.16730|-0.02587|0.05531 =>  -241.48893798
HOST|0.00005|-0.06220|0.26369|0.03954|-0.11520|-0.12801|-0.28416 =>  -127.014554299
SERVER|0.00007|-0.29279|-0.11473|0.00806|0.17839|0.09796|0.88156 =>  199.299186677
HOST|0.00005|-0.13296|-0.01194|0.08498|-0.19191|-1.04203|0.26915 =>  -33.8325007197
HOST|-0.00014|0.17174|-0.24374|0.13288|-0.08490|-0.49215|-0.56554 =>  -170.191335089
SERVER|-0.00017|-0.40086|0.13374|-0.15129|-0.25873|-0.62599|0.25067 =>  -143.078112229
HOST|-0.00024|-0.02995|-0.26455|-0.01038|0.01418|-0.03243|-0.25236 =>  -110.733480852
HOST|0.00007|0.03558|-0.02037|0.16873|0.15330|0.32890|0.46310 =>  156.703405379
HOST|-0.00013|-0.30767|-0.11484|-0.08844|-0.22863|0.33735|0.30744 =>  -80.8507115475
HOST|-0.00006|-0.47066|-0.11747|0.11567|-0.29629|0.51560|0.18073 =>  -154.98076611
HOST|-0.00020|-0.18921|0.09190|0.11592|-0.01837|0.16755|0.59942 =>  74.1087584274
SERVER|-0.00006|0.22191|-0.14999|-0.20059|0.00698|0.38077|0.43022 =>  85.2812493394
HOST|0.00007|-0.41079|0.19325|0.22428|0.03186|0.09365|0.27614 =>  20.7538289222
SERVER|-0.00017|0.03056|-0.11243|-0.04875|0.17614|0.49170|0.38364 =>  93.2819159416
HOST|0.00032|-0.28777|-0.25222|0.12581|-0.10938|0.42084|-0.24973 =>  -97.9165163778
HOST|-0.00006|0.46167|0.10071|0.22008|-0.10362|0.05999|0.29909 =>  74.7852449162
SERVER|-0.00007|0.10560|-0.04034|-0.08260|-0.18607|-0.61079|0.35701 =>  -18.8284979964
SERVER|-0.00022|0.27910|0.05955|-0.04507|0.18441|0.69710|-0.40601 =>  -39.3312404938
SERVER|-0.00023|-0.24057|-0.03763|0.07026|0.18203|-0.56140|0.09305 =>  -8.06139946441
SERVER|-0.00005|0.24950|-0.14681|0.04810|0.02810|-0.19731|0.11486 =>  31.6812925906
SERVER|0.00015|0.10526|-0.26018|0.07063|0.03794|0.23345|0.04796 =>  22.9992160456
HOST|-0.00001|0.17456|0.20502|0.08723|0.10130|-0.16129|0.65529 =>  202.929823382
HOST|-0.00014|-0.12015|-0.20404|0.09768|-0.13467|0.07800|0.49482 =>  7.33207912719
SERVER|-0.00005|0.08698|-0.06217|0.05855|-0.02039|-0.18951|0.21959 =>  26.0966333503
SERVER|0.00005|0.06339|-0.06747|-0.13093|0.14101|0.09910|0.65012 =>  191.011280052
SERVER|-0.00008|-0.20353|0.09698|-0.07061|0.00324|-0.02033|-0.18065 =>  -98.9098193157
SERVER|-0.00004|-0.32244|0.07984|-0.04044|-0.30076|-0.68507|-0.19632 =>  -245.744597314
HOST|-0.00010|0.13927|0.06078|0.02265|-0.23447|-0.43264|-0.00388 =>  -100.209080055
SERVER|-0.00015|0.02985|0.14547|0.27416|-0.39788|0.17990|0.29661 =>  -113.757066061
HOST|-0.00007|-0.02637|-0.21710|0.10946|0.08769|0.33635|0.19126 =>  41.8773890904
HOST|0.00013|-0.16941|0.03196|-0.02904|-0.29372|-0.20588|0.46304 =>  -15.7219918232
SERVER|-0.00002|-0.24834|-0.10353|-0.21270|0.16195|-0.19124|-0.30131 =>  -68.3578710861
SERVER|0.00008|0.29760|-0.16057|0.00624|0.10445|0.05453|0.43266 =>  159.780039882
HOST|-0.00003|-0.62571|0.25562|-0.02532|0.11365|-0.15464|0.23866 =>  -16.727588651
SERVER|0.00029|-0.26273|0.06879|-0.04843|0.15909|-0.10720|-0.37827 =>  -60.1821883112
SERVER|0.00010|0.34118|0.04307|0.16594|-0.02654|0.45033|-0.02386 =>  18.7485356541
HOST|-0.00001|0.74405|0.33922|-0.12932|-0.16295|0.13347|-0.42647 =>  -54.0616645773
HOST|0.00015|0.00260|0.07896|0.25344|0.08725|-0.17247|0.46274 =>  163.115293393
SERVER|0.00008|-0.26875|-0.01370|-0.10740|0.37237|-0.35078|0.14927 =>  106.841875739
SERVER|0.00008|0.00143|0.02752|0.04069|0.15169|0.53525|0.01374 =>  50.2297518284
SERVER|-0.00017|-0.37108|0.15605|0.02509|0.27007|-0.04980|0.47519 =>  102.971415079
HOST|0.00010|-0.45880|-0.13670|0.05348|0.13555|0.09824|-0.86254 =>  -213.817249777
SERVER|-0.00008|0.04250|-0.08056|0.00213|-0.47382|-0.00335|-0.05865 =>  -215.053174243
HOST|-0.00012|0.28340|0.09620|0.10453|-0.16854|0.71748|-0.05763 =>  -59.2904742216
HOST|-0.00006|0.27423|-0.05645|-0.10249|0.16583|0.32590|0.01168 =>  68.1213278438
HOST|0.00004|0.18803|-0.22765|0.21610|0.08739|0.27502|0.33185 =>  136.557864982
SERVER|0.00000|0.81278|-0.17573|-0.06850|-0.12294|-0.24040|-0.04099 =>  24.6905713584
HOST|-0.00010|-0.31023|-0.08669|-0.07403|0.08273|0.15864|-0.30886 =>  -110.205359486
HOST|0.00002|0.00204|0.21905|0.06417|0.24374|0.16548|-0.41941 =>  -14.3152310733
SERVER|-0.00010|-0.10011|0.03050|0.05474|0.05028|0.13627|0.29032 =>  9.87111191184
SERVER|-0.00009|-0.29653|-0.15932|0.04830|0.24464|-0.03202|0.37008 =>  92.8663501733
SERVER|-0.00011|0.14494|-0.16065|0.01242|0.10513|0.16404|0.75979 =>  191.062287681
SERVER|0.00012|-0.27413|0.11237|0.12321|0.04787|-0.05741|-0.23964 =>  -91.2216632298
SERVER|0.00010|-0.22615|-0.04960|-0.07811|0.06116|-0.14505|-0.00465 =>  -11.4377378554
SERVER|-0.00003|-0.00563|-0.02409|0.05113|-0.09264|-0.72408|0.12664 =>  -30.1732009221
HOST|-0.00008|0.12823|0.16992|-0.20752|-0.03620|-0.12971|0.09944 =>  -3.38259418975
SERVER|-0.00001|-0.14171|0.06659|0.11159|0.19076|-0.33621|-0.06260 =>  -11.8145641854
HOST|0.00013|0.13041|-0.04220|0.00869|0.30751|-0.27357|0.35284 =>  228.935492505
SERVER|-0.00021|-0.09000|-0.09137|-0.08083|-0.19171|-0.21248|-0.42719 =>  -243.910275764
SERVER|-0.00004|0.52012|0.10221|-0.01095|-0.51368|0.02878|-0.37420 =>  -246.479423343
SERVER|0.00007|0.06753|0.00528|0.17495|0.16453|0.32507|0.18901 =>  99.5044124397
HOST|0.00006|0.23273|0.00970|0.08037|-0.12856|-0.16091|0.25287 =>  51.6780626803
HOST|-0.00006|0.90211|-0.01368|0.03479|0.11602|-0.24287|-0.16824 =>  111.753214834
SERVER|0.00000|-0.21245|-0.14864|-0.10089|0.12625|-0.49434|0.06098 =>  4.68893870756
HOST|0.00002|0.25680|0.09193|-0.08503|-0.07175|-0.14617|-0.22482 =>  -39.7253082011
HOST|-0.00002|0.00303|-0.07263|0.06307|0.04891|0.93190|0.25892 =>  76.6634148894
SERVER|0.00019|-0.05749|0.01077|0.02787|0.16039|-0.01947|-0.03389 =>  54.4734913243
HOST|0.00003|-0.53262|0.33075|-0.01085|0.10566|-0.09440|-0.35912 =>  -127.602476448
SERVER|0.00022|-0.21361|-0.09495|0.14050|0.27017|-0.48619|-0.55335 =>  -43.476306598
SERVER|0.00013|-0.31256|0.09407|0.00186|0.05070|0.80017|0.68469 =>  132.879733382
HOST|0.00015|-0.17057|0.06453|0.01592|-0.14207|0.31234|-0.49421 =>  -188.978039782
HOST|0.00012|-0.44305|-0.22659|0.02387|-0.12288|-0.20362|-0.23303 =>  -158.590123702
HOST|-0.00000|0.14708|0.00433|0.10986|-0.20729|-0.03866|0.43262 =>  55.9641269971
SERVER|-0.00001|-0.25778|0.20637|0.01154|-0.02650|0.86950|0.07999 =>  -57.9678213884
HOST|-0.00007|0.08608|0.05584|0.00974|-0.02650|-0.28199|-0.15526 =>  -60.1466420127
SERVER|0.00015|-0.13759|0.03515|0.00894|0.02531|0.12851|0.21872 =>  40.786790244
SERVER|-0.00000|-0.64236|-0.36369|-0.01626|0.25965|-0.44518|-0.50400 =>  -135.907788474
SERVER|-0.00014|-0.31996|0.30245|0.01696|-0.12965|-0.55637|0.27050 =>  -84.1647822411
HOST|-0.00011|-0.24708|-0.16653|-0.07464|-0.12281|0.39222|0.20022 =>  -51.7017050768
SERVER|0.00004|0.16499|0.13223|-0.04498|-0.32098|-0.43549|0.27160 =>  -46.5430564526
SERVER|0.00018|0.11408|0.09555|0.13834|0.16079|-0.87118|0.14316 =>  105.527592667
HOST|0.00002|0.21935|-0.14723|0.10768|-0.17244|-0.18767|0.27074 =>  15.4694058075
HOST|-0.00018|-0.09494|-0.09423|-0.00838|0.03478|-0.63058|0.40447 =>  38.6492462392
SERVER|-0.00028|-0.29059|-0.00481|-0.02794|-0.02687|0.50071|-0.06804 =>  -152.04590722
SERVER|-0.00010|0.58567|-0.12425|0.02951|-0.18359|0.60978|0.05674 =>  -40.2566794393
SERVER|-0.00005|-0.29315|-0.00931|-0.05323|0.04417|0.37560|0.22939 =>  -18.5361814183
SERVER|0.00004|-0.29002|-0.31909|-0.10919|0.56825|-0.06593|-0.12905 =>  100.704902256
HOST|0.00014|-0.55204|-0.18736|0.14614|0.18489|-0.47685|0.26034 =>  60.2075090692
HOST|-0.00008|0.51897|-0.03003|-0.08254|0.01720|0.12242|0.22987 =>  100.225441749
SERVER|-0.00000|-0.15503|-0.05452|0.00211|-0.36283|0.00244|0.48480 =>  -71.6819360681
SERVER|0.00011|0.37092|-0.04708|-0.05878|-0.09702|0.11251|0.03568 =>  15.987216411
HOST|-0.00011|-0.32711|-0.17950|-0.13663|-0.01764|0.28564|0.26784 =>  -15.6419576396
HOST|0.00004|0.25315|0.30315|-0.07573|-0.14810|0.17626|0.36537 =>  59.1896626941
HOST|-0.00001|0.15799|-0.31607|-0.12233|0.17446|0.13750|0.19150 =>  112.673151373
HOST|-0.00007|0.36356|0.11919|0.03206|0.14982|0.54491|-0.11268 =>  45.9539475986
SERVER|0.00006|0.14710|-0.08388|0.16084|-0.10351|0.19455|0.17093 =>  6.47841265435
SERVER|-0.00008|0.52793|-0.21232|0.03890|-0.14908|0.07885|0.43135 =>  72.6007686614
SERVER|0.00001|0.05419|-0.02653|0.00535|0.03799|0.02106|-0.31384 =>  -73.1966824066
HOST|0.00001|-0.09608|-0.00431|0.05456|0.13654|-0.25971|-0.18577 =>  -23.160350424
SERVER|0.00013|-0.08042|0.06296|-0.07944|-0.29803|-0.25514|0.27801 =>  -81.3766499299
HOST|0.00005|0.27790|0.09345|-0.05772|0.17516|0.02738|1.14213 =>  351.308532257
SERVER|0.00016|-0.43982|0.02267|-0.01473|0.11069|-0.02816|-0.42568 =>  -127.284618451
HOST|-0.00002|0.03493|0.10825|-0.06497|-0.10793|0.17129|-0.48354 =>  -166.155581444
SERVER|-0.00022|0.38411|-0.06078|-0.09265|0.08462|0.21953|-0.02099 =>  7.80779802519
HOST|-0.00000|-0.52372|-0.13678|0.09341|-0.13192|-0.20729|0.38533 =>  -42.1444349668
HOST|0.00005|-0.35150|-0.01871|0.12739|0.05553|-0.43351|-0.16064 =>  -75.049856133
SERVER|0.00010|0.27064|0.18149|-0.09349|-0.02887|-0.81559|-0.68193 =>  -146.05762735
SERVER|-0.00004|-0.55867|-0.18148|0.12962|-0.18321|-0.12321|-0.29711 =>  -252.507191325
HOST|-0.00009|-0.12133|-0.03876|0.03114|-0.16755|-0.28575|-0.30093 =>  -167.028030821
SERVER|0.00010|0.03634|0.08583|0.04981|0.08987|-0.05934|-0.35927 =>  -54.9232550748
HOST|-0.00015|-0.00038|0.29720|0.15258|0.10208|-0.40514|-0.29606 =>  -76.3904225836
SERVER|0.00002|-0.01014|-0.01777|0.00735|0.03666|-0.31678|0.02492 =>  -6.49403515381
HOST|-0.00008|-0.05699|0.05968|-0.07943|-0.11748|0.10622|0.29306 =>  -13.7284840259
HOST|-0.00007|0.23725|0.34619|-0.03377|0.13478|0.48013|-0.38880 =>  -29.2583417856
HOST|0.00001|-0.12922|0.21839|0.13253|-0.10387|-0.07231|0.54819 =>  57.8949089204
SERVER|-0.00004|-0.37803|0.13664|-0.08191|0.00072|0.34462|0.76957 =>  89.552198841
HOST|0.00015|-0.24149|-0.24604|-0.04538|0.12932|-0.36921|-0.09775 =>  3.02692477992
SERVER|-0.00012|-0.03116|0.03214|-0.11310|0.00182|-0.60271|-0.19375 =>  -100.279353528
SERVER|-0.00009|-0.08847|-0.04287|-0.00076|-0.00802|-0.75801|0.64521 =>  96.2052434218
SERVER|-0.00015|0.29892|0.16064|-0.04381|0.00493|-0.88695|-0.87450 =>  -208.300568479
HOST|-0.00005|0.25586|-0.03061|0.09072|0.06015|-0.33667|-0.40085 =>  -57.8199155736
SERVER|0.00008|-0.06406|-0.24584|-0.03612|0.26741|-0.40012|-0.15246 =>  43.7234699897
HOST|0.00015|-0.66556|-0.23725|0.07694|-0.17410|-0.45455|0.75791 =>  33.281645373
SERVER|-0.00014|0.11722|0.04420|0.09200|-0.00055|0.74805|0.52526 =>  84.068081038
HOST|0.00013|-0.44052|-0.02854|0.06028|-0.03701|0.33492|-0.04048 =>  -76.8725795868
HOST|0.00013|0.10494|-0.00239|-0.09858|0.12604|0.72493|-0.57046 =>  -62.3083292685
HOST|0.00007|0.05740|-0.01427|0.17265|-0.10464|0.21718|-0.60714 =>  -170.16066527
HOST|0.00005|0.07410|-0.05331|0.17323|0.04161|0.06720|-0.60476 =>  -99.8176835222
SERVER|-0.00008|0.55900|-0.17617|-0.01459|-0.26535|0.26340|0.07116 =>  -43.4462748309
HOST|-0.00001|-0.03595|-0.02594|-0.03173|-0.03189|0.44495|0.02980 =>  -19.6388176099
HOST|0.00005|-0.10387|0.27060|-0.11444|-0.20043|-0.26028|0.64334 =>  45.5118455916
HOST|-0.00004|0.07658|-0.04966|-0.10979|-0.28025|0.14265|0.16253 =>  -65.2818212069
SERVER|0.00015|0.00054|-0.00020|0.08721|0.19388|0.33160|0.48581 =>  170.0126369
SERVER|0.00000|-0.31689|-0.11197|-0.09579|-0.04300|-0.07405|0.33907 =>  -1.15659647489
SERVER|0.00013|-0.11619|-0.26036|0.19740|0.09244|-0.03536|0.48382 =>  115.92655318
SERVER|-0.00010|-0.20002|-0.00169|-0.18383|-0.41969|-0.25575|-0.17753 =>  -254.447937631
HOST|0.00004|0.07177|-0.15726|-0.04512|0.05050|0.28323|-0.32804 =>  -42.9642441347
HOST|-0.00013|0.26844|-0.03494|0.13946|0.17336|0.03309|-0.69160 =>  -90.2556713307
HOST|-0.00027|0.20223|-0.09506|-0.12224|0.16990|0.60971|-0.17403 =>  -3.62336500531
HOST|-0.00013|0.42477|0.31825|0.03086|0.32244|0.51593|-0.57930 =>  21.6646806972
HOST|0.00007|0.15717|-0.10798|-0.14132|0.27763|-0.34306|-0.03771 =>  111.71689933
SERVER|0.00008|0.42525|0.00697|-0.13193|0.27035|0.01172|-0.32651 =>  84.9806106077
SERVER|0.00008|0.03718|0.06255|-0.01664|-0.12466|0.28851|0.28998 =>  25.7448043228
HOST|-0.00006|-0.24391|0.12812|-0.08108|-0.03757|0.83844|-0.31809 =>  -147.418243306
SERVER|-0.00015|0.22553|-0.05244|0.03136|-0.45816|0.10054|0.51329 =>  -69.8870349094
SERVER|0.00015|0.32678|-0.21438|0.07804|-0.20841|0.07665|0.35581 =>  35.3410960588
HOST|-0.00021|-0.26394|0.01376|0.10375|-0.39584|-0.12463|-0.32545 =>  -303.83493715
SERVER|0.00023|0.14857|-0.09815|-0.19085|-0.03170|0.07883|0.63543 =>  174.750699046
HOST|0.00016|0.13994|0.03167|0.06729|-0.04312|0.56561|-0.38792 =>  -70.0028689015
HOST|0.00014|-0.02917|0.12165|-0.00740|0.06445|-0.14128|0.24387 =>  97.2832148086
SERVER|0.00013|-0.28361|-0.09648|0.01160|-0.14704|-0.29994|-0.02776 =>  -113.139003598
SERVER|-0.00008|0.15990|0.15093|0.18060|0.06398|0.31335|-0.11596 =>  -34.9295519995
HOST|-0.00002|-0.08532|0.20864|0.14456|-0.19796|-0.10080|-0.64160 =>  -235.220118443
HOST|0.00005|0.30329|-0.06235|0.03993|0.21851|-0.60384|0.33228 =>  198.995470795
SERVER|-0.00016|-0.09086|0.08146|-0.01052|0.29228|-0.02869|-0.00503 =>  47.4293235513
SERVER|-0.00002|0.04101|0.11904|0.13911|-0.01218|0.02325|0.26129 =>  35.7450559419
HOST|-0.00001|0.36744|-0.07670|-0.04940|0.20038|-0.17719|0.37835 =>  216.561692739
HOST|0.00002|-0.58943|-0.13077|-0.11107|-0.36258|0.30807|1.03135 =>  44.9587347106
HOST|-0.00002|0.08817|0.18302|0.03366|-0.11792|-0.50471|-0.01302 =>  -53.9354759156
HOST|0.00005|0.25287|0.07547|-0.00439|0.21964|-0.11486|0.31052 =>  166.754771016
HOST|0.00035|-0.02459|0.18801|0.10516|0.40312|0.37831|0.06837 =>  219.06783969
SERVER|0.00002|-0.51211|-0.03019|-0.06865|0.28565|-0.55762|-0.39003 =>  -93.7103157036
SERVER|0.00013|-0.45285|0.11439|-0.10921|0.35427|0.35475|-0.26098 =>  -10.0429519635
SERVER|-0.00010|-0.52901|-0.25104|-0.01756|0.02003|0.07057|-0.45694 =>  -212.882695762
SERVER|0.00001|0.27780|-0.02344|-0.01027|-0.12251|-0.25568|0.01147 =>  -17.185751282
HOST|-0.00004|-0.24935|-0.04594|-0.05234|0.15288|0.33021|0.45491 =>  94.2328530216
HOST|-0.00003|0.26769|0.03111|0.11663|0.03467|-0.05119|0.25539 =>  86.2402347401
HOST|0.00002|0.22836|0.03608|0.07224|-0.16948|-0.30555|-0.07949 =>  -57.6425167497
HOST|-0.00009|0.19502|-0.12860|0.08709|0.07163|0.50333|-0.06528 =>  31.170036868
HOST|0.00031|-0.01606|-0.12582|-0.16994|0.01249|-0.07220|-0.49602 =>  -79.3408679674
SERVER|0.00019|0.47344|0.20130|0.04518|-0.44619|-0.19144|0.26743 =>  -31.7149272888
SERVER|0.00005|-0.19798|-0.12756|-0.14114|0.12897|-0.22510|-0.24298 =>  -69.3890700346
SERVER|-0.00000|-0.04592|-0.08235|0.07916|0.25799|0.39746|-0.04809 =>  42.1028779633
HOST|-0.00005|-0.03825|-0.09008|0.07852|-0.20611|-0.43173|0.34965 =>  -17.8847040194
SERVER|0.00011|-0.26304|-0.15377|-0.12177|-0.24233|-0.12949|-0.07993 =>  -152.578598777
HOST|0.00016|-0.51245|-0.08489|-0.04838|0.11102|0.12489|-0.00202 =>  -28.5370707047
HOST|-0.00009|0.16119|-0.20138|0.01891|-0.44263|-0.10722|0.11530 =>  -138.72107848
