SERVER|-0.00002|-0.14959|-0.12329|-0.04940|0.13992|-0.41134|0.19292 =>  52.2821830526
HOST|0.00004|-0.19271|0.04991|-0.13150|-0.09515|-0.10614|0.66215 =>  96.790551089
HOST|0.00003|0.15211|-0.03199|0.22058|0.33817|-0.55004|-0.16509 =>  87.1311296426
HOST|0.00001|-0.18428|-0.36463|0.05905|-0.05136|0.15941|0.04067 =>  -23.4133151935
SERVER|0.00010|-0.24239|0.19508|0.04676|0.05383|-0.13451|0.14535 =>  10.174250985
SERVER|0.00012|-0.39689|-0.28244|0.03968|-0.15917|0.35993|0.10683 =>  -86.5814769182
HOST|0.00005|-0.00098|0.32925|-0.13893|0.00226|0.20155|-0.01467 =>  -7.52184486952
HOST|-0.00002|0.26310|-0.03069|0.00977|-0.00207|-0.63080|-0.52452 =>  -90.9158268152
SERVER|-0.00006|-0.16169|0.06300|-0.04064|-0.56729|-0.16232|-0.86459 =>  -461.526830612
HOST|0.00015|-0.03249|0.09623|-0.00829|-0.06720|-0.58634|-0.13915 =>  -58.6883077791
HOST|-0.00009|-0.00554|0.21068|0.01608|-0.09391|-0.12629|-0.18643 =>  -108.051401954
HOST|-0.00001|-0.12614|0.01923|0.00760|0.04860|0.14385|-0.94885 =>  -228.45920134
SERVER|-0.00005|0.19818|-0.01546|0.01034|-0.21048|-0.16335|-0.14406 =>  -115.570196444
SERVER|-0.00007|0.21958|0.02077|0.02144|0.11934|-0.05639|0.21023 =>  74.8458176341
HOST|-0.00021|-0.25458|0.00519|-0.08869|0.50603|-0.07061|0.20058 =>  139.823401375
SERVER|0.00007|-0.40241|0.17665|0.01991|-0.21602|-0.08582|0.02502 =>  -146.209855926
SERVER|0.00007|0.16402|-0.00787|-0.03894|-0.15655|-0.17105|-0.22024 =>  -101.58673734
HOST|-0.00002|0.08597|0.00353|0.03104|0.08790|-0.44452|0.22974 =>  78.1583398994
SERVER|-0.00019|-0.21561|0.07691|0.00260|-0.18948|-0.63827|0.21981 =>  -107.024538118
SERVER|-0.00017|-0.10810|-0.18296|-0.02417|0.06386|0.34070|-0.03118 =>  -63.1343079396
SERVER|0.00013|0.08816|-0.06152|0.14363|0.07628|0.25464|0.12768 =>  63.7123220636
SERVER|0.00006|0.10671|0.14307|-0.09386|-0.43021|0.13969|-0.37912 =>  -250.345874403
SERVER|-0.00016|0.60081|-0.16151|-0.05013|0.01941|0.05474|-0.13743 =>  7.67583784058
HOST|0.00008|0.11511|0.07012|-0.00192|-0.23204|0.23209|-0.11637 =>  -80.4513021047
SERVER|-0.00019|0.06812|-0.03706|-0.06209|0.07673|0.09529|-0.09608 =>  -50.0405060076
SERVER|0.00010|0.19116|0.09526|0.09282|0.12182|-0.33075|-0.46860 =>  -46.9971415703
HOST|0.00007|0.08929|0.00472|0.01941|-0.14484|0.47477|0.23026 =>  11.7907654172
HOST|-0.00004|0.15149|-0.02204|0.04771|-0.26067|0.52938|-0.42934 =>  -174.16752024
HOST|-0.00008|0.31895|0.23257|0.01171|-0.14487|0.52854|0.05226 =>  -15.8643424961
SERVER|-0.00010|0.41441|-0.32023|-0.14894|-0.18655|-0.24545|-0.46003 =>  -153.928020825
HOST|0.00010|-0.45696|0.05785|0.00766|-0.22487|-0.35772|0.16319 =>  -110.459201489
SERVER|-0.00000|0.17908|0.06017|-0.03017|-0.34752|-0.21247|0.09400 =>  -101.541134712
SERVER|0.00019|0.19605|-0.06258|-0.01918|0.17125|-0.19735|-0.41319 =>  7.04180386357
HOST|0.00009|0.17520|-0.01299|-0.12539|0.05991|0.11306|-0.01802 =>  51.8142503121
SERVER|-0.00032|0.27975|0.05863|-0.06255|-0.26584|0.05504|0.58900 =>  -1.13907893002
SERVER|0.00008|0.08923|0.03266|-0.18862|-0.35386|-0.42618|0.28388 =>  -80.0596877845
SERVER|-0.00003|-0.56069|-0.03182|0.05070|-0.07704|-0.07073|0.60992 =>  0.909751165539
HOST|-0.00007|-0.12328|-0.00731|0.10571|-0.30868|-0.27880|0.43840 =>  -51.0364477
SERVER|-0.00005|0.15087|-0.02697|-0.07197|-0.09558|0.36731|-0.10164 =>  -66.8596730565
SERVER|-0.00024|0.70265|-0.05480|0.02786|0.01871|-0.66157|0.59339 =>  180.203739578
HOST|0.00002|-0.27117|-0.02043|-0.11871|-0.29752|0.16452|0.11894 =>  -129.847840965
SERVER|0.00004|0.16867|-0.07477|0.15608|0.18750|0.06657|-0.28798 =>  6.8108499893
HOST|0.00001|-0.12480|-0.13990|0.09013|0.66625|-0.05168|0.22101 =>  293.348695461
SERVER|-0.00003|-0.41002|-0.19552|-0.07111|-0.13350|-0.34284|0.03795 =>  -127.727481965
HOST|-0.00001|-0.38341|0.15169|-0.01565|-0.15279|0.70649|-0.06138 =>  -140.381568509
HOST|-0.00015|0.23152|-0.03112|-0.14789|0.40657|0.34433|0.53512 =>  255.649332881
SERVER|0.00006|-0.46777|-0.15714|0.12014|-0.19072|0.01839|-0.23697 =>  -220.506216338
HOST|-0.00007|-0.17734|-0.16767|0.01949|0.18631|0.01097|-0.28276 =>  -40.474387378
SERVER|0.00019|-0.58498|0.28382|-0.00693|-0.07004|-0.46746|-0.52601 =>  -222.366763402
SERVER|0.00003|-0.28981|-0.06593|-0.18503|0.08973|0.54009|-0.14880 =>  -86.769868486
SERVER|-0.00007|-0.00860|-0.16825|0.09925|-0.25313|-0.34878|-0.26225 =>  -195.637733611
SERVER|-0.00014|-0.00366|0.03923|0.03500|0.33235|-0.04294|0.44957 =>  170.303288932
HOST|0.00004|0.13802|0.01198|0.16430|-0.20574|-0.13354|-0.01909 =>  -54.8619402343
SERVER|0.00019|-0.07945|0.14223|-0.10956|-0.13668|0.08162|0.18677 =>  1.6797986022
HOST|-0.00009|0.04861|0.07169|0.05413|-0.07202|0.28298|-0.08515 =>  -67.0826669339
SERVER|0.00005|0.19119|0.07941|-0.03475|-0.12818|-0.27977|0.67882 =>  119.114313202
HOST|0.00014|-0.19499|-0.21556|0.07119|0.26942|0.04593|0.34002 =>  164.973068907
HOST|-0.00001|0.50084|-0.07115|-0.05261|-0.00397|0.01421|0.17341 =>  99.1420178538
SERVER|-0.00013|0.24582|-0.07472|-0.05111|0.08086|0.15969|0.01527 =>  14.4998290799
SERVER|0.00004|0.14516|-0.06588|-0.00466|-0.17338|-0.25828|-0.30523 =>  -146.639314077
SERVER|0.00001|-0.26331|-0.19122|-0.13531|0.08822|-0.03624|-0.61994 =>  -176.447191306
SERVER|-0.00004|-0.40956|-0.02832|-0.03160|-0.15645|0.01012|0.00249 =>  -158.178706478
HOST|-0.00004|0.13757|0.16459|0.00571|-0.08154|0.17305|0.12649 =>  1.42898799909
HOST|-0.00008|0.19870|-0.15757|-0.02691|-0.00808|0.00198|-0.32273 =>  -84.4559880501
SERVER|-0.00003|0.71870|0.06900|0.03635|0.00754|0.77410|-0.24733 =>  24.80759789
SERVER|-0.00012|-0.29404|-0.10778|0.05312|-0.06580|0.11543|0.01555 =>  -116.997481251
SERVER|-0.00007|-0.03047|-0.15942|-0.05970|0.08637|-0.03799|-0.01787 =>  -34.9460669299
HOST|-0.00010|0.10847|-0.00598|0.01797|0.09567|0.17774|0.23097 =>  71.4267182686
SERVER|0.00015|-0.33670|-0.04646|-0.00135|-0.00646|-0.75052|-0.98912 =>  -279.085032841
HOST|-0.00005|0.07745|-0.07436|-0.04272|-0.06214|0.01959|-0.58072 =>  -161.254060553
HOST|-0.00002|0.46819|0.01177|-0.15491|-0.22507|0.05364|-0.53498 =>  -159.517710597
HOST|0.00004|0.18707|0.03454|0.14346|0.04442|0.06500|-0.18369 =>  0.65864755885
SERVER|0.00007|-0.76012|-0.14773|0.06024|-0.23225|0.02439|-0.53825 =>  -350.430344078
HOST|-0.00003|0.37044|0.08614|0.02477|-0.19791|0.19303|-0.33786 =>  -113.238061845
SERVER|-0.00003|-0.34973|0.03588|-0.07774|0.05245|-0.17053|0.42375 =>  44.3002893222
HOST|-0.00002|0.64769|-0.00201|0.03117|-0.13274|-0.29602|0.04087 =>  35.6014582457
HOST|0.00004|0.10835|0.14664|-0.00372|-0.31416|0.68457|0.39684 =>  -18.6122013836
HOST|-0.00011|0.10554|-0.05004|0.07105|0.27294|-0.04263|-0.82848 =>  -92.1893769622
HOST|0.00005|-0.36544|-0.01557|-0.12143|0.19497|-0.08290|0.72616 =>  183.384899147
HOST|0.00012|0.02475|-0.27277|0.01411|-0.01013|-0.10177|-0.04586 =>  6.0874686812
SERVER|-0.00011|0.23297|0.24417|0.14071|-0.29675|-0.13846|-0.29694 =>  -179.539160276
HOST|0.00007|-0.19686|-0.03442|-0.08850|0.19031|-0.25780|-0.09520 =>  15.629559003
HOST|-0.00006|0.21870|0.09254|0.08378|-0.09604|0.41521|0.47745 =>  75.417395871
HOST|0.00012|0.01004|0.03295|0.06138|0.04008|0.19991|-0.28936 =>  -40.4263923705
SERVER|0.00001|0.03220|-0.05928|0.04262|0.12452|0.48785|-0.31640 =>  -56.0772488906
SERVER|-0.00014|-0.56157|0.04629|-0.16954|0.23064|-0.08693|-0.38576 =>  -126.071837439
SERVER|-0.00012|-0.05607|-0.20223|0.01397|0.09715|-0.14309|0.17733 =>  14.9803564988
SERVER|-0.00015|-0.00550|0.00785|-0.05577|-0.26686|0.50299|0.76897 =>  26.8184569823
HOST|0.00006|-0.08218|0.00877|-0.11119|-0.17955|-0.34429|-0.08968 =>  -109.946025917
SERVER|-0.00009|0.16264|-0.20257|0.08084|0.11353|-0.00573|-0.26521 =>  -41.3949095653
SERVER|-0.00010|0.23015|-0.03798|-0.07328|0.21269|-0.74363|0.34526 =>  147.363439437
SERVER|-0.00008|-0.44754|-0.20561|0.08457|0.18097|-0.66187|0.00079 =>  -46.3932805607
HOST|-0.00014|0.06055|-0.06716|0.03344|0.09622|-0.33292|0.44984 =>  99.9362014735
SERVER|0.00000|-0.22339|-0.16462|0.10606|-0.04269|0.15823|-0.54876 =>  -193.006784503
SERVER|0.00008|0.11244|-0.06192|0.02200|-0.24173|0.04820|0.06383 =>  -78.8412930942
SERVER|-0.00013|-0.08304|-0.06740|-0.08068|0.19386|-0.14781|-0.23826 =>  -41.3459724144
HOST|0.00003|0.17512|0.17728|-0.10558|-0.12572|0.53453|0.05179 =>  -17.28593676
HOST|-0.00011|0.08087|-0.26599|0.12752|-0.12878|-0.27635|-0.70287 =>  -211.294947749
HOST|0.00015|0.00257|0.01932|0.10754|0.23267|0.29535|0.26503 =>  159.471280116
HOST|0.00002|-0.15901|-0.14191|-0.15431|-0.15442|-1.05287|0.27394 =>  -32.125711021
HOST|-0.00022|-0.08078|-0.12536|-0.06857|-0.17769|-0.29687|0.09971 =>  -89.2959006402
SERVER|0.00003|0.52338|0.13392|-0.05345|0.02572|-0.03949|0.18796 =>  99.4753419814
SERVER|-0.00009|-0.16586|-0.00615|0.09891|0.18365|0.08225|-0.51061 =>  -115.445390695
SERVER|0.00001|0.50739|-0.07320|0.01776|0.13881|-0.10884|-0.29522 =>  29.1746687978
HOST|0.00000|0.10352|-0.01973|-0.03703|0.05140|-0.01547|-1.01928 =>  -215.316128954
SERVER|0.00004|0.33832|-0.05659|-0.01324|-0.14884|0.20853|0.17090 =>  11.3647089595
HOST|0.00002|0.58261|-0.19624|-0.02095|0.25969|-0.21109|0.20271 =>  207.83285611
HOST|0.00010|0.09211|0.21603|-0.07532|-0.05983|0.01113|-0.74860 =>  -184.595047882
HOST|-0.00002|-0.22715|0.09520|-0.08726|0.28601|0.20667|-0.58087 =>  -62.1620928128
HOST|-0.00001|0.18060|-0.01784|0.14789|-0.11603|-0.19822|0.49030 =>  92.7490253194
SERVER|-0.00036|0.26248|-0.13745|-0.06887|0.13137|-0.09673|0.24368 =>  59.2039298228
HOST|0.00002|-0.10567|-0.11549|0.11415|-0.10643|0.25553|0.59306 =>  58.6381172934
HOST|-0.00003|0.03209|-0.07949|-0.19208|-0.37803|-0.09117|0.56247 =>  -20.6625182951
SERVER|-0.00016|-0.14985|0.22400|0.01609|0.04051|-0.25934|0.02133 =>  -56.6034295468
SERVER|-0.00013|-0.17674|0.00369|-0.04351|-0.06679|-0.14637|-0.56026 =>  -227.011551822
HOST|0.00004|0.43898|-0.02067|0.00344|-0.25549|-0.47982|0.23817 =>  15.2645294571
SERVER|-0.00030|-0.14399|-0.05175|-0.05078|0.04168|0.28510|0.19228 =>  -47.3043042214
SERVER|-0.00012|-0.66484|-0.13169|0.03955|0.09492|-0.14051|0.34292 =>  -44.8423233691
SERVER|0.00002|-0.38371|0.09038|-0.07461|0.38877|-0.18993|-0.45409 =>  -42.8766785535
HOST|0.00003|0.21516|-0.16344|0.01070|0.23763|0.15327|-0.11001 =>  102.793002367
SERVER|0.00016|-0.34387|-0.02496|0.05890|0.24506|-0.32149|-0.67694 =>  -119.787463525
SERVER|-0.00008|0.08198|0.12473|-0.11984|-0.23741|-0.43268|-0.32020 =>  -189.474116234
HOST|0.00011|-0.56061|0.10264|-0.00286|-0.11059|0.16535|-0.32797 =>  -192.726818609
SERVER|-0.00001|0.13301|-0.16229|-0.05569|0.08162|0.11238|-0.26143 =>  -31.5744617164
SERVER|-0.00008|-0.31918|-0.08992|0.02529|-0.21288|-0.50405|-0.37273 =>  -248.860147391
HOST|-0.00003|0.65655|0.08109|-0.07101|0.09039|0.01621|0.10160 =>  116.094363488
HOST|0.00021|-0.15029|-0.06815|-0.01359|0.06961|-0.11889|-0.38623 =>  -55.8288925756
SERVER|-0.00004|0.23500|0.20428|-0.00425|0.19407|-0.03732|-0.51822 =>  -50.9746404753
HOST|-0.00008|0.08976|0.20756|-0.08832|-0.01239|0.21089|-0.58591 =>  -149.258569226
SERVER|-0.00008|0.19057|-0.13276|0.10740|0.12636|-0.14756|0.34621 =>  117.039456833
SERVER|0.00001|0.25661|0.05495|0.05347|0.21272|1.09969|0.62626 =>  235.944951239
HOST|0.00002|0.01775|-0.10828|0.05922|0.24037|-0.24317|0.44739 =>  179.444862463
HOST|0.00002|-0.11661|-0.19741|-0.04003|-0.08944|-0.68247|-1.18640 =>  -323.242758522
SERVER|-0.00004|0.12564|-0.22165|0.15350|-0.18420|0.03219|0.23295 =>  -35.563885257
HOST|-0.00002|0.42024|-0.23638|-0.13219|-0.06901|-0.45466|-0.65231 =>  -121.014045149
SERVER|-0.00012|-0.00895|-0.25252|0.03410|-0.07826|0.14854|-0.25824 =>  -133.80725793
SERVER|0.00017|0.28736|-0.11559|-0.08361|-0.25378|0.18351|-0.24237 =>  -112.491245759
HOST|-0.00004|0.19159|0.02467|0.12348|-0.08634|0.25168|0.56054 =>  121.64713179
HOST|0.00000|0.05737|0.14630|-0.10496|0.17664|0.17442|-0.44874 =>  -43.8011336199
HOST|0.00014|0.20412|-0.02909|0.02167|0.16794|0.20980|0.22627 =>  151.17451433
HOST|-0.00025|0.15491|-0.01272|0.11519|0.10493|0.03619|-0.43848 =>  -91.7888241506
SERVER|-0.00007|0.15898|-0.13409|0.06413|0.09665|-0.23264|0.00259 =>  33.1541288752
HOST|0.00020|0.15671|0.00472|-0.11320|-0.05388|0.24808|0.28492 =>  96.5902315409
SERVER|-0.00004|-0.23309|0.29205|-0.03478|0.06181|0.36033|0.13053 =>  -30.0741912096
HOST|0.00013|-0.05455|0.14046|-0.02636|-0.14848|0.30220|0.00706 =>  -59.8691537698
SERVER|-0.00009|0.07446|-0.06717|-0.02753|0.15938|0.07807|-0.30254 =>  -43.3422107259
SERVER|0.00007|0.04194|0.01740|-0.00769|-0.06323|0.17534|0.03193 =>  -43.0667350953
SERVER|0.00021|-0.08037|-0.11141|-0.06259|-0.28047|0.19809|0.21554 =>  -67.8214094797
HOST|0.00009|-0.12911|-0.06307|0.02359|-0.05343|-0.00541|0.12891 =>  -12.9833190642
SERVER|0.00007|0.30500|-0.09143|0.01963|-0.18581|-0.18586|0.37233 =>  48.3216670991
HOST|0.00001|0.03767|0.17099|0.00951|0.08965|-0.35685|-0.02137 =>  20.3008537912
SERVER|-0.00004|-0.27355|-0.04385|-0.07265|0.02320|0.35978|-0.04345 =>  -68.6365021949
SERVER|-0.00014|-0.27407|-0.08616|-0.01832|-0.19086|-0.00204|0.11134 =>  -139.497250857
HOST|-0.00003|0.47853|-0.18636|-0.03371|-0.28266|0.24622|-0.29379 =>  -117.674940526
SERVER|-0.00009|-0.07103|-0.21782|0.15490|0.00880|0.28723|0.24997 =>  -13.9735142619
HOST|0.00001|0.45221|0.05355|0.02145|-0.23881|0.34868|0.38544 =>  44.6297134537
SERVER|-0.00000|0.27628|0.11497|0.04207|0.01639|0.01112|-0.21130 =>  -41.254130325
HOST|-0.00017|-0.02653|0.15328|0.01220|-0.20507|0.32874|-0.28282 =>  -189.241611874
SERVER|0.00004|0.07926|0.12063|0.04996|-0.23441|-0.15640|-0.56898 =>  -224.625959754
HOST|0.00003|-0.59322|0.02125|0.01286|0.16724|-0.13159|0.08629 =>  -6.73227891691
SERVER|-0.00008|-0.22691|-0.11061|-0.04783|-0.07043|-0.22759|0.81286 =>  82.3024395291
SERVER|-0.00016|0.10386|-0.05566|-0.02392|-0.08286|0.49188|-0.21317 =>  -111.091456456
SERVER|-0.00006|-0.44422|-0.22832|-0.07790|-0.06925|0.34163|0.09650 =>  -107.208639477
SERVER|0.00010|-0.97190|0.07226|-0.02469|0.59094|-0.13572|-0.04452 =>  53.4874068889
SERVER|0.00021|0.08396|0.19551|0.09379|-0.10134|-0.40707|-0.45052 =>  -129.154050275
SERVER|-0.00009|-0.50679|0.12302|-0.04902|-0.06961|0.21343|-0.70547 =>  -308.863861217
HOST|0.00003|0.20594|0.06686|-0.11317|-0.50448|-0.37371|-0.52487 =>  -297.476179802
SERVER|-0.00001|-0.16675|-0.01433|-0.07146|-0.14786|-0.17037|0.06018 =>  -86.2480153333
HOST|-0.00009|0.34646|-0.11497|0.17599|-0.07092|0.19686|-0.21356 =>  -53.5795798337
HOST|-0.00004|-0.16992|-0.02942|-0.01306|-0.12442|0.79374|-0.23567 =>  -133.586921617
SERVER|0.00004|0.11670|0.06041|0.08358|-0.15223|0.34171|-0.29294 =>  -128.57743252
HOST|-0.00002|0.03487|0.00919|0.04830|0.07564|-0.46506|0.49506 =>  119.447259246
HOST|0.00007|-0.33696|-0.13132|0.06749|0.25599|0.08338|-0.80011 =>  -140.300994553
HOST|-0.00003|0.47696|0.11927|0.14491|0.22227|-0.07683|-0.20770 =>  81.23337479
HOST|0.00009|0.26045|0.23536|-0.07237|0.00300|0.34863|0.78180 =>  233.145861908
SERVER|0.00007|0.42728|0.02444|0.14961|-0.14302|0.25915|0.45799 =>  106.167665343
HOST|0.00003|0.10665|-0.22465|0.07324|-0.28089|0.29284|-0.41807 =>  -191.387048494
HOST|0.00000|0.72269|0.04502|-0.15722|0.17241|0.73375|-0.69175 =>  -5.19941117644
SERVER|0.00014|0.02314|-0.03744|0.06373|0.00067|0.17629|0.17343 =>  36.5285395639
SERVER|-0.00011|-0.33394|0.39098|-0.09537|0.15400|0.63242|-0.04608 =>  -52.3078450247
SERVER|0.00001|0.13442|-0.07781|-0.09986|-0.15566|0.10612|0.07137 =>  -59.988663395
SERVER|0.00001|0.60606|0.03506|0.06227|0.19642|0.04819|-0.00269 =>  129.61269812
HOST|-0.00003|-0.40006|-0.14842|0.04344|-0.19579|-0.13539|-0.65746 =>  -303.273018188
HOST|-0.00003|-0.17566|-0.13705|-0.12932|0.23688|-0.74577|0.61489 =>  196.24997025
SERVER|0.00001|0.06605|-0.21219|0.07990|0.08754|-0.13672|-0.15472 =>  -25.630644834
SERVER|0.00007|0.01802|-0.06357|0.07819|-0.18089|-0.04458|-0.90472 =>  -295.548243224
HOST|0.00013|-0.61850|0.13336|0.08745|0.26107|-0.01787|0.12386 =>  54.0206441386
SERVER|0.00014|-0.06985|-0.09803|0.03729|0.13683|0.42774|0.65694 =>  174.09995373
HOST|-0.00026|0.26712|-0.08982|0.08715|-0.07349|-0.26062|0.62917 =>  92.5966422088
HOST|-0.00020|0.02606|0.03402|0.04134|-0.08925|0.03095|-0.23101 =>  -121.874764573
HOST|0.00010|0.26329|-0.04108|-0.06158|-0.20528|0.12440|-0.89801 =>  -236.695254482
HOST|-0.00003|0.39276|0.11709|-0.00863|-0.24005|0.12791|-0.41270 =>  -150.99054808
SERVER|0.00004|0.10869|-0.00650|-0.21902|0.00134|-0.03311|-0.01837 =>  0.209390764705
HOST|-0.00004|-0.24885|0.29024|-0.06810|-0.06076|0.56637|0.42438 =>  18.2184463423
HOST|-0.00015|-0.18729|-0.17900|0.04803|0.22595|-0.09401|0.05437 =>  33.1175537493
HOST|-0.00011|-0.36328|0.01547|0.19536|0.18100|0.20494|-0.02026 =>  -31.9243104612
HOST|0.00004|-0.19878|-0.18876|-0.00334|-0.13597|0.30624|0.57458 =>  49.9340985543
SERVER|0.00001|0.55462|-0.13186|0.06099|-0.21797|0.09678|-0.28088 =>  -93.0278185183
SERVER|-0.00000|-0.20267|0.13827|-0.10597|0.23113|-0.53416|0.70268 =>  185.707626438
SERVER|0.00014|0.14863|-0.13479|-0.07934|0.04443|-0.13820|0.50023 =>  147.212590128
SERVER|-0.00036|-0.03634|-0.11196|-0.02610|-0.11423|0.34841|-0.15352 =>  -183.369996055
HOST|0.00019|-0.08670|0.23581|0.02527|-0.21504|0.65283|0.31512 =>  -3.93001443278
HOST|-0.00028|0.09547|-0.05208|-0.04548|0.23520|-0.22199|0.26598 =>  103.272465318
HOST|0.00008|0.22057|-0.07081|0.03612|0.02642|-0.40482|0.59613 =>  172.076605284
HOST|0.00016|-0.21691|0.26453|-0.23408|-0.07787|-0.13584|-0.35985 =>  -115.545957671
SERVER|-0.00030|0.25170|-0.09916|-0.19709|-0.25220|0.26621|-0.12572 =>  -148.123259817
SERVER|0.00011|0.12464|-0.16613|0.01788|0.23693|-0.40825|0.08777 =>  121.070806926
SERVER|-0.00002|0.00800|-0.03051|-0.06174|0.11525|0.18843|-0.31417 =>  -66.1782455804
HOST|-0.00015|0.02071|0.02997|0.14858|-0.16031|0.35831|-0.35301 =>  -169.32369378
HOST|0.00003|-0.21527|0.04698|0.02001|0.20371|-0.08741|1.19162 =>  318.365309376
HOST|0.00002|-0.11049|0.05726|0.00649|0.07783|0.35714|-0.52304 =>  -98.7546584847
HOST|-0.00023|-0.12479|0.12041|-0.01303|-0.28092|-0.48766|0.28275 =>  -80.5814425618
SERVER|-0.00004|-0.04472|-0.04138|0.03027|0.36236|0.73191|0.06160 =>  120.852335241
HOST|0.00012|0.25063|-0.17397|0.03271|0.21552|0.30696|-0.41549 =>  32.5812717213
HOST|-0.00010|0.23103|-0.11211|-0.01410|-0.17584|-0.55859|-0.07753 =>  -71.7544436878
HOST|-0.00011|-0.07504|0.05880|0.03955|0.26937|0.68454|-0.12672 =>  16.2892061885
HOST|0.00005|-0.01625|0.05712|-0.07011|-0.00018|-0.55807|0.25701 =>  74.2419894209
HOST|-0.00022|-0.04693|0.09661|0.11579|-0.14301|0.70056|-0.40975 =>  -187.369352203
HOST|-0.00026|-0.39771|0.11424|0.08368|-0.30405|-0.54134|-0.75881 =>  -396.743425193
SERVER|0.00014|0.62246|0.04708|-0.24755|0.03646|0.06231|0.04257 =>  106.64211576
SERVER|0.00016|0.28253|-0.00128|0.11423|-0.19137|0.14391|0.39288 =>  57.090834368
SERVER|0.00003|0.23478|0.07209|0.00772|-0.09020|-0.19461|0.04778 =>  0.328491477388
SERVER|-0.00039|0.05198|-0.03091|0.15326|0.29084|-0.54817|-0.07941 =>  5.44141506597
SERVER|0.00004|-0.06795|0.04100|-0.05973|0.14060|0.80360|0.14426 =>  53.344196709
HOST|0.00002|0.14049|0.25863|-0.16649|0.08178|0.27693|-0.35741 =>  -42.3886006964
HOST|-0.00004|0.19045|0.19157|0.09466|0.29402|0.27586|-0.14154 =>  90.1147074093
HOST|-0.00025|-0.29527|0.15918|-0.06600|-0.23641|-0.25518|-0.22123 =>  -235.494785949
HOST|-0.00026|-0.02528|0.31295|0.09544|-0.21934|0.35339|0.91926 =>  66.0222458719
HOST|0.00014|0.02144|0.12334|0.02414|-0.13945|0.12616|-0.68544 =>  -182.059269604
SERVER|0.00006|-0.45435|-0.14438|0.10794|-0.11166|0.00940|-0.33113 =>  -188.253154538
SERVER|-0.00032|-0.19958|-0.11150|0.01555|0.12035|-0.09112|0.72374 =>  111.46658612
SERVER|-0.00018|-0.38079|0.15336|-0.02855|-0.01604|0.28003|-0.47181 =>  -219.581280157
SERVER|0.00011|0.40573|0.02082|0.09887|0.06880|0.33357|-0.23152 =>  9.11359259576
SERVER|0.00012|-0.33629|0.00535|0.06294|-0.01368|0.38263|0.10567 =>  -32.1414535255
HOST|0.00000|0.22446|0.17745|-0.02316|0.34044|0.01247|0.07380 =>  150.703039899
HOST|0.00010|0.03405|-0.03808|-0.08381|-0.03985|0.25251|-0.01664 =>  -9.23932383855
SERVER|0.00001|-0.47009|-0.19694|0.10513|0.21496|-0.20664|0.26964 =>  62.1098221637
HOST|0.00007|-0.04884|0.10953|0.09628|-0.11671|-0.16173|-0.64642 =>  -196.039670863
HOST|0.00012|0.60546|-0.07097|0.05525|0.33348|-0.04712|0.54142 =>  326.740414999
HOST|0.00000|0.71216|0.11211|-0.03981|-0.29649|-0.27881|0.10525 =>  6.44400206896
SERVER|-0.00023|0.20812|-0.12765|-0.04345|0.14018|-0.01750|0.30767 =>  82.4408282834
HOST|0.00007|-0.10175|-0.35340|-0.00767|-0.02761|-0.48206|-0.30248 =>  -92.6960512683
SERVER|-0.00016|-0.22795|-0.11860|0.10231|0.23748|-0.29516|0.10534 =>  18.9116159048
SERVER|0.00003|0.22979|0.15783|-0.05648|0.12237|-0.26706|-0.22564 =>  -1.29602093401
HOST|0.00010|0.12108|-0.16000|0.06669|-0.01077|-0.29940|-0.54104 =>  -107.402275673
HOST|-0.00002|-0.15480|-0.07112|0.06175|0.43770|0.44942|0.40679 =>  211.657475554
SERVER|0.00018|-0.32118|-0.12284|0.12959|-0.19261|-0.14992|0.20256 =>  -84.1661063867
SERVER|-0.00008|-0.12124|0.00611|0.07036|-0.05627|0.29218|0.36517 =>  8.33193512087
HOST|-0.00005|0.17233|0.05594|0.09776|-0.29669|0.15983|-0.76890 =>  -252.186019658
SERVER|0.00012|0.25126|-0.18251|-0.05126|-0.30879|-0.34362|0.16369 =>  -54.3513247731
SERVER|0.00005|0.26101|-0.23618|0.24911|0.16652|-0.23079|-0.38094 =>  -31.9742897976
HOST|-0.00005|0.07037|0.08285|-0.10999|0.27376|-0.49303|-0.54945 =>  -47.0089576812
SERVER|0.00002|-0.18137|0.24513|0.09184|-0.15558|0.66471|0.39506 =>  -12.3191583717
SERVER|0.00011|-0.25276|-0.08897|0.03619|0.14481|-0.45443|-0.22843 =>  -51.5248977307
HOST|0.00009|0.01607|0.01304|-0.09154|0.07342|-0.48570|0.52437 =>  166.377552168
HOST|0.00015|-0.21820|0.00578|0.02700|0.24545|-0.36780|0.35743 =>  151.101623958
HOST|0.00007|-0.65109|0.00875|-0.01899|-0.37315|0.30245|-0.64259 =>  -380.088190899
HOST|-0.00008|-0.23995|0.09369|0.10440|0.14492|-0.46757|-0.14512 =>  -54.2908791869
SERVER|0.00005|0.04658|-0.10410|0.13647|0.05065|-0.58698|-0.03579 =>  -1.1260395993
SERVER|-0.00008|-0.10262|-0.05277|0.04802|-0.12009|-0.48804|-0.11662 =>  -133.476740294
SERVER|-0.00006|-0.18948|-0.13122|0.15291|0.09474|-0.17608|0.44038 =>  64.6532230163
SERVER|-0.00006|-0.38088|-0.23397|0.13877|-0.36617|-0.20806|-0.18952 =>  -256.517705002
HOST|0.00004|-0.04687|0.25827|-0.04800|0.06280|-0.12596|0.09017 =>  30.0517659366
HOST|-0.00011|-0.58191|0.13022|-0.11612|-0.23014|0.19760|0.02483 =>  -192.522850097
HOST|-0.00008|-0.45177|0.05137|-0.10252|-0.12100|0.42033|-0.34452 =>  -208.970846667
HOST|0.00014|0.29157|-0.06636|-0.20294|0.08395|0.60345|0.01926 =>  85.5329971444
SERVER|0.00012|0.18846|-0.02166|0.01117|-0.01029|-0.28883|0.11627 =>  48.5777989081
HOST|0.00008|-0.46391|-0.08004|0.08019|-0.11575|-0.17679|-0.95296 =>  -302.829856318
SERVER|0.00001|0.16241|0.04759|0.02111|-0.10878|0.11453|0.30805 =>  30.8811132636
SERVER|0.00020|-0.20706|-0.18934|0.08129|-0.40583|0.01278|-0.43272 =>  -266.951612124
HOST|0.00006|-0.24171|0.03613|0.05076|0.22246|-0.11920|-0.44057 =>  -66.2063321569
HOST|0.00034|0.26830|-0.06199|0.03392|0.08593|0.08278|0.02274 =>  128.566799193
HOST|-0.00017|-0.24561|0.06971|0.00941|0.03342|-0.11864|0.70916 =>  89.9558946182
SERVER|0.00002|0.37443|-0.21282|0.01778|-0.21147|-0.14900|0.17815 =>  -17.5112792626
SERVER|0.00009|0.16540|-0.01725|-0.06717|0.15516|0.08357|-0.66600 =>  -97.7153525918
SERVER|0.00011|-0.69022|0.09951|0.07859|-0.25575|0.15122|-0.73032 =>  -358.880690398
SERVER|0.00011|-0.29201|0.16324|0.02534|-0.27570|0.27069|-0.17573 =>  -187.923401327
SERVER|0.00008|-0.06287|-0.13534|-0.03335|0.08446|0.29618|-0.29683 =>  -59.8210310621
HOST|-0.00001|-0.26754|0.07044|-0.02378|0.16577|-0.47159|-0.07186 =>  -3.6462792613
HOST|-0.00017|0.06163|-0.01171|0.06382|-0.02549|0.27801|-0.12768 =>  -64.6692553024
HOST|-0.00013|-0.33831|0.32715|0.15386|-0.05703|0.56363|0.16799 =>  -64.130306799
SERVER|-0.00024|-0.37816|0.18442|-0.05717|0.00257|0.63793|0.15552 =>  -101.254936479
HOST|-0.00010|0.28314|-0.13561|-0.13023|0.03552|0.01092|0.32287 =>  103.359580135
HOST|-0.00014|-0.10540|0.13646|-0.04500|0.02943|0.29424|0.01256 =>  -32.8287991841
SERVER|0.00003|-0.26790|0.06053|0.16145|0.03182|0.41759|0.02438 =>  -49.9869361123
HOST|-0.00023|-0.83266|-0.02229|-0.12627|0.10101|-0.55905|-0.47992 =>  -234.193662553
HOST|0.00004|-0.01979|0.15046|0.04975|0.17218|1.02793|-0.24994 =>  -8.07338618888
SERVER|-0.00005|0.10062|-0.05494|-0.00548|0.19839|0.10925|-0.03157 =>  48.0334479481
SERVER|0.00003|-0.09864|-0.00430|-0.10727|0.20584|-0.05528|-0.41979 =>  -65.5546182711
HOST|-0.00016|-0.11374|0.26998|-0.06992|-0.17738|0.13524|0.74874 =>  45.8213793321
HOST|0.00023|0.46087|-0.18358|-0.20688|0.33152|0.10849|-0.00069 =>  208.569772494
HOST|-0.00011|0.11132|0.24048|-0.15105|-0.10629|-0.18457|-0.07900 =>  -67.5125942857
SERVER|-0.00017|-0.04875|-0.17680|0.02155|-0.00598|-0.06885|0.09866 =>  -47.7561184003
HOST|-0.00000|-0.52696|0.06113|-0.08210|0.24180|-0.73384|0.44388 =>  102.269313519
SERVER|-0.00002|0.11931|0.32190|-0.05335|0.02140|0.21152|0.23311 =>  58.1012745942
SERVER|0.00007|-0.12006|-0.15031|-0.12775|-0.07108|0.16436|0.04661 =>  -64.3290759977
SERVER|-0.00005|0.02861|-0.06277|0.05878|0.25848|0.59031|-0.04318 =>  47.5934981919
HOST|-0.00015|-0.25891|0.06231|0.02403|0.23089|-0.61661|0.44366 =>  101.959255657
HOST|0.00002|-0.24322|-0.15491|0.11842|0.08194|0.45457|-0.01264 =>  -20.3767086093
HOST|-0.00008|0.17917|-0.13247|-0.06495|0.26556|0.14626|-0.79279 =>  -84.8214306247
SERVER|-0.00001|0.25008|-0.01526|-0.12059|-0.10584|-0.05374|0.31443 =>  33.592001463
SERVER|-0.00010|-0.29997|-0.18628|0.04245|-0.05012|0.41030|-0.27191 =>  -174.115206536
SERVER|0.00013|-0.03070|-0.04803|-0.04277|0.05141|0.12487|-0.07844 =>  -2.71412554886
HOST|0.00008|-0.33361|0.13545|-0.00658|-0.16475|0.04242|-0.32413 =>  -182.211120611
HOST|-0.00004|0.14602|0.20928|0.03476|-0.44271|0.33387|0.23327 =>  -106.79180504
SERVER|-0.00018|-0.35818|0.05262|-0.04740|0.13382|-0.13648|-0.01545 =>  -59.4070526517
HOST|0.00014|-0.42663|0.24938|0.05653|0.07644|-0.60579|-0.30083 =>  -91.032048323
SERVER|0.00004|0.32859|-0.00225|-0.08268|-0.20084|0.38724|0.95004 =>  173.821903985
SERVER|-0.00011|0.30141|0.01903|0.07721|-0.03155|0.42743|-0.30848 =>  -78.304266693
SERVER|-0.00004|0.36941|0.12978|0.03073|0.09448|0.05145|-0.10555 =>  21.1774916398
SERVER|0.00004|-0.04287|-0.07148|-0.01541|0.01009|0.70042|-0.82386 =>  -211.470809334
HOST|-0.00002|-0.20406|-0.15905|-0.08648|0.14103|-0.16495|0.57110 =>  172.700551583
SERVER|-0.00015|0.56225|-0.15194|-0.04128|0.18690|-0.09608|0.24987 =>  147.23145215
SERVER|-0.00025|-0.11163|-0.00070|-0.01438|0.05480|-0.79920|0.19315 =>  -27.9090646606
HOST|-0.00015|0.31281|0.20067|0.07623|-0.13302|-0.09455|-0.37299 =>  -116.80494085
SERVER|-0.00000|-0.16592|-0.03424|-0.17125|0.11577|0.14481|-0.17873 =>  -44.2859158875
SERVER|-0.00012|0.10048|0.07712|-0.14866|-0.23767|-0.46566|-0.06192 =>  -141.580063825
HOST|0.00009|-0.71164|-0.18117|-0.06190|0.12432|-0.28053|-0.19763 =>  -101.163820406
SERVER|-0.00007|0.14267|0.00257|-0.01519|-0.09146|-0.27219|-0.24789 =>  -101.032440111
SERVER|0.00002|0.10283|-0.25091|0.16950|0.06945|-0.28222|0.45934 =>  121.227351288
HOST|-0.00008|-0.01047|-0.01743|0.10726|0.12461|0.01425|-0.14420 =>  -17.0954870985
HOST|0.00006|-0.34780|-0.32663|0.04551|-0.13740|-0.08111|0.10882 =>  -87.2054702085
SERVER|-0.00003|0.38265|0.15429|-0.02124|-0.01295|-0.45243|-0.19951 =>  -25.325595368
SERVER|0.00002|0.45311|-0.01683|0.00834|0.00575|-0.06477|-0.06600 =>  28.6169826656
SERVER|-0.00003|0.45114|0.06811|0.02852|0.11677|0.28902|-0.61920 =>  -76.3612177246
SERVER|0.00005|-0.01178|-0.16863|0.20998|-0.10481|0.12355|-0.21079 =>  -97.1785881633
SERVER|-0.00004|-0.35597|0.09505|-0.06133|0.02842|0.40547|0.33164 =>  7.88984174162
SERVER|0.00007|0.52669|0.01764|0.03053|-0.11281|0.54332|-0.18336 =>  -27.8290590305
HOST|0.00019|0.97395|0.11839|-0.10075|0.17143|-0.36122|1.15624 =>  489.257241287
HOST|0.00005|0.27013|-0.09851|0.05299|-0.00752|0.03369|-0.36159 =>  -58.1081638748
SERVER|-0.00011|0.42586|0.13995|-0.11802|-0.28942|0.15451|0.72507 =>  73.3785336334
SERVER|0.00008|-0.01971|0.10670|-0.09574|-0.04255|-0.23844|-0.39721 =>  -120.051828296
SERVER|0.00005|-0.24688|0.08170|0.10751|-0.09811|0.30140|-0.11551 =>  -114.600464757
HOST|0.00006|0.27624|0.00520|-0.07005|0.13058|-0.68066|0.49751 =>  204.427763727
SERVER|-0.00013|-0.32305|0.14405|-0.10215|-0.01568|0.29408|0.02053 =>  -99.0262226115
HOST|0.00011|-0.27806|0.10489|-0.03145|-0.19215|-0.41559|0.62247 =>  43.0309545691
HOST|0.00008|-0.09858|0.36312|0.09365|0.03936|0.55730|0.01588 =>  17.2562282523
HOST|-0.00026|-0.17604|-0.11942|0.08041|-0.14195|0.47575|-0.52903 =>  -264.334308971
HOST|-0.00006|0.15742|-0.04313|0.10805|0.34448|-0.38166|-0.11776 =>  87.7934295196
HOST|-0.00001|0.39980|0.23026|-0.01298|-0.09117|-0.17038|1.03269 =>  234.305492587
HOST|-0.00009|0.08759|0.19436|0.02912|0.18506|-0.00798|0.33558 =>  125.679194559
SERVER|0.00009|-0.18378|0.16763|-0.13993|-0.14165|-0.35039|-0.44104 =>  -194.201153264
SERVER|0.00008|-0.26293|0.03504|-0.08991|-0.17419|-0.28984|-0.60138 =>  -248.314563237
HOST|0.00024|-0.22845|0.08026|0.03586|-0.13039|-0.14105|-0.98235 =>  -262.394525163
SERVER|-0.00000|-0.39629|-0.20436|-0.14495|-0.04807|-0.05066|-0.65640 =>  -262.192414931
HOST|-0.00012|0.04192|-0.14306|-0.03757|0.08361|0.05146|0.13854 =>  34.7892038141
HOST|-0.00025|0.07535|0.20811|0.07313|-0.08742|-0.12342|0.06336 =>  -55.9020049326
SERVER|0.00017|0.30357|0.05606|-0.16082|0.16646|-0.03181|-0.72870 =>  -68.9704543355
HOST|0.00015|0.35283|0.19834|0.03317|-0.03148|0.39886|0.16184 =>  89.5216725216
SERVER|0.00008|-0.35893|0.18369|-0.06649|-0.18180|0.46096|-0.09645 =>  -153.951737946
HOST|-0.00002|-0.07330|0.03033|-0.20567|0.02816|-0.02449|-0.33672 =>  -99.7227796268
SERVER|0.00008|0.41289|-0.06659|-0.00672|-0.08405|0.20362|1.06321 =>  266.634247027
HOST|-0.00018|0.35709|-0.17462|-0.08265|0.13646|-0.20838|-0.12552 =>  34.847751227
SERVER|-0.00019|-0.14816|0.18231|0.03840|0.02829|0.05597|0.26048 =>  -10.3901411342
HOST|-0.00013|-0.00326|0.04300|0.11788|0.36222|-0.32630|-0.01000 =>  88.1043591871
SERVER|-0.00009|-0.08193|0.34532|-0.01279|-0.06124|0.04299|0.20876 =>  -31.5349734567
SERVER|0.00015|-0.17399|0.02607|-0.00082|-0.16719|0.26264|0.17903 =>  -35.1545854312
SERVER|0.00025|0.04658|-0.10607|0.11199|-0.15444|-0.14659|0.26591 =>  23.8529021817
HOST|-0.00010|0.30398|-0.03450|-0.02440|0.10383|0.35890|-0.02941 =>  48.7415625934
SERVER|0.00018|-0.26801|0.08399|0.03431|0.20148|1.08032|-0.42502 =>  -58.465341039
HOST|-0.00005|-0.19821|0.07186|-0.02911|-0.33109|0.15502|0.34856 =>  -98.9175696206
HOST|0.00017|0.42066|-0.13283|-0.05463|-0.05440|0.21325|-0.01858 =>  58.222555217
SERVER|0.00011|-0.09845|-0.13703|0.08690|0.26566|0.41207|-0.25322 =>  13.1028067698
HOST|-0.00016|0.03453|-0.14130|0.04718|0.02627|0.25099|-0.45803 =>  -130.050883451
HOST|0.00000|-0.10614|0.19230|-0.06754|0.06556|-0.03966|0.01645 =>  11.8901583505
SERVER|-0.00011|0.00101|-0.08899|-0.16228|0.25378|0.08031|0.16439 =>  79.0126785242
SERVER|-0.00005|-0.08860|-0.04826|-0.07731|-0.00913|0.32287|-0.73885 =>  -221.989513225
HOST|0.00002|0.25550|0.07330|0.00446|0.30630|-0.09928|-0.32085 =>  64.8061972977
HOST|0.00010|-0.22484|-0.18640|0.02575|0.15455|0.34094|-0.14112 =>  2.35189967932
HOST|-0.00012|0.13432|-0.24675|-0.19884|0.12632|-0.07560|-0.01252 =>  24.2995495855
SERVER|0.00012|-0.81201|0.00022|0.08583|0.02731|-0.13657|-0.30722 =>  -205.608858508
SERVER|0.00011|-0.10020|0.02332|0.17160|-0.02569|-0.12875|-0.16108 =>  -67.4701285395
SERVER|0.00016|-0.17503|-0.00487|0.06501|0.36303|0.84297|0.11198 =>  131.747981448
HOST|0.00004|-0.10432|-0.08493|0.01835|-0.16178|0.40826|-0.09060 =>  -85.5125585474
SERVER|0.00005|-0.01244|0.18608|-0.23385|0.14207|-0.15070|0.24737 =>  85.5916336509
SERVER|-0.00016|0.11993|0.24918|0.11622|0.04218|0.35885|0.45812 =>  83.2150290916
HOST|0.00005|-0.63053|0.14769|-0.02382|0.27994|-0.44731|0.10211 =>  28.8270061687
SERVER|-0.00002|-0.29102|0.12978|0.04604|-0.45303|-0.56421|0.03230 =>  -221.078138175
HOST|-0.00002|-0.05778|0.02519|-0.13999|-0.20651|-0.53410|-0.67490 =>  -248.277486884
SERVER|-0.00011|-0.15997|0.17016|-0.03201|0.01732|-0.21676|0.13443 =>  -56.8094028665
HOST|-0.00017|0.14580|-0.04523|-0.04054|-0.09816|0.24378|-0.24315 =>  -118.34466481
HOST|0.00011|0.03864|-0.24476|0.01208|0.07135|-0.20965|-0.01775 =>  45.5446498939
SERVER|-0.00003|-0.11013|0.19299|0.03788|-0.38431|-0.36282|-0.21955 =>  -240.811876502
SERVER|-0.00008|-0.03825|-0.28872|0.04710|0.13113|-0.40113|-0.10384 =>  -14.005224036
HOST|-0.00010|0.37799|0.09164|0.07813|-0.04997|0.03661|0.08985 =>  31.6078374622
SERVER|0.00004|0.01490|0.02006|-0.04905|0.16530|0.03904|-0.14332 =>  -5.36384853027
HOST|0.00015|-0.00280|0.01705|0.09359|-0.28795|-0.29181|-0.23834 =>  -159.459520999
SERVER|-0.00009|0.26898|0.10578|-0.13713|0.01712|-0.18668|0.11825 =>  23.7501325336
SERVER|-0.00016|-0.00722|-0.13710|-0.01216|-0.05401|0.60420|-0.39857 =>  -162.469637753
SERVER|0.00000|-0.20348|0.28825|0.02219|0.06260|-0.01397|-0.69212 =>  -188.990654619
SERVER|-0.00005|-0.07448|-0.15108|-0.04625|-0.04612|0.17426|0.49052 =>  46.0141660441
SERVER|0.00001|-0.23357|0.18411|-0.01509|-0.03236|-0.38401|-0.19378 =>  -134.6643274
SERVER|-0.00006|0.38119|-0.02755|0.04389|0.15213|0.10509|-0.01965 =>  69.0862039221
SERVER|0.00001|-0.02570|-0.00801|0.05190|-0.09498|-0.21040|-1.00470 =>  -304.310936038
SERVER|-0.00007|0.00909|-0.02921|0.01387|-0.58167|0.62020|0.43855 =>  -140.412694668
SERVER|-0.00002|0.09537|0.07233|0.09142|-0.28946|-0.12610|-0.70442 =>  -294.986063084
HOST|0.00003|0.43691|-0.28188|0.11462|-0.05295|0.12868|0.26966 =>  117.61369484
HOST|-0.00003|-0.03087|-0.05093|0.02960|0.33005|-0.18107|-0.08188 =>  87.3503895226
SERVER|0.00009|-0.11279|0.02204|0.04723|0.21649|-0.38478|0.22675 =>  90.6351023751
SERVER|0.00002|0.15603|-0.14474|0.24555|-0.02578|-0.00798|0.19043 =>  11.5578414648
SERVER|0.00013|-0.38420|0.11593|-0.02000|0.00502|-0.32957|0.01842 =>  -49.9416496736
HOST|0.00007|-0.40484|0.10698|-0.01167|-0.12471|-0.54089|-0.43815 =>  -215.884258404
HOST|0.00001|-0.13742|0.23034|0.07081|-0.06020|-0.31264|-0.39196 =>  -128.052814069
HOST|0.00010|-0.10015|-0.09714|-0.11104|-0.30096|0.19360|-0.34779 =>  -187.964421729
SERVER|-0.00002|-0.15108|0.23729|-0.00545|0.13204|-0.09431|-0.09326 =>  -30.2979351058
HOST|0.00001|-0.01696|0.00126|-0.24727|-0.16600|-0.56621|-0.63111 =>  -220.664473765
HOST|0.00013|0.13673|-0.02359|0.07184|0.14044|0.45437|0.05866 =>  80.2274652907
SERVER|-0.00009|0.42174|-0.11767|-0.14203|-0.00325|-0.09503|0.28929 =>  69.4613624103
HOST|0.00008|0.27715|0.05125|-0.08982|0.07416|-0.63036|-0.41984 =>  -32.4802492349
SERVER|-0.00004|-0.56822|0.24845|0.07992|-0.15877|-0.63768|0.31541 =>  -92.5854974966
SERVER|-0.00006|0.30472|0.09646|0.14912|0.27111|-0.06380|-0.24126 =>  53.0919044603
SERVER|0.00016|-0.30227|0.09884|0.06008|0.12119|0.21289|-0.16549 =>  -41.1329143846
HOST|-0.00013|-0.18883|0.05576|0.12476|0.12663|0.38929|-0.07116 =>  -29.7747667623
SERVER|0.00005|0.27618|0.10699|-0.00387|-0.01383|0.40728|-0.21973 =>  -32.524519196
HOST|0.00012|0.53406|0.02317|0.09578|-0.10415|0.43544|-0.20349 =>  15.7887735386
SERVER|-0.00016|-0.29515|0.33910|0.19322|0.01467|-0.31577|0.33122 =>  -12.8587442864
SERVER|0.00010|-0.41455|0.32353|-0.03462|-0.17823|-0.81686|-0.52372 =>  -255.187105929
HOST|-0.00005|-0.29161|0.18742|-0.24234|0.09195|-0.71609|0.44368 =>  87.8371987095
SERVER|0.00002|-0.00905|-0.10193|-0.05905|-0.08518|-0.15526|-0.12413 =>  -89.0387622318
SERVER|-0.00017|0.26638|-0.04791|0.21665|-0.40720|-0.39227|-0.39567 =>  -254.760868582
SERVER|0.00004|-0.00594|0.00281|-0.14384|-0.12794|-0.26048|-0.31322 =>  -142.018712574
SERVER|0.00006|0.25296|0.25493|0.15348|-0.23822|-0.12974|0.63817 =>  85.5439483285
HOST|-0.00015|0.17481|-0.06013|0.05338|-0.09292|0.64561|0.20976 =>  3.77816008583
SERVER|0.00007|0.18399|-0.19241|0.07177|0.27568|0.07913|0.84492 =>  324.859332674
HOST|-0.00010|0.01448|0.07089|-0.09975|0.35630|0.11286|0.90926 =>  304.119655948
SERVER|-0.00003|-0.20052|0.15710|0.02552|0.28438|-0.90211|-0.06463 =>  27.2601450918
HOST|0.00002|-0.00297|0.04177|0.09148|-0.07031|0.46050|-0.11567 =>  -62.3052029689
HOST|0.00010|0.01525|-0.14187|-0.06092|-0.12098|0.64950|0.30202 =>  41.8110387097
SERVER|0.00027|0.57941|-0.37452|0.05242|-0.13167|-0.09053|-0.64175 =>  -104.18303899
HOST|0.00013|0.32403|0.01123|0.04668|-0.32107|-0.25183|-0.96384 =>  -276.634076545
HOST|0.00003|0.39943|0.08702|0.04374|-0.15812|0.01846|-0.12708 =>  -41.1192774147
SERVER|-0.00001|0.64150|0.07988|-0.04592|-0.28532|0.26792|-0.32467 =>  -110.317160646
HOST|0.00006|0.63279|-0.01490|-0.07233|0.16462|0.47191|0.41983 =>  230.473367432
HOST|0.00024|0.02015|0.10985|0.08889|0.16902|0.10796|0.69651 =>  236.170233673
HOST|-0.00003|0.44796|0.08913|-0.14298|-0.33103|-0.03594|0.41732 =>  22.1543338089
HOST|0.00011|0.17406|0.01421|-0.07956|0.07126|-0.20357|0.20001 =>  108.831726872
SERVER|0.00006|0.35394|-0.03076|0.02023|-0.06964|-0.10096|0.01552 =>  0.117602049734
SERVER|0.00011|-0.96490|0.07006|-0.07216|0.15746|0.17007|-0.26928 =>  -156.277850425
SERVER|-0.00008|0.36405|0.05339|-0.05541|0.01849|0.22634|0.05028 =>  21.6333648
HOST|-0.00010|-0.32941|0.05534|0.02807|0.16294|-0.60442|-0.49207 =>  -128.913155813
HOST|0.00011|0.47589|0.04445|-0.09394|-0.06830|0.46085|-0.04608 =>  42.9423968079
SERVER|-0.00010|-0.17867|0.37429|-0.08577|-0.05144|-0.50907|-0.12897 =>  -114.914628781
HOST|-0.00001|-0.04912|-0.01446|0.07837|-0.15993|0.53590|0.01726 =>  -66.6288457568
HOST|-0.00012|0.10985|-0.09511|0.17434|0.24095|0.11948|0.40963 =>  156.973446777
HOST|0.00002|0.00092|-0.17839|-0.00549|0.39224|0.32309|0.50422 =>  259.947337355
HOST|0.00002|-0.26331|-0.10885|-0.04258|0.05005|-0.11858|0.35684 =>  49.9846661058
SERVER|0.00011|0.23975|0.20612|0.00582|-0.09735|-0.17330|-0.06957 =>  -11.9640113383
SERVER|0.00000|-0.30280|-0.16792|0.08199|-0.07792|0.99721|0.03550 =>  -99.8494287591
SERVER|0.00022|0.30592|-0.03911|-0.08773|-0.20347|0.30203|0.39075 =>  78.5386550164
HOST|0.00008|-0.04993|-0.09566|0.10261|0.42545|0.69839|-0.20907 =>  93.7305674847
HOST|-0.00009|-0.45493|-0.04924|0.10337|-0.14200|-0.17152|-0.35948 =>  -221.692182181
HOST|-0.00011|0.20592|0.10814|-0.03880|-0.07347|0.04657|-0.02769 =>  -23.9665691636
HOST|0.00017|0.09532|-0.02352|-0.12271|-0.10304|0.20466|0.09268 =>  10.6955355422
SERVER|0.00010|0.21180|-0.02708|-0.13712|0.24135|-0.54640|0.16763 =>  123.751434676
HOST|-0.00006|-0.25813|0.12542|0.06743|0.01361|-0.18150|-0.43364 =>  -159.718963478
SERVER|0.00008|-0.13523|-0.05811|-0.04605|0.02088|-0.20732|0.14550 =>  5.41280013049
HOST|0.00005|0.68075|0.03131|0.03036|0.01494|-0.29285|0.37297 =>  184.480844963
SERVER|-0.00007|-0.65827|-0.03470|0.05043|-0.06333|-0.56230|0.29659 =>  -71.5852281873
SERVER|-0.00031|-0.57019|-0.01909|-0.02894|0.16918|-0.06800|0.32772 =>  -13.2233483071
HOST|-0.00011|-0.20349|0.01697|0.07022|0.04985|0.26300|0.11630 =>  -23.514989948
SERVER|-0.00003|0.29103|-0.20588|0.06975|-0.18849|-0.28013|-0.44868 =>  -159.983151017
SERVER|0.00005|-0.10650|0.07618|0.08712|0.25834|0.19763|0.13276 =>  90.9029702877
HOST|0.00017|-0.24269|0.07092|0.17025|-0.19748|0.58777|-0.43874 =>  -186.326999876
SERVER|-0.00001|-0.32706|-0.12113|0.09515|-0.14676|-0.14519|-0.85243 =>  -326.925576064
SERVER|0.00011|0.33177|0.11861|0.05497|0.00404|0.05332|0.00891 =>  38.4240444181
HOST|0.00013|0.08128|-0.22838|0.05598|-0.33111|-0.07322|-0.11198 =>  -126.14960402
SERVER|-0.00011|-0.68855|-0.01429|0.03211|0.05074|-0.39667|0.23152 =>  -70.588711851
SERVER|-0.00012|0.07935|0.08684|-0.04424|0.04637|-0.21267|-0.43517 =>  -123.541117641
HOST|-0.00022|0.15972|0.26987|-0.00939|0.04394|0.01988|0.15706 =>  31.4561269893
HOST|0.00008|-0.18730|0.19282|0.11441|0.26411|-0.08295|-0.12101 =>  31.6299094712
SERVER|0.00016|0.23220|0.03838|-0.00099|-0.10752|0.18000|-1.05767 =>  -259.500424128
HOST|-0.00006|0.28818|0.00133|-0.09883|0.06062|0.38134|0.61738 =>  181.916742235
HOST|0.00009|0.08039|-0.16420|0.05133|0.09275|0.32729|-0.87473 =>  -167.733023178
SERVER|0.00025|0.07222|-0.16496|-0.04629|0.06440|0.25155|-0.43500 =>  -59.4685438215
SERVER|-0.00004|-0.18218|-0.11676|0.03345|0.16186|-0.53239|-0.00698 =>  -8.75210215289
SERVER|-0.00002|-0.00135|-0.14265|0.01904|-0.25759|0.14742|-0.02786 =>  -151.963876208
SERVER|0.00007|-0.11970|-0.04863|0.01374|-0.23458|-0.24992|0.24634 =>  -59.6938005021
SERVER|-0.00004|0.03402|0.08221|0.09053|-0.18312|-0.20063|0.71762 =>  64.0454423769
HOST|0.00005|-0.27314|-0.19447|-0.15107|-0.13752|-0.37318|0.13480 =>  -49.5063735391
SERVER|-0.00009|-0.14696|-0.04013|-0.10004|-0.01085|-0.03584|0.18209 =>  -7.36846402132
SERVER|-0.00009|-0.43579|-0.21602|-0.02875|-0.14162|0.11554|0.47201 =>  -60.5437907344
HOST|-0.00011|-0.03133|0.25490|-0.05740|-0.25199|-0.40700|0.58035 =>  17.0528637755
HOST|0.00005|0.16250|-0.04190|-0.07173|-0.04629|-0.19353|-0.55476 =>  -134.569158873
SERVER|0.00004|0.06972|-0.06669|-0.14013|-0.09783|0.31541|-0.13097 =>  -95.3862233149
HOST|-0.00019|-0.25294|-0.29145|-0.03005|-0.07756|-0.38436|0.08213 =>  -95.5077173948
SERVER|0.00019|-0.33800|-0.08042|-0.05025|0.08955|0.45598|0.52989 =>  108.030593797
HOST|0.00006|0.39685|-0.09478|-0.05400|0.06747|-0.07374|-0.05787 =>  79.215329648
SERVER|0.00009|0.19406|-0.11123|-0.05199|-0.05423|0.56214|0.42160 =>  93.3356977809
SERVER|0.00005|-0.50222|0.12912|0.10882|-0.17595|0.50436|0.14858 =>  -128.362719078
SERVER|0.00013|-0.29914|0.13990|0.08320|0.09917|0.22676|0.61159 =>  129.539055447
SERVER|0.00002|-0.21229|0.21926|0.09066|0.02711|0.01896|0.16115 =>  0.135849920282
HOST|0.00011|-0.03795|0.14189|-0.03344|-0.05808|0.11621|-0.42807 =>  -114.447791242
HOST|0.00002|0.05490|-0.20223|0.05899|-0.02176|-0.03457|-0.17036 =>  -26.4642581842
HOST|0.00014|0.23467|0.05254|0.24771|0.25940|0.45690|0.11282 =>  168.129464398
SERVER|-0.00008|0.10178|-0.14830|-0.06301|0.18626|0.10149|0.52619 =>  160.898200723
SERVER|0.00028|-0.05771|-0.10646|0.05014|-0.02239|0.28433|-0.26598 =>  -62.1128172904
SERVER|0.00025|-0.64409|-0.14270|-0.05935|0.06260|0.30557|-0.24314 =>  -102.874124438
SERVER|-0.00008|-0.02937|-0.10427|0.08461|-0.28000|-0.16859|-0.24653 =>  -205.321117416
HOST|0.00001|-0.07614|-0.10560|-0.00710|-0.12565|0.38036|-0.22996 =>  -116.777947017
HOST|0.00005|0.17289|-0.20636|0.05381|-0.38008|0.40878|0.35791 =>  -35.7631811343
SERVER|0.00010|-0.28866|0.05550|-0.01124|0.24986|0.04024|-0.27126 =>  -30.5059035454
SERVER|-0.00013|-0.43531|-0.01335|-0.13107|-0.17629|-0.06032|0.78959 =>  12.3912817704
SERVER|0.00006|0.00446|-0.03633|-0.11266|-0.15572|0.41240|0.05898 =>  -67.9579069764
SERVER|0.00005|0.21821|0.19097|-0.00019|-0.02866|0.18077|-0.67041 =>  -172.250712831
HOST|-0.00012|-0.64597|0.03792|-0.01326|0.24267|-0.10090|-0.61884 =>  -177.266735483
SERVER|-0.00006|-0.53480|-0.07994|-0.00655|-0.16891|-0.33919|-0.02711 =>  -177.203017566
SERVER|0.00004|-0.39375|-0.12875|0.00104|0.10242|-0.14204|-0.17934 =>  -76.7033908109
SERVER|0.00001|-0.21350|-0.01185|-0.07725|0.37109|0.20398|-0.19458 =>  31.7368598461
HOST|-0.00013|0.51219|0.15347|-0.09489|-0.23408|-0.09760|-0.50029 =>  -163.573906586
SERVER|-0.00010|-0.32528|0.09415|0.05380|0.14392|-0.25569|0.05516 =>  -35.210964587
SERVER|0.00012|0.35532|-0.16396|-0.06028|-0.51704|-0.04654|-0.23775 =>  -190.822609454
SERVER|-0.00026|0.10013|0.18774|0.01480|-0.12225|0.66882|0.06246 =>  -96.7144541334
SERVER|-0.00004|-0.01990|0.06851|0.04097|-0.01673|0.38044|-0.41907 =>  -137.91739918
HOST|-0.00017|-0.24783|0.24853|-0.06545|-0.13409|0.61324|-0.15766 =>  -164.582366085
HOST|-0.00024|0.20518|0.12656|0.17378|0.20075|-0.66962|0.02555 =>  64.7010023325
SERVER|0.00006|-0.14113|-0.03478|0.04230|0.00018|-0.65767|-0.17919 =>  -78.573291008
HOST|0.00024|-0.22035|-0.13746|0.07255|0.10875|0.13599|0.05607 =>  66.0541137554
SERVER|-0.00011|0.05270|-0.04627|-0.14753|-0.17753|-0.17320|0.19175 =>  -66.6920971232
HOST|0.00005|-0.27597|0.05564|-0.10393|-0.28803|-0.21091|-0.33489 =>  -226.770815586
HOST|0.00014|0.49885|0.08678|0.01749|-0.05461|-0.19600|0.67224 =>  210.09364043
HOST|0.00004|0.58209|0.05689|0.00419|0.30337|1.28067|-0.40465 =>  104.547413214
SERVER|0.00005|-0.08620|0.63124|0.12233|0.25436|-0.07095|0.10913 =>  96.2780098557
SERVER|-0.00014|0.09564|-0.09470|0.06476|0.07824|-0.34617|0.14609 =>  6.41779231628
HOST|-0.00005|-0.30038|-0.11545|0.09709|0.21033|-0.15675|-0.46917 =>  -102.643149698
SERVER|-0.00006|0.39888|0.21356|-0.00580|-0.08848|-0.42494|0.07352 =>  -7.01432058813
HOST|0.00019|-0.03373|-0.19982|0.06170|0.02983|-0.47439|-0.16821 =>  -12.6734220277
HOST|-0.00001|-0.00627|0.11260|0.04256|0.22123|0.21448|0.28196 =>  126.29851255
SERVER|-0.00014|-0.01259|0.04893|0.01337|-0.01074|-0.05155|0.30505 =>  -1.20746635956
HOST|0.00032|0.17027|-0.35909|-0.06521|0.01245|0.16176|-0.48555 =>  -36.1175347354
SERVER|0.00002|-0.44727|0.03195|-0.25016|0.13054|0.43789|-0.13595 =>  -72.9332386737
HOST|-0.00018|0.19970|-0.15565|0.04310|0.04093|0.04195|0.52782 =>  117.695405655
HOST|0.00008|-0.05484|0.18580|0.20613|0.09753|-0.30590|-0.20262 =>  -3.36792212273
HOST|0.00001|-0.60331|-0.01467|0.03214|0.08197|-0.48033|-0.09414 =>  -64.9160585752
SERVER|-0.00011|-0.50973|0.12535|0.14623|-0.08027|-0.07954|-0.16600 =>  -180.730125143
HOST|0.00005|-0.35129|0.00900|0.08533|0.27434|0.56554|-0.27932 =>  -26.6031866864
HOST|-0.00001|-0.12080|0.32004|0.10013|0.03830|0.13812|-0.09863 =>  -46.7784849857
HOST|-0.00003|-0.47538|-0.13697|-0.02748|-0.03546|-0.21448|-0.13470 =>  -131.384077606
HOST|0.00003|0.16961|0.09616|-0.07394|0.07404|0.13106|-0.21136 =>  -6.74571256075
HOST|-0.00007|-0.31668|0.19940|0.12913|0.04277|-0.72614|-0.03209 =>  -72.4034855661
HOST|-0.00015|0.13491|0.15354|0.06140|0.07361|0.04187|-0.01886 =>  2.94446742442
HOST|0.00011|0.27071|-0.05749|-0.02602|-0.08829|-0.23099|0.51159 =>  130.759519509
SERVER|-0.00017|-0.14211|0.05914|0.13526|-0.18358|-0.05568|-0.18457 =>  -181.480898788
HOST|-0.00006|-0.23912|0.34653|-0.16541|0.10836|0.10563|0.92932 =>  194.177025572
SERVER|-0.00001|0.68377|-0.05612|0.00855|-0.09006|-0.07406|0.30963 =>  98.6328301044
SERVER|-0.00001|0.02556|-0.08706|-0.12163|-0.05322|-0.19127|-0.55468 =>  -164.352885641
HOST|0.00004|0.36671|-0.32549|0.04564|0.24740|0.44363|0.68425 =>  296.017853403
HOST|-0.00038|-0.27671|-0.06186|-0.19764|-0.11071|0.52483|-0.32399 =>  -228.166122051
SERVER|-0.00010|0.34967|-0.00202|0.02183|0.22859|-0.07462|-0.30903 =>  13.4590409742
HOST|-0.00016|-0.06831|0.01500|-0.01698|0.06618|0.97535|-0.12164 =>  -49.3947751822
HOST|-0.00009|-0.08635|0.11266|0.02861|0.05552|-0.81089|-0.30133 =>  -91.41435864
SERVER|0.00018|0.09822|-0.03076|0.01401|0.04319|-0.25498|-0.35527 =>  -54.1129166015
SERVER|0.00001|0.03250|0.24787|0.13914|0.11946|-0.22743|-0.57382 =>  -94.6740697596
SERVER|-0.00016|-0.25816|0.09807|0.00844|-0.28976|0.22252|-0.77338 =>  -372.833350817
SERVER|-0.00017|-0.48597|0.12925|-0.09335|-0.52212|-0.14363|0.07461 =>  -308.597555483
SERVER|0.00014|-0.35925|-0.18156|0.06820|-0.43282|-0.20535|0.25224 =>  -140.085895928
SERVER|-0.00009|0.04772|-0.30306|-0.00393|-0.10979|-0.13849|-0.21875 =>  -127.302806176
SERVER|0.00002|0.09014|0.04411|0.09313|0.17884|0.15645|0.29615 =>  121.286535776
SERVER|0.00023|0.69514|-0.06855|0.08937|-0.00486|-0.18246|-0.05930 =>  97.7235347358
HOST|0.00008|-0.05206|0.10873|-0.03036|0.30660|-0.26879|0.08251 =>  122.238037794
SERVER|-0.00002|-0.19447|0.08186|0.00899|0.13763|0.43798|-0.53895 =>  -122.436836366
HOST|0.00009|-0.06330|0.05763|0.01069|0.20739|-0.04753|-0.36765 =>  -19.9885981814
HOST|-0.00005|0.02250|-0.16760|0.00894|0.03803|0.19220|-0.05087 =>  -14.8558411357
HOST|0.00002|-0.40011|0.05677|0.03278|-0.01657|0.14154|0.27830 =>  -10.3645548637
HOST|-0.00007|-0.01080|-0.00783|0.25290|0.38406|-0.15386|-0.59672 =>  -21.8009887161
SERVER|0.00011|-0.27872|-0.16133|0.11550|-0.16429|0.24490|-0.33795 =>  -195.025966959
SERVER|-0.00005|-0.39382|0.11455|-0.01616|-0.01177|0.19024|0.44593 =>  6.58045565714
HOST|-0.00019|0.44468|0.13934|0.00418|0.04189|0.00629|0.77011 =>  210.856338498
HOST|0.00004|0.06075|0.15203|-0.05877|0.18299|-0.39605|0.03695 =>  83.917897775
SERVER|0.00001|0.56458|-0.01188|-0.10215|0.15073|-0.43323|-0.65066 =>  -31.9389948149
SERVER|-0.00005|0.21658|-0.04374|0.05695|-0.05870|0.02244|-0.79759 =>  -204.024299269
HOST|0.00011|-0.23797|-0.11638|-0.11934|-0.05787|-0.44239|-0.06430 =>  -51.4988672586
SERVER|-0.00007|-0.15665|0.15808|0.10282|0.17616|0.01343|0.45095 =>  113.627702486
HOST|-0.00007|-0.38394|-0.10729|0.09421|0.06063|0.51720|0.32648 =>  12.2032375396
HOST|0.00005|0.28605|0.07435|-0.08522|-0.18526|-0.19303|-0.22345 =>  -71.5839413491
HOST|-0.00010|-0.16049|-0.20084|0.09416|-0.03016|0.67309|0.05167 =>  -45.9139424527
HOST|-0.00017|0.00140|0.35197|0.06479|0.02346|-0.53925|0.88242 =>  180.652762906
HOST|-0.00005|-0.44059|0.17052|0.18055|-0.29630|0.68556|0.41564 =>  -89.9556567675
HOST|0.00007|0.09831|-0.18807|0.05266|-0.13682|0.23818|-0.23711 =>  -85.7283909355
SERVER|-0.00004|0.20249|0.10699|0.02236|0.23511|-0.20164|-0.32173 =>  12.510447214
HOST|0.00003|-0.12661|-0.17089|-0.15135|0.03927|0.10473|-0.18738 =>  -56.787393783
HOST|0.00004|-0.02608|-0.05737|0.03898|-0.23581|-0.16607|-0.01645 =>  -105.771992205
HOST|0.00018|-0.34730|-0.01457|0.00437|-0.05413|0.33406|-0.20970 =>  -105.045045414
SERVER|0.00005|-0.03743|0.04868|-0.01413|0.22977|0.30624|0.07476 =>  69.0100562354
SERVER|-0.00007|0.29750|0.11878|0.01292|0.05477|0.03109|-1.05745 =>  -225.838931215
SERVER|0.00006|-0.20133|0.08453|0.10690|0.33841|-0.43009|-0.01835 =>  73.1781373175
HOST|-0.00004|0.00137|-0.13526|0.05854|-0.28835|0.03995|0.33307 =>  -55.1854515494
HOST|-0.00001|-0.24586|-0.08602|0.19123|0.41820|0.25021|0.78445 =>  294.784972757
SERVER|0.00007|-0.36858|0.29464|0.10219|-0.15672|-0.05680|-1.36405 =>  -446.472535568
HOST|0.00006|-0.27269|-0.18719|0.18627|0.19985|-0.30184|-0.09497 =>  3.70706628589
SERVER|0.00012|-0.04303|-0.10947|0.15622|-0.03380|0.20063|0.07777 =>  -4.32053277318
SERVER|0.00000|-0.34833|-0.22008|-0.08439|-0.00066|0.23858|0.22023 =>  -32.2307019033
SERVER|0.00015|-0.12414|-0.28467|-0.03793|-0.16744|0.41178|-0.13064 =>  -120.667357758
SERVER|0.00006|0.10736|-0.19330|-0.12050|-0.01362|-0.28213|-0.16968 =>  -51.7517128865
HOST|-0.00021|-0.18794|0.09614|0.08382|0.14117|-0.15974|-0.29851 =>  -84.5015768337
SERVER|0.00011|0.09112|-0.04551|-0.18137|0.00473|-0.46792|-0.06517 =>  -2.45291656593
SERVER|-0.00009|-0.36306|-0.22932|-0.02058|0.22887|-0.02554|-0.58193 =>  -144.374505555
SERVER|0.00001|0.78618|0.21225|-0.09161|-0.21348|0.15438|-1.55108 =>  -352.354153187
HOST|0.00014|0.11779|0.13920|0.04968|0.02563|0.51478|-0.11925 =>  5.69872368498
SERVER|0.00006|0.39325|0.08095|-0.10073|0.18234|0.26018|0.85090 =>  291.024187735
SERVER|-0.00011|0.05262|0.01384|-0.06922|0.26809|0.05133|-0.48417 =>  -55.3525223058
SERVER|-0.00005|0.34369|0.09153|-0.01368|0.10916|0.45542|-0.24272 =>  0.144631603383
SERVER|-0.00000|-0.05442|-0.13431|-0.11727|0.03400|0.13390|-0.12490 =>  -53.4035774583
HOST|-0.00013|-0.33243|0.10089|0.03825|-0.17476|-0.39931|0.37686 =>  -53.6124090568
HOST|-0.00000|-0.11135|-0.06454|-0.08814|-0.11880|-0.08276|-0.72945 =>  -237.193675824
HOST|-0.00008|0.01844|-0.06368|-0.03374|-0.21956|0.42460|0.39028 =>  -15.8600630361
HOST|0.00032|0.60544|-0.04286|-0.10710|0.11307|0.18210|0.37500 =>  263.492282173
SERVER|0.00009|0.59226|-0.14344|-0.06353|-0.03965|-0.02727|-0.00442 =>  62.3608435491
SERVER|-0.00002|0.05714|0.08050|0.03189|-0.19539|0.36609|-0.45782 =>  -195.793075325
HOST|0.00018|-0.30580|-0.20039|0.07057|-0.35341|-0.17097|0.36202 =>  -61.8120677232
SERVER|-0.00005|-0.02893|0.04598|-0.07900|-0.24812|-0.54210|0.00467 =>  -131.463681476
HOST|0.00011|-0.12071|-0.24304|-0.00497|-0.03111|0.22122|-0.15657 =>  -59.3302351448
HOST|-0.00016|0.47881|0.20756|-0.09776|0.09871|0.26996|0.54832 =>  179.438153398
SERVER|0.00009|-0.52047|-0.13368|-0.03031|0.22356|0.68496|0.20546 =>  29.7336066976
HOST|0.00005|0.11938|0.01334|0.02520|-0.14200|-0.15503|0.79200 =>  141.827683442
SERVER|0.00004|-0.28358|-0.00816|-0.19945|0.00191|0.21314|0.03187 =>  -46.3064409217
HOST|0.00013|0.12324|0.02658|-0.00169|0.08146|-0.36995|0.36784 =>  142.577537845
HOST|0.00007|-0.00976|-0.06111|0.11772|0.43688|-0.45471|-0.31427 =>  87.8238341267
SERVER|-0.00014|0.48611|0.11451|0.18462|0.17948|-0.34223|0.52171 =>  176.626595935
HOST|0.00001|0.20268|0.13147|0.06470|-0.17694|-0.55568|-0.47642 =>  -144.355234835
HOST|-0.00004|-0.45475|0.19669|-0.02314|0.11267|-0.28649|-0.50909 =>  -150.590163308
SERVER|-0.00002|0.06943|-0.13358|0.10485|-0.48335|0.39253|0.27970 =>  -124.273127446
HOST|-0.00011|0.02846|0.20115|0.06000|0.27607|0.40499|0.15473 =>  130.682800735
HOST|-0.00000|0.23164|0.12605|-0.01543|0.32821|-0.24881|-0.56879 =>  2.85790012632
HOST|0.00012|-0.40366|0.10821|0.04284|0.22215|0.14251|-0.61935 =>  -106.938468328
HOST|-0.00001|0.16919|-0.03729|0.12412|-0.06409|0.04589|-0.37649 =>  -101.769228769
HOST|-0.00019|0.05238|0.07432|0.05407|-0.04195|-0.34525|0.15241 =>  -13.9435558621
SERVER|0.00003|-0.02284|-0.18204|0.03279|-0.06605|-0.01301|0.29322 =>  22.4025748532
HOST|0.00000|0.19487|0.15210|-0.07545|0.06015|-0.58194|-0.04514 =>  33.5718098757
HOST|-0.00009|0.10104|-0.06527|0.19158|-0.21229|-0.28836|0.47731 =>  20.1907263718
SERVER|-0.00013|-0.26877|-0.10953|0.20354|-0.07190|0.01396|-0.41972 =>  -217.684146017
SERVER|-0.00003|0.10836|-0.10795|-0.01419|0.37775|-0.19890|0.78860 =>  282.912290118
HOST|0.00012|0.43480|0.16376|-0.16473|0.07580|-0.11293|0.14364 =>  142.787943097
HOST|-0.00027|0.22709|0.20538|-0.01467|-0.01102|-0.46394|0.37802 =>  58.8156531702
SERVER|-0.00023|0.28664|0.22265|-0.08777|0.08956|0.12803|-0.08048 =>  -10.8934148147
HOST|0.00003|0.50572|0.17559|0.06106|0.07992|-0.00965|0.14871 =>  140.104293623
HOST|0.00024|-0.04266|0.06539|-0.08566|-0.22032|-0.11194|-0.10833 =>  -79.387357759
HOST|0.00009|-0.46872|0.05027|-0.01429|-0.04034|0.52591|0.25885 =>  -16.3821047776
HOST|-0.00007|0.48537|0.12401|-0.02830|-0.08023|0.20474|-0.50205 =>  -95.747634845
SERVER|0.00011|0.30182|0.10571|-0.03122|-0.03877|0.11738|0.05196 =>  35.1947949879
HOST|0.00010|0.12158|-0.02645|-0.04278|0.22579|-0.18982|-0.23415 =>  51.7588255692
SERVER|-0.00011|-0.17285|-0.06555|-0.07864|0.02415|0.52436|0.55517 =>  64.9343027199
HOST|0.00015|0.42431|0.09769|0.01059|-0.01952|0.12785|-0.42560 =>  -26.860889576
HOST|0.00014|0.72581|0.29622|-0.08082|0.03651|-0.40421|0.79559 =>  305.527756771
HOST|0.00004|0.51371|0.09568|-0.03113|-0.23257|-0.70470|-0.12696 =>  -27.1180273418
HOST|-0.00016|0.15524|0.21311|-0.17345|0.29024|0.18306|-0.06113 =>  90.0453799844
SERVER|0.00014|0.28675|-0.04341|0.10593|0.09004|0.00110|-0.29175 =>  -0.418182019766
SERVER|0.00005|-0.07531|0.08564|-0.00319|0.30564|-0.13841|0.02835 =>  98.7857981222
SERVER|0.00011|-0.15908|-0.34497|-0.03758|-0.11767|-0.44564|-0.00054 =>  -77.3695218513
HOST|0.00004|0.29100|-0.11645|0.16045|-0.12964|-0.63677|0.14179 =>  16.7677990867
HOST|0.00007|-0.23329|-0.26470|-0.11002|-0.14709|-0.30610|1.44577 =>  233.707536581
HOST|-0.00009|-0.08675|0.12454|-0.07417|-0.05811|0.41410|-0.05061 =>  -74.1749805129
HOST|0.00020|0.27890|0.26961|-0.12427|0.00195|0.01218|0.10933 =>  92.7176427426
HOST|-0.00005|0.06024|0.19117|-0.06312|-0.05898|-0.01668|-0.27208 =>  -100.446187541
SERVER|0.00011|0.30867|0.24862|-0.10259|-0.11930|-0.15806|0.36822 =>  87.7747831356
SERVER|-0.00004|-0.05067|0.21012|-0.14130|0.15682|-0.14724|-0.46154 =>  -94.4652997272
HOST|-0.00003|0.33412|-0.09337|0.10448|-0.05271|-0.38409|0.08038 =>  18.8073759206
HOST|0.00008|0.08529|-0.01452|0.06091|0.11186|-0.15157|-0.51163 =>  -70.8993604891
SERVER|0.00009|-0.00820|0.31114|0.01700|-0.16698|0.58325|0.69342 =>  78.5512720699
SERVER|-0.00008|0.20013|0.17654|-0.09643|-0.01248|0.16468|-0.28054 =>  -79.4474465144
SERVER|-0.00009|-0.36125|-0.00625|-0.00623|0.03878|-0.31005|-0.66193 =>  -222.456757591
SERVER|-0.00001|0.01776|-0.11180|-0.17591|0.18686|0.46568|0.56839 =>  162.17155955
HOST|-0.00001|0.17690|-0.11918|-0.04763|-0.30230|-0.39140|-0.80518 =>  -273.521821059
HOST|-0.00011|0.13409|0.08188|-0.00093|0.24305|-0.69612|-0.16719 =>  38.9099338026
HOST|-0.00004|-0.16262|0.01550|0.02264|0.22228|0.04271|0.22194 =>  80.5322645254
HOST|0.00010|-0.50054|0.04559|-0.01407|-0.00224|0.14198|-0.76441 =>  -242.797425924
HOST|-0.00016|0.45169|-0.08611|0.19804|0.21302|-0.21681|-0.35230 =>  18.0902759579
SERVER|-0.00013|0.28444|0.12527|0.11749|0.19876|-0.31209|0.20568 =>  115.941226287
HOST|-0.00023|0.15703|0.06714|0.14750|0.22028|-0.26793|-0.24162 =>  -10.2043519992
SERVER|-0.00007|-0.22996|-0.01883|-0.00364|0.02142|0.59557|0.35752 =>  29.4114900323
HOST|0.00012|0.60349|-0.12451|0.02382|0.06434|-0.46943|0.14851 =>  152.25717004
SERVER|-0.00003|0.23197|-0.11639|-0.09157|0.14936|0.04813|0.60958 =>  186.013223986
SERVER|-0.00002|0.33060|-0.21705|-0.05313|0.21246|0.38685|0.46564 =>  196.153742148
HOST|-0.00003|0.04726|0.02073|-0.07886|0.17051|-0.21988|-0.42782 =>  -38.5773949599
HOST|0.00029|-0.17933|0.16285|0.01040|-0.04521|-0.22908|-0.20014 =>  -53.1145795017
HOST|-0.00003|-0.23165|-0.14155|-0.15301|0.14181|0.59701|-0.16419 =>  -39.698970663
SERVER|-0.00004|0.19699|0.02318|-0.01397|0.09126|-0.07150|-0.06609 =>  -7.01179905207
SERVER|-0.00028|-0.20700|-0.02541|0.00966|-0.22405|-0.12792|0.20620 =>  -139.727790869
HOST|-0.00004|0.43388|-0.10845|-0.06121|-0.14404|-0.10414|0.79636 =>  182.888291075
HOST|-0.00006|-0.17258|0.13051|0.02560|-0.23023|-0.18453|-0.15811 =>  -173.992314303
HOST|0.00015|-0.13600|0.11170|-0.08946|0.20905|-0.46486|0.50245 =>  190.357039419
SERVER|-0.00002|-0.06438|-0.18005|0.01060|0.18151|0.51681|0.28162 =>  83.3373584742
SERVER|0.00012|-0.30586|-0.04559|0.03169|-0.17092|-0.23212|-0.34586 =>  -195.001320321
SERVER|0.00001|-0.57683|-0.11072|0.07097|-0.01650|0.23087|0.47076 =>  1.76504285886
SERVER|-0.00008|-0.02739|0.16922|0.01176|0.25660|0.44041|0.13400 =>  76.4751316994
SERVER|-0.00002|-0.28737|0.11357|-0.01312|0.01593|0.63357|0.05910 =>  -53.9636681717
HOST|-0.00013|-0.32424|0.01994|0.01766|0.09968|-0.36566|-0.50570 =>  -171.569582819
SERVER|-0.00003|-0.00049|-0.15360|0.04066|-0.06481|0.23216|-0.19033 =>  -100.771578239
SERVER|-0.00015|0.03484|0.00598|0.02529|-0.03858|-0.22374|-0.29109 =>  -126.874084409
SERVER|-0.00008|-0.17158|0.05649|-0.12048|-0.03366|0.36126|0.03153 =>  -71.6096789818
HOST|-0.00017|0.03901|-0.02801|0.14570|0.17390|-0.40151|-0.14943 =>  -4.20502312729
SERVER|0.00021|0.42790|-0.10234|-0.10550|0.17169|0.29916|-0.10523 =>  111.74361085
SERVER|0.00001|-0.16470|0.00280|-0.02181|-0.48338|-0.19942|0.57115 =>  -97.440804408
SERVER|-0.00006|-0.43693|-0.12217|-0.02211|0.13052|-0.27342|-0.65153 =>  -206.146743648
SERVER|-0.00017|-0.23244|0.11249|0.01394|0.04793|0.31397|0.13316 =>  -33.8118963069
HOST|-0.00011|-0.02632|-0.02850|0.02295|-0.17545|0.25025|-0.57043 =>  -238.652878299
SERVER|-0.00013|0.07825|0.16365|0.13365|-0.03466|0.31200|0.23378 =>  11.7224673154
SERVER|0.00002|0.65378|-0.05947|-0.21619|0.16379|0.76478|-0.25149 =>  64.5650556063
HOST|0.00003|0.47446|0.03051|-0.06429|0.06802|-0.72458|0.12387 =>  97.0166190894
SERVER|0.00004|-0.03527|-0.10710|-0.05324|0.01481|-0.07388|0.42342 =>  81.0381394187
HOST|-0.00006|0.35400|0.10483|0.04288|-0.10336|-0.09262|0.47366 =>  108.58117963
HOST|0.00031|-0.07148|0.11092|0.03502|0.42774|-0.30485|-0.04605 =>  164.283670673
SERVER|0.00017|-0.09199|-0.04323|-0.01490|0.08137|-0.24110|0.02998 =>  22.7510671757
HOST|0.00005|0.61036|-0.13235|-0.03588|0.06920|-0.38985|-1.02286 =>  -128.212182714
HOST|-0.00006|-0.29167|-0.05135|-0.02530|0.23921|-0.55761|0.50673 =>  130.250124387
SERVER|0.00002|0.08690|0.05039|-0.05531|0.11735|0.21382|-0.31449 =>  -49.2124007108
SERVER|-0.00024|-0.06862|0.06639|-0.02003|0.13129|-0.05630|0.12823 =>  -11.479991158
SERVER|0.00014|-0.20630|0.02259|0.03432|-0.25630|-0.35472|-0.21765 =>  -173.253032521
HOST|0.00005|0.14739|0.04609|-0.03552|-0.29970|-0.03864|0.28193 =>  -18.2627455142
HOST|-0.00000|-0.19072|0.27278|0.07731|0.01882|-0.33400|0.11716 =>  0.943238338627
SERVER|0.00009|-0.03470|-0.00160|0.15491|0.16679|-0.02483|-0.39339 =>  -46.2989545243
HOST|-0.00015|0.09017|-0.00056|0.01626|-0.65656|-0.48034|0.25179 =>  -196.326953993
SERVER|0.00024|0.17211|0.13416|-0.14297|-0.08606|0.27494|1.20437 =>  286.058060486
HOST|0.00004|-0.34303|-0.00066|-0.05427|-0.11908|0.50108|0.15738 =>  -54.4976190826
HOST|-0.00005|-0.36370|-0.03012|0.19580|-0.28315|-0.28028|0.53337 =>  -35.4360547046
HOST|-0.00007|0.27003|-0.00075|-0.11972|-0.18130|0.24826|-0.14999 =>  -80.4626526682
HOST|0.00008|0.11037|-0.15461|0.03083|0.22557|0.56817|0.26861 =>  149.562549352
HOST|-0.00000|0.11151|0.14780|0.16184|0.04271|-0.02431|-0.47370 =>  -88.5579406723
HOST|0.00002|-0.48091|0.03468|-0.03844|-0.05615|0.02352|0.85135 =>  88.6161635571
HOST|-0.00011|0.38947|0.01692|0.02371|0.25144|-0.75016|-0.36270 =>  34.8774903951
SERVER|-0.00003|-0.17851|0.12655|0.08332|0.32498|0.00064|0.07010 =>  69.9287953208
SERVER|-0.00013|-0.47929|-0.12214|-0.07005|0.05375|-0.38456|-0.61780 =>  -247.192815296
SERVER|-0.00010|-0.20956|-0.11248|-0.07098|0.05182|0.25932|0.64375 =>  85.2424274721
SERVER|-0.00001|0.08389|0.01448|0.13638|-0.01759|-0.02844|0.26141 =>  43.3925087863
HOST|0.00009|-0.00353|-0.12524|-0.12030|-0.09248|-0.30670|-0.01731 =>  -26.6599188701
HOST|0.00003|-0.34799|0.12513|-0.14092|-0.01230|-0.29066|0.14562 =>  -10.5698920079
HOST|-0.00012|-0.26028|-0.04249|0.10022|0.02018|-0.36180|-0.56200 =>  -192.951295016
HOST|-0.00001|0.11741|-0.01465|0.16604|-0.15603|-0.13057|-0.15606 =>  -84.8310994255
SERVER|-0.00012|0.37541|-0.05201|0.02958|0.05949|0.24322|0.56544 =>  156.068473118
HOST|-0.00004|-0.49880|0.16351|-0.01461|-0.08077|0.02650|0.03620 =>  -101.164243007
HOST|0.00012|0.40265|-0.24690|-0.03882|-0.00423|0.03187|0.01981 =>  67.8906285018
SERVER|-0.00006|0.33312|-0.20396|0.16250|-0.31667|-0.05220|-0.81306 =>  -306.285230467
SERVER|0.00009|0.42893|0.12362|-0.03915|0.18362|-0.09820|0.33675 =>  177.036834813
SERVER|0.00017|0.59614|-0.13462|0.06831|0.10611|0.23174|0.88923 =>  329.407034674
SERVER|0.00004|0.54077|-0.12336|-0.08220|-0.11817|0.09926|-0.36353 =>  -75.2569964996
HOST|0.00000|0.07231|0.21235|0.03932|0.29797|0.24134|-0.54900 =>  -16.8450274083
HOST|0.00005|-0.15959|-0.06094|-0.16006|0.01713|0.50843|-0.52061 =>  -140.616497414
HOST|0.00015|0.02716|-0.15335|-0.18062|0.05201|0.08200|0.12966 =>  69.9308682205
HOST|0.00008|-0.12800|0.02328|0.10483|0.22523|0.23522|-0.14243 =>  49.3057546804
HOST|0.00004|0.33437|0.09778|-0.27159|0.17700|-0.30624|0.00671 =>  108.53456405
HOST|0.00006|-0.03481|-0.28042|0.00034|-0.04640|-0.11475|-0.68202 =>  -163.792596468
HOST|0.00010|0.05432|-0.47503|-0.00530|0.16122|0.05347|-0.17218 =>  40.7000153304
SERVER|0.00005|0.13918|0.16636|0.06420|-0.14886|0.20238|-0.10224 =>  -75.729361236
SERVER|0.00008|-0.18712|0.32543|0.05737|-0.10594|0.33571|0.89032 =>  124.314921099
HOST|-0.00030|-0.16371|-0.08483|-0.11583|-0.08734|-0.21222|0.32235 =>  -48.6583449499
HOST|0.00004|-0.32416|0.09584|0.07080|0.11992|0.13369|-0.61618 =>  -152.837042943
SERVER|0.00011|0.21242|-0.05407|0.00802|-0.21882|0.36387|-0.64866 =>  -209.41096916
SERVER|-0.00027|0.36021|-0.29393|-0.10864|-0.03570|0.44505|-0.16126 =>  -59.4808658157
SERVER|-0.00006|-0.31597|0.06802|-0.00750|0.08185|-0.21688|-0.26764 =>  -112.259374351
HOST|-0.00006|0.25699|0.09319|0.10889|0.25387|-0.22122|0.25638 =>  167.755154605
SERVER|0.00010|0.20624|0.13514|-0.03245|0.16062|0.56873|0.41089 =>  183.735718391
SERVER|0.00009|0.28019|-0.15863|0.05686|-0.06340|-0.11513|-0.61971 =>  -138.560708419
HOST|-0.00024|-0.07338|0.04505|0.11590|0.38518|0.31122|0.14295 =>  93.647963881
SERVER|-0.00003|0.11643|0.02471|-0.05720|-0.13707|0.69905|0.47097 =>  33.3104040049
SERVER|0.00012|0.01571|-0.06459|0.03649|-0.20023|0.30801|0.41253 =>  7.87895990171
SERVER|0.00006|-0.22507|-0.34352|0.08032|-0.21610|-0.22332|0.26545 =>  -61.4186222419
HOST|-0.00002|0.14326|0.05933|-0.12708|0.00798|0.33866|-0.22596 =>  -44.7149076766
SERVER|-0.00026|-0.47145|-0.10220|-0.06182|0.64053|0.02349|-0.35362 =>  17.0107814648
SERVER|0.00015|-0.36317|-0.23776|-0.04975|0.11335|0.05484|-0.27576 =>  -82.9994688691
HOST|-0.00001|-0.08022|0.21106|0.04096|-0.07808|-0.11065|0.26585 =>  8.04445913608
SERVER|-0.00007|-0.05459|0.03800|0.06960|-0.18142|0.16657|-0.25807 =>  -176.314922243
HOST|0.00008|0.03468|-0.07714|-0.00287|-0.39502|-0.12606|0.00309 =>  -136.986508805
SERVER|-0.00026|-0.01427|0.21463|-0.05680|0.08066|0.19441|-0.41877 =>  -129.71402661
SERVER|0.00002|0.41049|-0.20067|-0.10922|-0.04187|0.24726|-0.37447 =>  -60.2640622821
HOST|-0.00006|-0.20256|0.34946|0.07089|-0.06431|0.40097|-0.16748 =>  -122.00925207
SERVER|-0.00027|0.45039|-0.20906|0.01660|-0.32506|-0.13999|-0.20940 =>  -166.494737208
SERVER|0.00000|-0.27320|-0.03036|-0.19442|0.16247|0.70173|-0.55941 =>  -129.831000003
HOST|-0.00020|0.52425|0.04834|-0.13879|0.10603|0.11197|0.38697 =>  146.153723724
HOST|-0.00012|-0.21668|-0.21158|-0.12069|0.37612|-0.03320|-0.05995 =>  45.2836211514
HOST|0.00001|0.13994|0.06562|-0.10859|0.43429|-0.07291|0.11706 =>  184.474353681
SERVER|-0.00015|0.17095|0.18121|-0.12463|0.13681|-0.18410|0.61471 =>  163.260811282
SERVER|-0.00023|0.32574|0.28664|-0.11084|-0.05184|0.34785|0.15251 =>  -0.640862719456
HOST|0.00001|-0.05192|-0.09501|-0.07659|-0.22734|0.09687|0.39463 =>  -15.1098672971
SERVER|-0.00018|-0.24392|-0.23521|-0.00513|0.46547|0.08051|0.27842 =>  123.14630716
HOST|0.00003|-0.16554|0.01947|-0.10836|0.13262|0.18820|-0.11690 =>  1.43097980069
HOST|-0.00004|-0.17970|-0.11574|0.00388|-0.23259|-0.13103|0.53908 =>  -25.8984561656
HOST|-0.00005|-0.03118|0.20186|0.00690|0.03785|-0.07388|0.39032 =>  82.9561046755
SERVER|-0.00016|0.41569|-0.04240|0.10396|0.00689|0.03928|-0.07718 =>  -9.03104168259
HOST|-0.00016|-0.65890|0.08305|-0.21108|0.16488|0.13776|0.56489 =>  45.7929612864
SERVER|-0.00002|-0.50119|0.08722|0.06180|-0.27958|-0.02699|0.23952 =>  -152.803313832
HOST|-0.00004|0.06318|-0.00995|-0.02798|-0.01912|-0.05210|0.79309 =>  165.685319546
SERVER|0.00007|0.31407|-0.08655|0.11680|0.12007|-0.26203|-0.00456 =>  69.3247684444
HOST|-0.00010|-0.70024|-0.06378|-0.04844|0.02137|-0.03795|0.28073 =>  -48.7684265949
HOST|0.00008|-0.02401|-0.11370|-0.05644|-0.01074|0.03783|0.07297 =>  11.069756882
SERVER|-0.00019|-0.33882|-0.20450|-0.09308|0.15851|0.14603|0.35269 =>  37.231647252
HOST|-0.00007|-0.06017|-0.03829|0.01932|-0.39348|0.14240|0.89707 =>  19.2296924459
SERVER|0.00015|0.30417|0.04945|0.18223|0.07526|0.26411|0.04577 =>  89.3648403637
HOST|-0.00000|0.06679|-0.26449|0.08116|0.02120|-0.10353|0.12541 =>  30.6832931265
SERVER|0.00026|0.16663|0.40200|0.16579|-0.21116|-0.19456|-0.03579 =>  -59.5501670873
HOST|-0.00003|-0.27007|-0.05901|-0.10654|-0.12265|-0.49933|0.29177 =>  -29.3314845901
SERVER|0.00035|-0.63288|0.13753|0.09939|-0.16563|0.69313|0.15392 =>  -74.1240496373
SERVER|0.00001|0.12081|0.01184|-0.03727|-0.15696|-0.56228|-0.81211 =>  -249.843960542
SERVER|-0.00007|-0.00011|-0.29013|-0.14297|0.04063|-0.38024|0.03416 =>  -18.9832399551
HOST|0.00004|-0.00901|0.15292|-0.01606|-0.11287|0.11464|0.14324 =>  -12.0397911289
HOST|0.00012|0.11249|-0.04876|-0.11513|-0.04487|-0.34504|0.21186 =>  43.6801748374
HOST|-0.00005|0.67240|0.03760|-0.06925|0.07288|0.38286|0.01752 =>  104.602912258
SERVER|0.00024|0.55778|0.08065|-0.01941|-0.12458|0.04747|0.33639 =>  121.354385099
SERVER|0.00009|0.02501|0.16343|-0.01855|-0.06620|-0.01704|0.51390 =>  80.2160382052
HOST|-0.00003|0.12465|0.02168|-0.10678|-0.31514|0.13966|-0.47326 =>  -209.816293644
HOST|-0.00013|-0.33531|-0.01173|0.09034|-0.01306|-0.79326|-0.13569 =>  -98.6986007177
SERVER|0.00019|0.26321|0.03034|0.09194|0.05141|0.10319|0.26995 =>  129.339978947
SERVER|-0.00004|0.03021|-0.19577|-0.08704|0.20410|-0.09192|-0.09137 =>  12.512354973
SERVER|0.00013|-0.26219|-0.10813|0.13201|0.11698|0.04221|-0.18185 =>  -45.2626503227
HOST|-0.00007|0.27559|0.01589|0.05145|0.04448|-0.08820|-0.16811 =>  3.4673669269
SERVER|-0.00006|0.20108|0.03041|-0.01477|-0.00907|-0.12536|0.13424 =>  -2.03398506993
HOST|0.00008|0.34868|0.13499|0.01008|0.04494|0.04622|-0.64810 =>  -73.0040251778
HOST|-0.00014|-0.61976|0.05698|0.04026|0.10595|0.45683|-0.12990 =>  -115.964571544
HOST|-0.00009|0.07418|-0.01836|-0.05375|0.19510|-0.63691|0.07466 =>  69.6741962599
SERVER|0.00013|0.22732|-0.15780|-0.02095|0.20441|-0.09634|0.07563 =>  135.533128096
HOST|-0.00005|-0.15461|-0.13376|-0.03537|-0.01263|-0.11424|-0.17435 =>  -75.617115605
HOST|0.00007|-0.09070|0.32839|-0.11898|0.06065|0.32214|-0.46601 =>  -91.8710694179
SERVER|-0.00026|-0.05039|0.35922|0.02945|0.17964|0.13617|-0.28437 =>  -79.2203142914
SERVER|-0.00018|-0.07477|0.16855|0.09188|0.02095|-0.33637|-0.30806 =>  -138.560432075
HOST|0.00009|-0.23977|0.20193|-0.10812|0.29543|0.58876|-0.17257 =>  46.873582737
HOST|0.00009|0.06340|-0.10229|-0.05078|-0.08442|-0.42685|0.07212 =>  -0.552319446144
SERVER|-0.00020|-0.23063|-0.26900|0.02893|-0.14793|0.06966|-0.32849 =>  -211.376829405
SERVER|0.00008|-0.13982|0.08466|0.01568|0.19983|0.50137|-0.36996 =>  -55.6986095704
SERVER|-0.00008|0.26509|0.04100|-0.18192|0.13719|0.27926|-0.26682 =>  -26.584321966
SERVER|0.00028|0.69200|-0.05152|-0.03060|0.13183|-0.11153|0.01441 =>  160.52780397
HOST|-0.00004|0.45223|-0.03971|0.03283|0.12697|1.28805|0.34729 =>  169.777913687
HOST|-0.00008|0.41629|-0.00513|0.01524|0.00054|-0.18988|0.47685 =>  136.25607555
SERVER|-0.00006|-0.36007|0.00193|0.14035|0.15297|-0.17448|-0.45572 =>  -142.246327327
HOST|-0.00025|-0.19202|-0.10169|0.16019|0.09213|-0.85158|-0.52524 =>  -168.088041663
SERVER|-0.00006|-0.38522|-0.29949|0.06267|0.09131|-0.46110|-0.17836 =>  -122.619316143
HOST|0.00009|0.22285|0.03025|0.09904|-0.12829|-0.42428|0.23125 =>  47.7031385956
SERVER|-0.00005|0.10197|-0.15930|0.05488|0.08659|0.11852|0.63749 =>  155.114509884
SERVER|-0.00005|-0.34684|0.08885|-0.15150|-0.05918|0.20563|-0.16108 =>  -142.9892343
HOST|-0.00008|0.06200|0.29666|-0.02807|0.21238|0.35048|0.26227 =>  121.406716845
SERVER|-0.00012|0.21169|-0.20851|-0.06970|-0.03144|-0.42059|0.47601 =>  81.3923342958
SERVER|-0.00000|-0.01286|-0.03294|0.15371|0.32623|0.42560|-0.01016 =>  98.2993771282
HOST|0.00016|0.47990|-0.00933|0.09481|0.33953|-0.08002|-0.28241 =>  137.008319094
HOST|-0.00010|0.09750|-0.01779|0.13504|0.06904|0.42600|0.10998 =>  30.4423535304
SERVER|0.00005|0.10815|0.09025|0.07529|-0.34217|0.66836|-0.14337 =>  -155.069647119
SERVER|0.00008|-0.39152|-0.04191|0.16508|-0.10047|0.00807|-0.00399 =>  -111.464164528
HOST|0.00016|-0.33963|-0.05862|-0.01291|-0.05465|-0.42666|0.12594 =>  -28.0366839561
HOST|0.00015|0.25911|-0.21650|0.16545|-0.19962|-0.17860|0.14929 =>  19.4281907765
SERVER|0.00001|0.03767|0.05795|0.12076|-0.22467|0.19560|-0.18766 =>  -147.957834698
SERVER|0.00016|-0.24613|0.06017|-0.04330|-0.04670|-0.34154|0.47188 =>  52.7393811452
SERVER|0.00007|-0.29901|0.16795|-0.06759|0.03742|0.60090|0.58010 =>  83.5622638919
HOST|0.00003|-0.33961|-0.10738|0.00170|-0.01799|0.10246|-0.42091 =>  -151.644278209
HOST|-0.00001|-0.25107|-0.06151|-0.02740|-0.11605|0.00693|-0.17889 =>  -131.971224122
HOST|0.00004|0.13100|-0.12909|-0.04902|0.30844|-0.17371|-0.48590 =>  3.47715553158
HOST|0.00003|-0.22655|-0.13102|-0.10123|-0.37758|0.24450|0.28586 =>  -118.942982101
SERVER|0.00014|-0.17676|0.04366|-0.26845|-0.02440|0.11834|0.16479 =>  4.30847112458
HOST|-0.00012|-0.14592|-0.02448|-0.07666|0.10578|-0.08868|-0.04731 =>  -32.3617118128
SERVER|-0.00002|-0.40295|-0.27846|-0.00669|0.02793|0.44586|0.02969 =>  -71.7950788693
SERVER|0.00005|-0.03067|0.08291|0.07801|-0.11582|0.39215|-0.17906 =>  -95.5418091102
SERVER|-0.00008|-0.41876|-0.06529|0.08419|0.08359|0.60359|-0.14713 =>  -114.39346037
HOST|-0.00019|-0.12701|-0.16749|-0.13548|0.03651|-0.19310|-0.00708 =>  -49.3407395486
SERVER|-0.00017|0.20400|-0.00933|0.05316|-0.02056|-0.10448|0.16346 =>  17.0155035461
HOST|-0.00003|0.01049|-0.00554|0.04313|0.10824|0.19276|-0.84907 =>  -178.669695248
HOST|-0.00011|0.37974|0.11431|-0.06964|0.16940|-0.17893|-0.36681 =>  -16.1701576317
SERVER|-0.00007|0.39064|0.00049|-0.00712|-0.29257|-0.31478|0.16654 =>  -56.6344468419
SERVER|0.00009|-0.56418|-0.05353|-0.08900|-0.27023|0.12646|-0.18661 =>  -239.656336166
SERVER|0.00005|0.01243|-0.06483|0.15827|-0.04815|0.13370|-0.01615 =>  -59.765381285
HOST|-0.00022|0.04363|-0.08229|-0.07731|0.16843|-0.16336|0.46197 =>  138.474345663
SERVER|0.00002|-0.07004|-0.00955|0.05849|0.11772|0.34212|-0.41610 =>  -80.1694220037
HOST|-0.00009|-0.41760|-0.09475|-0.02591|-0.03049|0.21406|0.06350 =>  -76.3771364831
SERVER|0.00010|0.56993|0.19503|-0.02597|-0.04394|0.46952|0.39980 =>  132.874256722
HOST|-0.00018|0.06696|-0.02590|0.05018|0.05414|0.01119|-0.93007 =>  -228.954831404
SERVER|0.00003|-0.18944|-0.11863|-0.15763|0.00656|-1.19016|-0.05591 =>  -57.1449548011
HOST|-0.00001|-0.20472|0.02613|-0.05250|0.15475|0.39987|-0.62653 =>  -129.008144465
HOST|-0.00005|0.01080|0.29423|-0.22042|-0.27794|-0.10906|-0.54798 =>  -246.918473076
HOST|-0.00001|-0.18404|-0.27514|-0.17288|-0.28606|-0.08584|-0.00506 =>  -149.173290225
SERVER|-0.00012|-0.53980|-0.01584|-0.15701|-0.00723|0.18773|-0.34780 =>  -207.729965782
SERVER|-0.00003|0.25623|-0.05983|0.03903|-0.10591|0.69282|-0.21174 =>  -88.5134724719
SERVER|-0.00002|0.29470|-0.12067|-0.01701|-0.06047|-0.23748|0.11505 =>  14.1806638682
SERVER|0.00005|0.36146|0.09160|0.12455|-0.25216|0.40632|0.06458 =>  -39.6702554856
SERVER|0.00003|-0.19924|-0.13377|-0.03898|0.17082|-0.53563|-0.58649 =>  -117.989914318
HOST|0.00010|0.12325|0.03318|-0.10226|0.15960|-0.00199|-0.58739 =>  -54.1426317017
SERVER|-0.00008|0.08524|0.03608|-0.01543|-0.25082|0.26264|-0.20335 =>  -169.58190001
HOST|-0.00006|-0.20640|0.11874|-0.05792|0.22897|-0.04359|0.07311 =>  52.0316280341
HOST|-0.00007|-0.64727|0.03613|-0.05807|-0.15124|0.67409|-0.01721 =>  -180.061799813
HOST|-0.00009|0.24043|-0.04242|0.05469|0.05405|-0.38562|-0.00312 =>  22.77413831
HOST|-0.00015|0.16564|0.01498|-0.09724|-0.04653|-0.02650|0.20544 =>  11.1369523239
SERVER|-0.00022|-0.04426|0.01538|0.01692|-0.16877|-0.27742|0.75307 =>  45.8192030678
SERVER|0.00004|0.24956|-0.06298|0.11365|0.03861|-0.01969|0.06797 =>  53.2425691338
HOST|0.00013|-0.03219|-0.13893|-0.05671|0.21257|-0.06181|-0.02872 =>  74.1486977895
HOST|0.00011|0.13253|-0.05557|0.07066|-0.14462|-0.00306|0.01189 =>  -32.3970245655
HOST|0.00009|-0.15901|0.00333|0.07136|-0.26102|-0.26136|0.13237 =>  -78.8038571201
HOST|-0.00007|-0.19730|-0.17190|-0.12209|0.32024|0.23576|0.11302 =>  100.021668236
SERVER|-0.00019|-0.28702|-0.02727|-0.09638|-0.35691|0.44158|-0.49987 =>  -350.010155833
SERVER|-0.00005|-0.14800|-0.20356|-0.22046|0.11612|0.26673|-0.67987 =>  -160.823302488
SERVER|-0.00023|-0.08603|0.07725|-0.05305|-0.03020|0.20665|-0.40524 =>  -188.452621102
HOST|0.00024|0.30587|-0.10652|-0.03896|0.08329|0.14716|0.14046 =>  134.958780502
HOST|0.00001|-0.00482|-0.12780|0.00374|-0.14110|0.54901|-0.04272 =>  -77.1541176112
HOST|0.00005|0.07318|-0.14082|-0.09355|0.07808|0.30185|-0.24199 =>  -7.30272050008
HOST|0.00013|0.12264|0.01636|0.01345|0.22390|0.14516|-0.50971 =>  -3.30087666256
HOST|-0.00002|0.04103|0.26397|-0.11101|-0.15210|0.44506|-0.38205 =>  -149.458270111
HOST|0.00003|-0.00452|-0.12865|0.14729|-0.06627|0.07655|0.69416 =>  137.879188533
SERVER|-0.00017|-0.13652|-0.34358|-0.01401|-0.27279|-0.01352|0.17801 =>  -135.079220308
HOST|-0.00022|0.45899|-0.04151|0.11518|-0.11837|0.81337|0.70184 =>  130.583006878
SERVER|0.00001|0.12797|0.25718|-0.07026|-0.26808|-0.53240|-0.62064 =>  -243.780209791
SERVER|-0.00010|0.06283|-0.07289|0.04158|0.02665|0.19979|-0.49428 =>  -138.501249023
HOST|-0.00001|0.06944|0.43374|0.18394|-0.06247|0.28372|-0.20575 =>  -73.9716336531
SERVER|-0.00004|0.17096|-0.27057|-0.10052|-0.06859|-0.56763|0.19645 =>  12.111088527
SERVER|-0.00001|0.11884|-0.25457|0.11502|0.04215|0.09554|-0.07456 =>  -6.36555770333
HOST|-0.00018|-0.17506|0.08836|0.01541|-0.28194|0.53463|-1.29126 =>  -463.867239583
HOST|-0.00014|0.25929|0.01188|-0.03392|0.19095|0.28756|0.24767 =>  136.726304611
HOST|0.00000|-0.24660|-0.04802|-0.17203|0.00651|0.14185|0.61439 =>  107.170285853
SERVER|0.00011|-0.27158|-0.28633|0.06443|-0.04517|-0.10033|-0.08315 =>  -86.3970427083
HOST|0.00002|0.09387|0.17311|-0.03750|0.11610|-0.15832|0.26441 =>  105.805333326
HOST|-0.00002|0.07224|0.07844|-0.13429|-0.24341|-0.08046|-0.95996 =>  -280.933621796
HOST|0.00017|-0.43455|-0.14791|0.07963|0.41346|-0.65736|-0.29277 =>  45.7994247397
HOST|-0.00027|-0.02228|-0.21297|-0.04821|-0.40012|-0.45527|0.37346 =>  -118.758496355
SERVER|-0.00003|0.19501|0.11090|0.08680|0.05825|0.02020|-0.03757 =>  9.29369495755
HOST|-0.00007|0.16009|-0.13927|0.07830|-0.02522|0.04234|0.86922 =>  195.465007057
HOST|-0.00012|0.06121|0.03241|-0.04853|0.33256|-0.38129|-0.14028 =>  69.6118285106
SERVER|-0.00014|-0.04113|0.06633|0.17219|0.04468|0.06727|0.15104 =>  -14.3416617418
HOST|0.00005|-0.11760|0.10521|-0.08895|-0.13606|0.19700|-0.14500 =>  -94.5491890717
HOST|-0.00007|-0.23239|-0.27509|-0.02859|-0.06187|0.07603|0.13669 =>  -50.480980616
HOST|-0.00010|0.50131|-0.07756|-0.02348|0.14367|0.31878|0.16967 =>  127.731109616
SERVER|-0.00019|-0.12899|0.13938|0.07681|0.06909|-0.19274|0.19470 =>  -16.7318946488
SERVER|0.00008|-0.68204|0.19386|-0.04879|-0.02619|0.09261|-0.32290 =>  -192.735163868
SERVER|-0.00001|-0.36754|-0.04049|0.10219|0.01311|-0.36280|-0.40612 =>  -167.183831308
HOST|-0.00016|0.64133|-0.05050|-0.08642|-0.03187|0.31778|0.17574 =>  69.3144498373
SERVER|-0.00003|0.48723|-0.26619|-0.00270|0.43241|0.07798|0.21133 =>  244.841553302
HOST|-0.00019|-0.22646|-0.15622|-0.02997|-0.46833|-0.08840|-0.70930 =>  -406.292040833
SERVER|-0.00001|-0.25877|0.00783|-0.00597|0.13116|-0.19759|-0.03196 =>  -29.7134361084
HOST|0.00012|0.19786|-0.20764|0.10954|-0.16036|0.02050|-0.72293 =>  -179.108144802
HOST|0.00003|0.22518|0.07766|0.05004|0.05015|0.45868|-0.83841 =>  -132.63264426
SERVER|-0.00016|-0.17918|0.04462|0.21165|0.30241|0.03144|0.72189 =>  189.068660332
SERVER|0.00007|0.21348|0.30052|-0.15531|-0.15834|0.51024|0.33111 =>  34.8419803584
HOST|-0.00005|-0.38650|0.24370|-0.07429|-0.02257|-0.23191|-0.22554 =>  -126.983734527
SERVER|-0.00004|0.40303|-0.05985|0.12938|-0.24988|-0.16685|-0.41811 =>  -166.108882693
SERVER|-0.00015|0.00742|0.07108|0.07471|-0.05998|0.17164|-0.03413 =>  -91.3440003639
HOST|-0.00017|-0.36230|0.12610|0.04763|-0.06553|-0.17650|-0.11955 =>  -149.826318392
HOST|-0.00005|0.58070|-0.00125|0.24199|0.16969|0.23339|0.73725 =>  292.938282697
SERVER|-0.00011|0.34008|-0.11415|0.09860|0.03250|-0.21407|-0.33112 =>  -61.0657241336
HOST|0.00018|-0.10614|-0.27534|-0.04721|-0.05333|-0.44590|0.06125 =>  2.90947843222
SERVER|-0.00011|0.12472|-0.08485|0.04042|0.04955|0.21593|0.13353 =>  13.0642676357
HOST|0.00014|-0.31348|-0.05266|-0.09668|0.27302|0.34582|-0.84044 =>  -106.334804684
SERVER|0.00013|0.48240|0.02003|0.12355|-0.15511|-0.44156|0.50588 =>  119.274370805
HOST|0.00011|-0.00835|0.14331|-0.18980|-0.05936|-0.07692|-0.28855 =>  -80.3685284378
SERVER|0.00005|-0.14521|0.04615|-0.08737|0.03172|-0.27242|-0.16865 =>  -48.5015948955
HOST|-0.00008|0.31937|0.02115|-0.07827|0.00595|0.30007|-0.07026 =>  11.8236795232
SERVER|-0.00012|-0.23880|-0.06548|0.10320|0.03857|-0.43450|0.02261 =>  -67.1830566214
HOST|0.00016|0.10902|0.48638|0.11181|0.05062|-0.18874|0.03215 =>  58.8159165973
HOST|-0.00015|0.51618|0.00349|-0.09504|0.16799|0.06668|-0.21012 =>  47.0752553691
HOST|-0.00040|0.19665|0.06417|-0.11284|0.13267|0.20802|0.44689 =>  88.2164555443
SERVER|0.00012|-0.31367|0.31565|0.04087|-0.22294|0.10454|0.15716 =>  -103.129572616
HOST|-0.00001|-0.06763|0.07412|-0.06253|-0.03831|0.28700|0.13636 =>  -9.60669155989
SERVER|0.00006|-0.31028|-0.03069|-0.01651|-0.02056|-0.31774|0.00985 =>  -66.1985399907
SERVER|0.00024|-0.30812|0.19291|0.07687|-0.09017|-0.13511|0.06078 =>  -63.6184292549
SERVER|0.00013|-0.65955|-0.18208|-0.00623|0.31193|-0.54642|-0.03553 =>  5.70148490662
SERVER|-0.00026|0.43338|0.06111|-0.14952|-0.00421|0.45819|-0.21480 =>  -60.1806913693
SERVER|-0.00011|0.14940|-0.13657|-0.08167|0.17697|-0.22837|0.30840 =>  115.789477456
HOST|0.00026|-0.37434|-0.00156|-0.03907|0.12829|0.07103|-0.68147 =>  -129.856489323
HOST|0.00003|-0.06995|-0.19867|-0.01980|-0.01018|0.06814|0.70731 =>  149.97850892
SERVER|-0.00018|0.03369|-0.13415|0.02601|0.25037|0.44836|-0.32296 =>  -31.2679831037
SERVER|0.00033|-0.14441|-0.37223|0.06179|0.00215|0.15414|0.25714 =>  70.0554076518
HOST|0.00000|0.03137|0.12826|0.11781|0.01973|0.22483|-0.21837 =>  -54.6755197703
HOST|-0.00001|0.45387|-0.23967|-0.01644|-0.14672|0.16552|0.21127 =>  47.6433681453
HOST|-0.00012|0.37758|0.08333|-0.07280|-0.13908|-0.59214|0.17614 =>  2.15850282739
HOST|0.00013|-0.38591|-0.14501|-0.07141|-0.07518|-0.49507|0.36461 =>  2.69263924883
SERVER|-0.00007|0.12703|-0.03246|0.21565|-0.03772|0.41019|-0.24548 =>  -92.3354232573
HOST|0.00015|-0.23796|-0.17987|0.25496|0.10715|0.46742|-0.36130 =>  -71.008307335
HOST|-0.00000|0.53971|-0.04290|0.00474|0.03139|0.52836|0.17000 =>  97.1222230173
SERVER|0.00002|-0.50614|-0.06076|0.02976|-0.14583|0.30780|0.09328 =>  -130.987586447
HOST|-0.00000|0.13529|0.26355|-0.05717|-0.06097|0.56564|0.12303 =>  8.91234852935
HOST|-0.00010|-0.24714|0.16045|0.04237|0.17124|-0.37706|0.53267 =>  139.461055566
HOST|0.00007|-0.00257|-0.05569|-0.12071|-0.17983|0.28485|0.07302 =>  -53.0165792401
HOST|-0.00013|0.16871|-0.01923|-0.18201|-0.25039|-0.04723|-0.22052 =>  -152.808691158
HOST|0.00011|-0.20497|-0.09464|0.07900|0.19209|0.14100|0.62089 =>  199.313522534
HOST|0.00028|-0.03403|-0.00318|-0.10414|-0.07172|0.11640|-0.41770 =>  -101.897962563
HOST|-0.00007|-0.18156|-0.17619|-0.08009|-0.10224|-0.30660|0.19552 =>  -47.7518804948
HOST|0.00008|-0.39090|0.07906|0.10012|0.13858|-0.41382|0.48574 =>  107.114061248
HOST|0.00011|0.64252|-0.07539|-0.06785|0.04113|-0.00055|-0.30642 =>  40.8730075499
SERVER|0.00011|-0.09986|0.05721|0.06581|-0.15733|-0.50310|-0.39508 =>  -158.758472149
SERVER|0.00017|-0.49287|0.10017|0.13576|-0.23447|-0.05571|0.25850 =>  -115.916084205
HOST|-0.00005|-0.10096|0.03597|-0.13301|-0.01726|0.14409|0.18438 =>  3.58650172996
HOST|0.00015|-0.41774|0.15284|-0.12280|0.04412|0.07316|-0.29440 =>  -100.519941698
SERVER|-0.00002|-0.05492|-0.18862|-0.00030|0.15386|-0.25536|0.14647 =>  48.5431931774
HOST|-0.00012|-0.14894|-0.00587|-0.03673|0.01615|0.13666|-0.69458 =>  -209.99875177
SERVER|0.00005|0.30469|-0.21844|-0.08424|0.02467|-0.21290|-0.29091 =>  -27.3734959166
HOST|-0.00020|-0.00379|0.18704|0.07414|0.18601|-0.04831|-0.33176 =>  -51.6326483351
SERVER|0.00024|0.17271|0.07749|-0.13357|-0.17951|0.70981|0.37535 =>  59.2372381741
HOST|-0.00001|0.04691|-0.08797|0.07661|0.06083|0.08623|0.29959 =>  81.7194812356
SERVER|0.00011|-0.51632|-0.08349|-0.05225|0.03295|-0.03537|0.30224 =>  3.34923783406
SERVER|0.00001|-0.44678|-0.31809|-0.17342|0.02922|0.12470|0.11449 =>  -46.2009043621
HOST|-0.00001|0.23162|0.28069|-0.10298|-0.01148|-0.01564|0.47197 =>  104.989609386
HOST|-0.00008|0.26529|-0.15987|0.08644|0.24072|0.32477|0.02673 =>  112.501515376
SERVER|-0.00008|0.31804|0.12062|-0.01487|-0.02411|0.07436|0.09484 =>  17.4265640475
HOST|-0.00023|-0.44303|-0.04182|-0.03472|-0.10262|0.12545|0.30585 =>  -86.8210514186
HOST|-0.00013|0.51082|-0.24104|-0.02145|-0.20773|-0.24452|0.00050 =>  -22.644980911
SERVER|-0.00015|0.00155|0.06422|-0.11964|0.10835|0.07665|0.23334 =>  45.3139510406
HOST|-0.00020|-0.19558|0.20379|-0.14390|0.23153|0.50245|-0.35778 =>  -75.3875998105
SERVER|-0.00012|-0.34902|0.05331|0.06704|-0.00132|-0.42135|-0.49550 =>  -213.987177954
HOST|0.00023|0.19078|0.14249|0.08219|0.21788|0.49499|-0.18581 =>  99.3498586491
SERVER|0.00002|-0.21775|-0.10246|-0.01305|-0.27964|-0.27979|0.29729 =>  -86.0315931324
HOST|0.00017|-0.39658|0.12590|-0.10703|-0.33259|-0.18300|-0.09121 =>  -168.130690848
HOST|-0.00003|0.45367|0.11131|-0.10920|0.28970|-0.10148|-0.12344 =>  129.18246693
SERVER|0.00014|-0.54234|-0.38544|0.14635|-0.03311|0.14005|-0.45894 =>  -212.661841112
HOST|0.00010|0.19956|0.19803|-0.01645|0.01946|0.36845|-0.42697 =>  -52.6942752089
SERVER|0.00002|-0.35301|-0.06641|0.11251|-0.30894|-0.06198|0.41681 =>  -93.0192240432
HOST|-0.00008|-0.34059|-0.04564|-0.06108|-0.06779|-0.26265|0.25503 =>  -41.5692749416
HOST|0.00024|-0.26242|-0.29860|0.03630|-0.02518|-0.34549|0.26284 =>  40.9316645254
HOST|-0.00001|-0.50415|0.09926|0.00429|-0.15522|-0.10992|0.66546 =>  13.3908879131
SERVER|-0.00002|0.37534|-0.03034|-0.06068|-0.21557|0.02736|1.01760 =>  179.460624699
HOST|0.00001|-0.25536|0.04111|0.01375|-0.09436|0.11070|-0.00002 =>  -85.6109562042
HOST|-0.00009|-0.51853|-0.09072|0.07067|-0.00797|0.35958|-0.12292 =>  -131.428430126
