HOST|0.00031|-0.78307|-0.00466|-0.01793|0.35364|0.38236|0.35389 =>  151.629224604
HOST|-0.00005|-0.35723|-0.10393|0.06906|-0.05990|0.06577|0.19972 =>  -48.2024195165
SERVER|-0.00009|0.23687|-0.06149|0.11635|-0.24244|0.29521|-0.33417 =>  -177.023100326
SERVER|-0.00008|-0.19573|-0.04207|-0.07193|0.13961|0.36409|-0.01545 =>  -31.4341541297
HOST|-0.00000|-0.22458|-0.09153|-0.12381|-0.06926|0.42161|-0.11570 =>  -103.928420502
SERVER|0.00005|0.46248|0.26860|-0.13311|0.03683|-0.33980|-0.20709 =>  17.6564836109
SERVER|0.00003|-0.40073|0.06852|0.12248|0.18276|-0.45852|0.46193 =>  77.7557046302
SERVER|-0.00010|-0.23041|0.15647|0.07437|0.03479|0.13805|-0.28090 =>  -148.798056039
HOST|-0.00016|0.34343|-0.03362|-0.15411|0.41759|-0.12767|-0.55267 =>  36.1901759473
SERVER|0.00021|-0.12084|0.03295|0.03571|0.42503|0.07511|-0.75066 =>  -35.7766451072
HOST|0.00011|-0.19830|-0.09089|0.07082|0.23307|0.19751|0.15815 =>  92.2042895595
SERVER|-0.00011|0.09473|0.22296|0.06120|0.04988|-0.05242|-0.12023 =>  -33.99581329
SERVER|-0.00001|-0.13280|0.02326|-0.02929|0.04005|0.57998|-0.00288 =>  -27.2257510394
HOST|0.00004|0.06669|0.34542|0.00875|0.03511|0.64623|-0.06792 =>  13.1431978551
HOST|-0.00003|-0.13216|-0.01277|0.01685|0.01517|-0.15096|1.06248 =>  206.672536867
SERVER|0.00019|0.17720|-0.04757|0.13994|-0.15168|-0.03082|0.32448 =>  33.9193663669
HOST|0.00004|0.32192|0.16149|0.02773|0.09534|0.41072|-0.19851 =>  45.3558102318
HOST|-0.00009|0.14923|-0.10624|0.17384|0.13009|-0.29296|0.44837 =>  143.656622873
SERVER|0.00010|-0.19630|-0.11395|-0.09572|-0.00179|0.08922|0.07210 =>  -27.7268478408
HOST|0.00016|0.55037|-0.03412|-0.00720|-0.09591|-0.26739|0.01274 =>  68.5472400187
SERVER|-0.00014|0.20377|-0.15698|0.02432|0.21272|0.41048|-0.19775 =>  -8.40814409092
SERVER|-0.00008|-0.54939|0.05055|0.05569|0.09742|0.11167|0.17651 =>  -40.1668223758
SERVER|-0.00006|0.21224|-0.13383|0.03289|-0.09497|-0.10068|0.43249 =>  61.9407854346
HOST|-0.00009|-0.15406|-0.12763|-0.02849|-0.27491|-0.51872|0.48876 =>  -30.1217923735
SERVER|-0.00022|-0.10400|-0.04586|-0.05898|0.00386|0.05893|-0.12622 =>  -108.592059445
HOST|0.00023|0.13530|-0.01619|-0.02842|-0.01109|-0.36981|-0.45115 =>  -50.9933487479
SERVER|0.00017|-0.27967|-0.07490|0.07177|0.11321|-0.18204|0.78325 =>  165.195026234
SERVER|-0.00005|-0.09258|0.00546|0.01395|0.02415|-0.35055|-0.09861 =>  -54.1210762514
SERVER|0.00008|-0.21226|0.08679|-0.00877|-0.21806|0.21368|0.74717 =>  52.7965748392
HOST|-0.00017|-0.63518|0.10623|-0.02300|0.28098|0.17264|0.37486 =>  56.2127941567
SERVER|0.00004|-0.12263|-0.26181|-0.05028|0.04473|0.30409|-0.61958 =>  -164.304023379
HOST|-0.00010|0.14000|0.09018|0.06305|0.10012|-0.50910|-0.25619 =>  -40.0347993646
HOST|-0.00008|0.23743|-0.10524|-0.02399|0.05751|0.29479|-0.04271 =>  30.1743177267
SERVER|-0.00011|-0.01329|-0.12215|0.05613|0.27866|0.01598|0.46385 =>  154.367961958
SERVER|-0.00008|0.43844|-0.17594|-0.02163|0.26963|0.03667|0.19112 =>  153.039527473
SERVER|-0.00002|-0.41798|0.10449|-0.13866|0.01960|0.15655|-0.48249 =>  -187.356270797
SERVER|-0.00008|-0.23337|0.19024|-0.05357|-0.38389|0.31449|-0.16867 =>  -257.643881414
SERVER|-0.00003|-0.06341|-0.27212|-0.01553|0.02878|-0.29712|0.62158 =>  122.012317006
SERVER|0.00015|-0.09722|-0.02618|-0.02858|-0.14013|-0.25328|-0.31791 =>  -132.649583661
SERVER|-0.00011|0.46666|-0.20219|-0.03742|-0.24405|0.40985|0.27169 =>  -28.9555030268
SERVER|0.00005|0.08409|0.23241|0.04367|0.33998|-0.04765|-0.22259 =>  69.4917543493
SERVER|-0.00002|-0.06895|0.09901|-0.13941|-0.22725|0.24242|0.28331 =>  -52.9240348438
SERVER|-0.00011|0.41852|0.09321|-0.04960|-0.01094|0.28492|-0.00413 =>  17.667689511
HOST|0.00000|-0.04525|-0.04938|0.01216|-0.02858|0.18142|-0.19446 =>  -74.8609118391
HOST|-0.00003|-0.16773|-0.09074|0.15943|0.27789|0.78863|0.19291 =>  98.5130586498
HOST|-0.00001|0.03607|-0.18719|-0.09040|0.30920|-0.03175|-0.56116 =>  -23.7912267417
HOST|0.00011|-0.09521|-0.08962|0.03339|0.10685|0.37884|0.41441 =>  138.884072481
HOST|-0.00007|-0.62143|-0.03669|0.03950|0.07605|-0.24037|-0.16328 =>  -128.715354054
SERVER|-0.00004|-0.11767|-0.30639|-0.02752|-0.22683|0.22061|0.22357 =>  -80.5455841196
SERVER|-0.00016|0.00059|0.23998|-0.09022|-0.19818|0.16563|0.41454 =>  -31.7263063715
SERVER|0.00001|0.26298|0.21244|0.00965|0.07819|0.21734|-0.57948 =>  -85.0485651705
HOST|0.00003|-0.41627|0.12907|0.00878|-0.11561|-0.29931|-0.15032 =>  -142.324298561
SERVER|0.00001|0.10560|-0.27071|-0.12308|0.06030|0.07104|-0.23965 =>  -44.6601835949
HOST|-0.00014|0.16005|-0.16243|0.00004|0.07138|-0.27178|-0.29853 =>  -52.4323586231
SERVER|0.00009|-0.11570|0.19141|0.12153|-0.03816|0.54753|0.42146 =>  69.6307192344
SERVER|-0.00004|0.05637|-0.30603|0.05541|0.20337|-0.20556|0.36366 =>  127.206103641
HOST|-0.00018|-0.05864|-0.17558|0.10593|-0.03224|-0.58161|0.25949 =>  -11.3372684075
HOST|0.00011|-0.18740|-0.10077|-0.06757|0.24914|-0.61740|0.21530 =>  126.820522317
HOST|-0.00002|-0.04940|-0.07165|0.02154|0.24714|-0.35941|-0.46097 =>  -37.2267374039
SERVER|-0.00007|-0.27655|-0.01993|0.13355|-0.15589|-0.29739|0.41548 =>  -47.3748973857
HOST|0.00012|-0.15613|0.18892|-0.04049|0.17255|-0.25714|0.51880 =>  158.575462588
HOST|-0.00012|-0.52856|0.01839|0.08924|0.04826|-0.54283|-0.15090 =>  -127.503346122
HOST|0.00006|0.12572|0.10146|-0.01944|0.05722|-0.36140|-0.37171 =>  -43.0063220746
HOST|0.00003|-0.09761|-0.21617|0.04164|0.32130|-0.28699|-0.25236 =>  38.0625055568
HOST|0.00011|0.27879|-0.08132|0.04182|-0.10542|-0.03291|-0.13104 =>  -10.6428012341
HOST|0.00013|-0.18460|0.09183|-0.08751|-0.08487|-0.16557|0.03585 =>  -27.6691224577
HOST|-0.00014|-0.44226|-0.07301|0.05371|-0.04260|-0.46116|-0.51929 =>  -232.633413901
HOST|0.00003|-0.03104|-0.10621|-0.04162|-0.03695|-0.28037|0.52703 =>  97.7699472482
HOST|-0.00006|0.42500|-0.21455|0.07577|0.17118|0.10750|-0.35016 =>  12.2039070575
SERVER|-0.00022|-0.36744|-0.05441|0.12022|-0.25955|0.28581|0.52506 =>  -83.6403536067
SERVER|-0.00003|-0.10740|-0.22957|0.02033|-0.36601|-0.42903|-0.32066 =>  -248.581031342
SERVER|0.00005|0.04602|0.37963|0.20736|-0.03266|-0.16122|-0.47695 =>  -144.421494061
SERVER|0.00001|0.02084|0.21319|-0.07008|-0.04482|0.52037|-0.17721 =>  -83.968548582
HOST|0.00010|-0.10340|-0.07956|-0.00658|0.03329|0.21138|-0.56911 =>  -114.154543736
HOST|0.00017|0.16159|-0.00213|0.14114|0.11329|0.56218|0.16408 =>  108.446156691
SERVER|-0.00003|0.10392|0.07241|0.15870|-0.12993|0.17505|-0.05631 =>  -69.5572210017
HOST|-0.00004|-0.38009|0.06118|-0.12950|0.09470|0.38751|0.52754 =>  70.4128249382
HOST|0.00009|-0.16969|0.08899|0.05058|0.09037|-0.45031|0.07632 =>  31.8718256685
SERVER|-0.00002|-0.23474|-0.25419|-0.05120|-0.12137|0.39391|0.37061 =>  -19.7157623849
SERVER|-0.00001|0.11022|-0.32568|0.05366|0.12791|0.58976|-0.57462 =>  -88.9766944278
HOST|-0.00005|-0.17917|-0.09042|-0.11191|0.24142|0.59636|-0.37135 =>  -41.105169338
HOST|0.00013|-0.27887|0.13648|-0.16062|0.08180|-0.55155|-0.04946 =>  -17.3153175723
HOST|0.00009|-0.03567|-0.14216|0.07730|0.01108|0.05282|0.26085 =>  61.5813579809
HOST|-0.00001|0.00825|0.12237|-0.12880|0.11145|-0.88076|0.75195 =>  204.107809828
HOST|-0.00000|0.06682|0.16330|0.01609|-0.20203|0.18628|0.10942 =>  -62.3877950708
HOST|0.00004|-0.47285|0.07040|-0.10584|-0.04887|-0.18393|-0.05004 =>  -101.757078808
SERVER|-0.00000|-0.45323|0.12831|0.00935|-0.15022|-0.23173|-0.23608 =>  -201.965335987
HOST|-0.00001|0.04061|-0.00093|-0.10918|0.37148|-0.39733|0.32218 =>  210.253070371
SERVER|-0.00010|0.07557|0.10735|0.08514|-0.35133|0.40416|-0.01842 =>  -150.490850301
HOST|0.00001|-0.26482|0.14369|-0.00364|-0.13838|-0.27188|-0.08088 =>  -113.333753493
SERVER|0.00002|-0.06313|0.11171|-0.08520|-0.28680|0.05228|0.08277 =>  -128.993962905
HOST|0.00001|-0.43499|0.12548|-0.04992|0.30776|0.39648|-0.19787 =>  -11.647088572
SERVER|-0.00003|-0.16655|-0.30393|-0.05947|-0.04309|-0.15474|0.67558 =>  82.2301905624
HOST|0.00024|0.22480|0.11312|0.02009|-0.24028|0.06588|0.66407 =>  127.177998607
SERVER|-0.00005|0.27596|0.14445|-0.00507|-0.07204|0.30189|-0.41310 =>  -114.680146854
SERVER|-0.00002|0.02678|0.04112|-0.00643|0.01724|0.46645|-0.57721 =>  -154.100145565
SERVER|0.00000|-0.90602|0.01675|0.18846|-0.31268|0.09235|-0.21296 =>  -314.671936051
SERVER|-0.00000|0.13570|-0.12405|0.14414|0.05684|0.52524|0.05523 =>  32.6536974736
HOST|-0.00005|-0.39043|-0.12020|0.00351|0.06858|0.20560|0.22551 =>  -5.909297128
HOST|0.00010|-0.47133|-0.10710|-0.04805|0.25568|0.00234|0.17717 =>  57.7411717623
SERVER|0.00002|0.07627|0.11584|-0.24763|0.33020|-0.58727|0.42714 =>  203.807056911
HOST|-0.00013|0.23019|-0.15582|-0.02134|0.24860|-0.08222|-0.17062 =>  49.5022393394
SERVER|0.00013|0.52984|0.06860|0.00250|0.10253|0.20334|-0.21884 =>  61.1510590547
SERVER|-0.00009|0.17526|0.01407|-0.00783|0.02788|0.21890|-0.20248 =>  -52.0139775323
HOST|0.00019|-0.06720|-0.24146|0.01397|0.04743|-0.03613|0.07220 =>  39.4432029184
SERVER|0.00015|-0.05141|0.07890|0.11835|-0.11586|-0.09518|0.01504 =>  -54.9614458398
HOST|0.00011|-0.01534|-0.14147|-0.11991|-0.32754|-0.07655|0.45532 =>  -5.29167383588
SERVER|-0.00027|-0.02862|0.03897|0.06461|-0.00332|0.53287|0.02701 =>  -80.3179408129
SERVER|-0.00008|0.24239|-0.03433|0.00626|0.14758|0.07705|0.56457 =>  179.591799394
SERVER|-0.00012|0.25607|-0.22991|-0.06993|0.30110|0.14604|-0.54493 =>  -32.2787693758
SERVER|-0.00002|0.08684|0.17845|-0.01809|-0.06177|0.09662|-0.27866 =>  -98.1763715415
SERVER|0.00001|-0.03979|0.00710|0.04378|0.19862|0.02337|0.36476 =>  130.032336252
HOST|0.00010|0.80687|0.08452|0.08547|-0.02226|-0.06351|-0.05376 =>  103.918745311
HOST|0.00005|-0.19821|0.04787|0.03928|0.08896|0.32481|-0.29324 =>  -47.0795145804
SERVER|0.00008|0.06116|-0.06235|0.07196|0.01131|0.13288|-0.57099 =>  -125.90155782
SERVER|-0.00012|0.29347|-0.04302|-0.00694|0.14542|0.35983|-0.06153 =>  40.8936164936
HOST|0.00006|0.32428|-0.02325|0.00991|0.06712|0.02799|-0.28405 =>  -5.40300983917
SERVER|0.00001|0.06289|-0.43407|0.07528|0.05756|-0.39640|-0.14095 =>  -24.2906940055
SERVER|-0.00024|0.15152|-0.22782|-0.18403|0.04918|-0.04081|-0.00197 =>  -35.5173631667
SERVER|0.00005|0.53202|-0.02398|-0.07303|-0.16820|0.33819|-0.39262 =>  -89.9789665212
SERVER|0.00004|0.20022|-0.11025|0.00314|0.10724|-0.06710|0.25874 =>  103.726348931
HOST|0.00002|0.05663|-0.01504|0.08584|-0.15099|0.31581|0.25032 =>  3.41640614398
SERVER|-0.00008|-0.24498|0.07852|-0.04106|-0.38162|0.70258|0.17673 =>  -182.036541984
SERVER|0.00019|0.26721|0.02124|0.00654|0.22835|-0.15341|0.77214 =>  309.419923683
HOST|-0.00003|0.18848|0.28081|-0.06460|0.08255|-0.10111|0.10531 =>  63.2025009747
SERVER|0.00011|-0.23109|0.25422|-0.07098|-0.13100|0.35614|-0.13229 =>  -116.202798266
HOST|-0.00011|0.36836|-0.09479|-0.06520|-0.37894|0.17183|0.36418 =>  -33.1156474548
SERVER|-0.00002|-0.02795|-0.05361|0.07935|0.10234|-0.49062|0.19504 =>  37.0023521688
SERVER|-0.00014|0.38436|-0.22147|-0.17623|0.57445|0.24193|-0.08771 =>  193.315034234
SERVER|0.00010|0.09880|-0.01862|0.10121|-0.16180|0.22086|0.42708 =>  41.7797323488
HOST|0.00001|-0.35928|0.01058|0.02925|0.36665|-0.57641|0.03868 =>  75.2104638331
SERVER|-0.00011|-0.06170|-0.09511|-0.00279|-0.01092|0.26314|-0.45202 =>  -159.238493841
SERVER|-0.00016|-0.03013|-0.06979|-0.01689|0.13848|-0.17504|0.22834 =>  34.1345880766
SERVER|0.00013|0.42144|-0.18319|0.04710|0.00140|0.34329|0.18897 =>  90.7638559601
SERVER|0.00020|0.02373|0.00360|-0.10232|-0.15337|-0.33194|0.20433 =>  -10.4087752747
SERVER|-0.00026|-0.08013|-0.12263|-0.26049|-0.20616|0.22212|-0.06219 =>  -178.270254355
HOST|-0.00002|0.84571|0.10214|0.03291|0.22229|0.27004|0.11422 =>  207.50208532
SERVER|0.00008|-0.26171|-0.22315|0.11231|0.22502|0.30208|-0.30343 =>  -42.2553723747
SERVER|-0.00007|-0.08642|-0.07970|-0.00518|-0.31292|0.25055|0.47676 =>  -58.8228316275
HOST|-0.00008|-0.18424|-0.05759|-0.13091|-0.18314|0.11252|0.08672 =>  -96.3827369469
SERVER|0.00001|-0.45050|-0.13277|-0.16040|-0.21587|-0.21917|0.49923 =>  -72.6039954064
HOST|0.00019|0.56110|0.07422|-0.05586|-0.40907|0.13815|0.05525 =>  -43.6070562712
SERVER|0.00004|0.06272|0.17475|-0.02656|0.05609|-0.70656|-0.21969 =>  -39.2711536825
SERVER|-0.00005|0.35323|0.02571|-0.08819|0.23316|-0.17446|-0.10630 =>  74.937164364
SERVER|0.00009|-0.34092|-0.00380|-0.05360|0.20308|-0.37811|0.09437 =>  42.2928484737
HOST|0.00018|-0.12393|-0.04074|-0.01519|-0.22120|0.30470|0.11288 =>  -44.1275117472
HOST|-0.00016|-0.29401|-0.27840|-0.04169|0.01147|-0.02451|-0.15371 =>  -103.455645779
SERVER|-0.00006|0.09419|-0.26511|0.08508|-0.19473|-0.27803|-0.55052 =>  -224.046484088
HOST|0.00001|-0.67675|-0.09533|0.00156|-0.18967|-0.38921|0.10318 =>  -139.069635482
HOST|-0.00025|-0.02658|-0.01309|0.13228|-0.26298|0.17521|-0.62527 =>  -297.995808441
SERVER|0.00012|0.27323|-0.16882|-0.03737|0.06008|0.44607|0.11254 =>  71.3939471898
SERVER|-0.00015|0.22881|0.11796|-0.01912|0.06919|0.11788|0.04691 =>  12.5754160743
SERVER|-0.00001|-0.39354|-0.07237|-0.10461|0.07690|0.32282|0.31658 =>  13.6179101521
SERVER|-0.00002|-0.03844|0.07654|-0.08301|-0.07486|-0.23605|-0.19133 =>  -97.245892154
HOST|0.00011|0.05648|-0.06764|-0.04494|-0.22867|-0.24883|0.11952 =>  -42.93605481
HOST|-0.00002|-0.27081|-0.00354|-0.02111|-0.00723|-0.13349|-0.21512 =>  -101.162843376
HOST|-0.00010|-0.01055|-0.02664|0.06377|0.44491|-0.71201|-0.41509 =>  34.1059022765
SERVER|0.00012|-0.53493|-0.17805|0.03541|-0.19023|-0.29385|-0.33218 =>  -225.355101316
SERVER|0.00013|0.29434|-0.36518|-0.13780|-0.21097|-0.22612|-0.06289 =>  -65.9795596871
SERVER|0.00019|-0.31431|-0.02845|-0.26662|-0.01022|-0.15795|0.30483 =>  32.2134488258
HOST|-0.00010|0.16655|-0.34932|0.12710|0.05341|-0.55057|0.14056 =>  43.2661273557
HOST|-0.00006|0.35171|-0.05219|0.00046|-0.06380|-0.06475|0.37093 =>  108.528501335
HOST|-0.00004|-0.08357|0.03212|0.09273|-0.22296|0.68690|0.53778 =>  25.1461571338
SERVER|0.00016|0.35385|0.15704|0.11334|-0.05066|0.34848|-0.49419 =>  -82.9961752078
HOST|-0.00007|0.10472|0.01331|-0.10268|-0.16224|0.10114|0.36424 =>  13.9327273485
SERVER|-0.00021|0.10754|-0.20801|-0.22123|0.00321|-0.48466|0.18948 =>  -1.74889814192
SERVER|-0.00011|-0.06591|-0.14606|0.00457|0.09462|0.34020|0.94584 =>  194.640357129
SERVER|0.00007|-0.01135|0.05163|-0.00122|0.03191|-0.33134|-0.31473 =>  -69.1651056022
SERVER|-0.00007|-0.38330|0.05953|0.09167|-0.02050|0.39263|-0.21461 =>  -138.078125107
HOST|0.00002|-0.21175|-0.05808|-0.07051|-0.05460|0.20270|0.07797 =>  -28.5984368807
HOST|-0.00010|0.29616|-0.05346|-0.11300|0.10943|0.17822|0.12653 =>  77.6506335596
SERVER|0.00004|-0.28614|-0.15452|-0.12292|-0.09874|-0.31065|-0.58034 =>  -233.781258142
SERVER|0.00004|-0.02491|0.07632|-0.13049|0.07309|-0.37987|-0.20636 =>  -33.0836626133
HOST|0.00009|-0.12465|-0.03122|-0.11884|-0.03998|-0.54552|-0.47453 =>  -145.881152378
HOST|-0.00018|-0.34955|0.11272|-0.07145|0.01340|-0.35146|-0.35904 =>  -162.959493731
SERVER|0.00012|0.21467|0.00069|0.15507|0.08044|0.27280|0.17924 =>  92.5487297053
HOST|0.00025|0.06544|-0.04221|0.07737|0.14526|0.09144|-0.30431 =>  22.5106891696
SERVER|-0.00011|0.13172|0.04185|0.06271|0.08470|-0.14388|0.18987 =>  45.7106001864
SERVER|-0.00020|-0.16553|0.11485|0.11230|-0.09419|0.25372|0.15875 =>  -71.3893488566
SERVER|0.00012|-0.02602|-0.09988|-0.15423|-0.03771|0.47357|0.85727 =>  179.700729462
HOST|0.00018|-0.20603|0.12491|-0.14504|-0.44166|0.13553|0.35628 =>  -93.7185176641
SERVER|-0.00025|0.36554|0.03099|-0.04133|0.24616|0.18842|0.37874 =>  163.947691446
HOST|0.00021|0.31359|0.06027|0.01957|-0.07788|0.10262|0.14235 =>  70.9632738976
HOST|-0.00032|-0.27265|0.04961|-0.09230|0.06855|0.28933|-0.19069 =>  -126.369447909
HOST|-0.00004|-0.16843|-0.10169|0.00191|-0.12029|0.30043|1.06946 =>  173.520351149
SERVER|-0.00005|-0.38171|0.04292|0.06231|0.13919|0.28739|0.26941 =>  4.22073723807
HOST|0.00008|-0.16940|0.29743|-0.03218|-0.21244|-0.02800|0.06489 =>  -64.8393442374
HOST|0.00014|-0.26342|0.06828|-0.00933|-0.00411|-0.11049|0.07268 =>  -6.6315397927
HOST|0.00013|-0.30119|0.18024|-0.00179|-0.22728|0.37368|0.38024 =>  -25.78280074
SERVER|0.00004|0.11642|-0.05755|-0.05376|0.04089|0.07195|0.08008 =>  30.9031252972
HOST|0.00005|0.12460|0.14303|0.00238|0.19927|0.00511|-0.63992 =>  -66.3858494326
HOST|-0.00009|-0.24992|0.10169|0.06012|-0.10791|0.15225|-0.09931 =>  -109.926721104
HOST|-0.00011|0.11714|0.11629|0.10499|-0.35992|0.01608|0.20749 =>  -88.1158168632
HOST|0.00014|-0.25214|0.13970|-0.14651|0.01599|-0.45063|0.06797 =>  -14.0958595752
SERVER|-0.00002|0.11235|-0.02691|-0.08833|0.03474|-0.40078|0.90564 =>  204.744045516
SERVER|-0.00004|0.59878|-0.13617|0.09018|0.10998|0.43774|-0.01515 =>  88.8747210778
HOST|-0.00028|-0.39474|-0.02410|0.02847|0.08951|0.15419|0.10221 =>  -63.8701785616
HOST|-0.00016|0.16955|0.09112|0.00782|0.04926|-0.31357|0.41416 =>  94.7217520229
SERVER|0.00020|-0.12363|0.03067|-0.05640|0.19874|0.26957|-0.57400 =>  -63.0626654771
HOST|0.00008|0.43026|0.30333|-0.17627|-0.15556|-0.23173|-0.46566 =>  -110.251533958
SERVER|-0.00009|0.29292|-0.11023|-0.02831|-0.03654|-0.02618|-0.55279 =>  -126.107097309
SERVER|-0.00009|0.13596|0.16241|0.01350|-0.41612|0.31276|-0.27556 =>  -234.298110118
SERVER|-0.00020|0.06582|-0.07788|-0.12334|0.12078|0.15834|0.46966 =>  99.0519386774
SERVER|0.00009|-0.45831|0.14532|0.00948|-0.00800|-0.12281|-0.20965 =>  -125.782929872
SERVER|-0.00005|-0.35774|0.08376|-0.08106|0.15682|0.49050|0.38650 =>  71.3606441867
HOST|0.00002|-0.06571|0.12396|-0.01083|-0.06167|0.35030|0.90791 =>  157.781067225
SERVER|0.00007|0.20953|-0.04011|0.05908|-0.25476|-0.21887|0.58367 =>  51.4312293119
SERVER|-0.00003|-0.54445|0.03541|0.12290|0.36045|-0.27519|0.18818 =>  62.8317057535
SERVER|-0.00009|-0.63554|0.00398|-0.16146|0.07802|-0.06529|-0.37684 =>  -199.21340946
SERVER|-0.00006|0.11155|0.02801|0.13162|0.21913|-0.75122|-0.40373 =>  -40.4151435154
SERVER|-0.00010|0.62140|-0.16360|0.12040|-0.14279|0.10105|-0.38857 =>  -101.008163211
HOST|0.00008|-0.01283|-0.04163|0.09125|0.15368|-0.39850|0.36042 =>  150.022026262
SERVER|0.00010|-0.11878|0.28650|0.00321|0.14480|-0.50285|-0.44692 =>  -58.3045727291
SERVER|0.00020|-0.16773|0.11720|-0.13461|0.04202|-0.09908|-0.04621 =>  -5.76834006046
SERVER|-0.00001|-0.07608|-0.10941|-0.14728|0.07398|-0.07083|0.34468 =>  67.7942809195
HOST|0.00003|-0.52081|-0.18860|0.06927|-0.02468|0.19222|-0.44317 =>  -201.724419657
SERVER|-0.00002|-0.38870|0.00012|-0.22322|0.15302|0.23291|0.08209 =>  -17.9334568336
HOST|0.00004|-0.06445|-0.34028|0.19462|0.39433|-0.58593|-0.35093 =>  47.6392682406
HOST|-0.00003|-0.22626|-0.13744|-0.12140|0.13870|-0.44385|-0.36454 =>  -87.7905165774
HOST|-0.00003|-0.37943|0.09373|0.03474|0.29433|-0.81326|0.30573 =>  106.778149684
HOST|0.00000|0.00686|-0.04253|-0.05393|-0.26918|0.05992|-0.04593 =>  -123.165845911
HOST|0.00006|-0.33856|0.01166|0.19983|-0.09118|0.02643|-0.18952 =>  -127.334331497
HOST|0.00007|0.11774|0.08728|0.00256|-0.06051|-0.15350|-0.11802 =>  -23.0531372089
HOST|0.00007|0.17001|-0.01493|0.01984|0.26752|-0.08076|0.15029 =>  158.400305197
HOST|0.00003|0.30527|-0.11306|-0.01750|0.12086|-0.54108|0.22047 =>  126.65104587
SERVER|0.00000|-0.39845|-0.25978|0.04146|-0.08925|0.03070|-0.47064 =>  -214.748163923
SERVER|0.00001|-0.47847|-0.33576|0.07423|0.14676|0.36109|0.53109 =>  63.4210078037
HOST|0.00012|-0.01230|0.34681|0.17435|0.09950|0.39775|0.75174 =>  216.092002379
SERVER|0.00009|-0.00888|0.15664|0.04654|-0.38714|0.14005|-0.12167 =>  -195.357480036
SERVER|-0.00021|-0.02849|0.06383|0.06309|0.17173|-0.23864|-0.43676 =>  -104.501579067
HOST|0.00006|-0.11399|0.23837|0.11967|-0.00424|-0.61565|-0.59555 =>  -157.345254709
SERVER|-0.00001|0.07928|-0.09948|-0.23777|0.08507|-0.30215|-0.44029 =>  -85.7429636139
HOST|0.00013|0.32951|0.20991|0.18291|0.31257|-0.86634|0.17268 =>  210.010702201
HOST|0.00011|0.45209|0.29514|0.06393|0.11041|-0.05656|-0.37431 =>  43.1520029987
SERVER|0.00002|0.43254|0.08545|-0.01927|0.34501|-0.26378|-0.10214 =>  143.19965233
HOST|0.00000|0.28938|-0.07555|0.00317|-0.03066|-0.05440|-0.39188 =>  -60.4414618861
HOST|-0.00020|-0.20325|0.04956|-0.14094|-0.03260|0.29922|-0.27861 =>  -151.219967879
HOST|-0.00007|-0.12048|-0.00739|0.15652|-0.05214|-0.97734|-0.36455 =>  -140.115738453
HOST|-0.00002|-0.36128|0.22153|0.00476|-0.23752|-0.31319|0.57428 =>  -17.3329969003
HOST|0.00005|-0.31935|-0.08414|0.04427|0.09510|-0.02286|-0.33209 =>  -91.7125121973
HOST|-0.00007|0.13499|0.08541|-0.08489|0.24939|0.30827|0.04848 =>  85.355446573
SERVER|0.00010|-0.18272|0.18841|-0.12378|0.18916|-0.11506|0.07715 =>  55.7845131803
HOST|0.00026|-0.03235|0.18537|-0.01781|0.26651|0.05387|0.38532 =>  220.258096932
HOST|-0.00003|-0.30080|-0.07294|0.14300|-0.26037|-0.02689|-0.12964 =>  -158.089988957
HOST|-0.00001|-0.34832|0.09502|-0.01497|0.04956|-0.09591|-0.42917 =>  -148.164682328
SERVER|0.00008|-0.24254|0.13343|-0.11055|0.21395|-0.26335|0.13896 =>  74.725525724
HOST|0.00004|-0.13539|0.01475|-0.04421|-0.30728|-0.81130|0.41334 =>  -34.5682240152
HOST|0.00012|-0.18304|-0.01881|-0.08111|0.00497|0.54908|0.00891 =>  -9.35615449623
HOST|0.00006|0.39512|0.20923|-0.04703|0.02070|-0.49356|0.39403 =>  147.437715588
HOST|-0.00000|-0.16497|-0.38320|-0.02363|-0.00309|0.73025|-0.25912 =>  -82.3148817894
SERVER|0.00019|0.09966|0.00949|0.02088|0.09351|0.05408|0.47590 =>  166.931029112
HOST|-0.00003|0.06922|-0.11871|-0.01793|-0.28983|-0.06542|0.41607 =>  -11.0797198626
HOST|0.00011|-0.32154|0.01801|-0.08302|0.07977|-0.28541|0.08500 =>  15.0584108365
SERVER|-0.00001|-0.56665|-0.15448|-0.08045|0.25518|0.09639|-0.50581 =>  -131.627703526
SERVER|-0.00024|0.23242|-0.21755|-0.06829|-0.15193|0.05368|-0.19221 =>  -139.298981178
HOST|-0.00017|-0.07680|-0.08529|-0.09248|-0.07983|0.08522|0.55548 =>  37.8978144504
SERVER|-0.00002|0.11033|-0.00616|0.05368|0.23890|-0.13233|0.74561 =>  249.592419125
SERVER|-0.00019|0.30296|0.07778|-0.04491|0.17311|-0.17491|0.04445 =>  41.9111898826
SERVER|0.00009|-0.03524|0.08719|0.09332|0.07513|0.35377|0.01910 =>  24.9903140202
SERVER|-0.00024|0.20578|-0.17357|0.02723|0.08460|-0.08809|0.63849 =>  134.052371346
HOST|0.00014|0.47392|0.11386|0.17031|-0.01129|-0.04614|0.10952 =>  108.407787266
SERVER|0.00027|0.38064|0.03788|-0.01158|-0.35201|-0.51481|0.09006 =>  -26.2053362328
SERVER|-0.00002|0.30563|-0.13106|-0.01167|-0.02238|0.48455|-0.48193 =>  -104.637039013
HOST|0.00001|0.65376|-0.10544|-0.02493|0.01870|0.54427|-0.35379 =>  7.59275722038
SERVER|-0.00003|0.27722|0.00171|-0.03018|-0.01457|0.11661|0.02695 =>  9.08276036396
SERVER|-0.00013|0.73228|-0.02409|-0.03151|-0.20247|0.08578|0.36969 =>  59.1044275011
HOST|0.00006|-0.24355|-0.00948|-0.00803|-0.19290|0.30379|-0.76059 =>  -285.664974282
SERVER|-0.00006|0.16060|-0.20618|0.03396|0.29310|0.44645|0.76511 =>  263.171740465
SERVER|0.00013|-0.16814|0.35988|-0.05495|-0.34360|0.16016|0.53961 =>  -31.2830205052
HOST|0.00006|-0.29282|0.00833|0.01771|0.13139|-0.06269|0.22254 =>  60.2026050078
HOST|-0.00030|-0.01466|0.15022|0.15467|-0.24320|-0.00054|-0.20208 =>  -206.961090519
HOST|-0.00010|-0.25957|0.05711|-0.06356|-0.08104|0.52523|0.17386 =>  -60.0410184207
HOST|-0.00036|-0.59557|-0.20789|-0.14230|0.14951|-0.28269|0.18639 =>  -42.4214935994
HOST|0.00007|0.14570|0.04418|-0.06769|-0.12373|-0.11543|-0.30680 =>  -93.5686702156
HOST|-0.00002|-0.35427|-0.03443|-0.15725|-0.01324|0.52718|-0.19033 =>  -110.395493784
SERVER|-0.00010|-0.26130|0.26862|0.07239|0.07348|0.33736|0.01920 =>  -48.0190744949
SERVER|0.00004|-0.27116|0.04304|-0.04885|0.17273|0.03141|0.05626 =>  23.0942061845
SERVER|-0.00011|-0.37361|-0.02786|-0.07424|0.28935|-0.52140|-0.55205 =>  -115.432184484
SERVER|-0.00011|-0.04120|-0.10242|-0.00779|0.19405|0.19433|-0.95985 =>  -208.712733048
SERVER|0.00001|-0.23222|-0.03293|0.00591|-0.36762|0.18380|0.52449 =>  -61.020082928
SERVER|0.00005|0.61811|0.00864|-0.15906|-0.12183|0.06726|0.02625 =>  14.9451036737
HOST|-0.00007|-0.13023|0.01333|-0.01264|-0.24707|0.03484|0.07469 =>  -117.841673007
SERVER|0.00002|0.20884|-0.03361|0.05714|-0.03327|-0.61129|-0.25827 =>  -70.2797291776
HOST|0.00005|-0.16261|-0.08708|0.04242|-0.14377|0.21293|0.63042 =>  70.476744877
HOST|-0.00001|-0.54358|0.10790|0.04876|-0.09652|0.81720|0.28308 =>  -61.3605254231
HOST|-0.00010|0.13500|0.07397|0.09674|0.00298|-0.00147|-0.52173 =>  -134.00856986
SERVER|0.00007|0.34940|0.18876|0.10878|-0.06681|0.82812|0.84947 =>  219.287951571
HOST|0.00007|0.15517|0.11447|0.02284|-0.17905|0.35265|0.07279 =>  -11.1283783958
HOST|-0.00004|0.25736|0.02338|0.10098|-0.03900|0.33539|0.32320 =>  84.9525803899
HOST|-0.00012|-0.15201|-0.01694|0.01694|0.01105|0.24492|-1.02978 =>  -290.635325918
SERVER|-0.00010|0.12827|0.00452|-0.05002|-0.50464|0.16443|0.05572 =>  -194.857230011
HOST|-0.00012|0.37547|0.21144|-0.02215|-0.36883|0.08478|-0.26437 =>  -170.086428147
HOST|0.00005|0.17938|-0.09723|0.01375|0.18379|0.15667|0.47806 =>  198.18894738
SERVER|0.00008|-0.91643|0.03848|-0.00262|-0.16084|-0.37641|0.51914 =>  -75.7931414211
SERVER|0.00003|-0.20043|0.16494|0.06092|-0.08462|0.14548|0.38924 =>  -7.12185665257
HOST|-0.00005|0.30772|0.15944|-0.05681|-0.19307|0.30736|0.45698 =>  65.4398370014
HOST|0.00018|-0.19216|-0.06818|0.05079|0.13149|0.37226|-0.12782 =>  -0.182945648587
HOST|-0.00006|0.44132|0.23674|0.11674|-0.25496|-0.37124|0.40498 =>  37.9741857529
SERVER|0.00032|0.19294|0.15863|0.02351|0.03162|0.38745|0.28925 =>  127.460736898
SERVER|0.00024|0.21352|0.02201|-0.00970|0.20922|0.14127|-0.02557 =>  121.711353743
SERVER|-0.00008|0.33725|-0.16299|-0.02687|-0.07589|0.52331|0.02296 =>  -11.1149850407
HOST|0.00010|-0.29177|-0.16780|-0.05118|0.00296|-0.13208|0.94113 =>  171.630078917
HOST|0.00008|-0.42930|-0.17502|0.01039|0.10908|-0.10627|0.20628 =>  20.2761881419
SERVER|0.00005|-0.38873|-0.05743|-0.17635|0.02682|0.22187|-0.08305 =>  -72.435350119
SERVER|-0.00012|-0.23683|0.03871|-0.00294|0.10350|-0.42286|-0.21530 =>  -89.6375643044
SERVER|-0.00009|-0.52336|-0.12006|-0.00084|-0.22818|0.50915|0.10165 =>  -178.205607084
SERVER|-0.00011|-0.28651|0.22515|0.12662|-0.10135|-0.21778|0.39015 =>  -62.6512933719
HOST|-0.00009|-0.22621|0.20305|0.09270|0.03778|0.33358|-0.19303 =>  -100.057283184
SERVER|0.00025|0.18755|0.32930|-0.12508|0.11278|0.50876|0.18493 =>  128.798925258
SERVER|-0.00009|0.04057|0.26131|-0.05023|0.32482|0.32129|-0.04655 =>  82.1931770998
HOST|-0.00000|-0.22768|-0.00633|-0.13660|-0.14569|0.03297|-0.16205 =>  -125.367791565
SERVER|0.00005|-0.08802|-0.06268|0.07893|-0.17501|0.39534|-0.33236 =>  -163.301150789
SERVER|0.00002|-0.35510|0.57198|-0.11408|-0.12503|-0.40509|0.46725 =>  -7.23597343647
SERVER|0.00008|0.14898|-0.09909|-0.00088|-0.11765|0.21866|0.23803 =>  17.3014576835
SERVER|0.00008|0.09376|-0.08500|-0.11044|-0.19462|-0.36940|-0.56588 =>  -205.354224413
HOST|0.00015|-0.22137|-0.07866|0.00837|-0.02062|-0.92389|0.17283 =>  19.6628985078
SERVER|-0.00001|0.13844|-0.21630|0.01164|0.12493|0.02718|-0.29124 =>  -40.8626412706
SERVER|0.00008|0.27967|0.09932|-0.00110|0.03451|0.03407|-0.61108 =>  -106.257787902
SERVER|-0.00009|0.00577|-0.17414|0.00096|-0.12688|0.32787|-0.18954 =>  -136.490073633
SERVER|0.00011|-0.18346|0.20641|0.20166|0.14287|0.06964|0.07436 =>  30.3471732642
HOST|-0.00000|0.10470|0.25348|0.04865|-0.02342|-0.56729|0.29121 =>  57.7315200338
SERVER|0.00001|-0.20378|-0.10134|0.06268|0.03383|0.14259|-0.21591 =>  -101.358880052
HOST|-0.00000|-0.26399|0.16715|0.12997|-0.14431|0.16600|-0.43005 =>  -222.45378039
SERVER|-0.00011|0.62855|-0.36618|-0.02664|0.05308|-0.12709|-1.10462 =>  -180.040918915
SERVER|0.00013|0.02889|-0.05058|0.19268|-0.20627|-0.69184|0.09795 =>  -62.500332004
HOST|0.00000|0.14781|-0.03033|0.17705|-0.15032|0.90041|0.54542 =>  74.326516754
HOST|0.00007|0.01090|-0.07127|-0.03600|-0.37101|0.06558|0.34135 =>  -54.509942855
SERVER|-0.00001|-0.00102|-0.12316|-0.05898|-0.03842|0.47696|0.39331 =>  47.9717881643
HOST|0.00006|-0.29279|0.01376|0.08968|-0.09374|0.05101|-0.38410 =>  -167.262544643
SERVER|0.00011|0.42196|0.04840|0.02695|0.27996|-0.14009|0.22611 =>  198.093352672
HOST|-0.00002|-0.25080|0.23742|-0.02931|-0.07083|0.13703|-0.34990 =>  -166.395367809
HOST|0.00007|0.49045|0.13091|-0.06090|-0.06122|-0.38583|-0.46725 =>  -71.1450542682
HOST|0.00003|0.29518|-0.02261|0.08636|0.48098|-0.09782|0.32249 =>  270.985955186
HOST|0.00003|-0.58528|-0.26614|0.15340|0.21706|0.46049|0.04103 =>  -11.8589568214
SERVER|-0.00001|-0.29976|-0.05186|0.09122|-0.17677|-0.10044|-0.31038 =>  -217.365320806
SERVER|-0.00009|0.28436|-0.07410|-0.11281|0.25539|0.05855|-0.28505 =>  36.7199337035
SERVER|0.00001|0.13898|0.03241|0.06067|-0.03477|0.01287|-0.40053 =>  -100.784445625
HOST|0.00003|-0.35063|-0.02502|-0.03071|-0.08490|-0.60064|0.07761 =>  -55.7438467
HOST|0.00004|-0.05699|-0.01276|0.01698|-0.24303|-0.40505|-0.20054 =>  -147.05172473
HOST|-0.00013|0.10082|0.08523|-0.01372|-0.33580|-0.12960|0.30349 =>  -69.9877560404
SERVER|0.00007|-0.02701|-0.01938|-0.01685|-0.28570|-0.19860|-0.31771 =>  -204.406227513
SERVER|0.00002|0.37723|0.21496|0.07625|0.07848|-0.38960|-0.00066 =>  60.3515510393
SERVER|0.00006|0.39214|-0.11011|0.10691|0.15179|-0.40411|-0.19761 =>  52.972394363
SERVER|0.00001|0.16401|0.15451|0.13803|-0.21366|0.69517|-0.44812 =>  -177.365033893
SERVER|0.00019|0.17431|0.31576|0.04610|0.35004|0.23695|-0.33515 =>  68.5800250059
HOST|-0.00007|0.34543|0.11766|0.04657|0.12366|-0.08676|0.32136 =>  161.674370895
SERVER|-0.00006|0.06278|0.06316|-0.03541|0.08212|0.37383|0.44840 =>  95.6614747155
SERVER|-0.00002|-0.38891|-0.22195|0.05214|-0.07679|-0.21955|-0.00999 =>  -114.098852744
SERVER|-0.00010|-0.31482|0.00711|-0.04441|-0.08574|-0.23553|-0.46904 =>  -233.658724193
HOST|-0.00007|0.02247|-0.24958|0.07614|-0.35869|0.36211|0.38040 =>  -68.8011762506
HOST|0.00012|-0.03596|0.07651|-0.10644|-0.09638|-0.04705|-0.03895 =>  -49.4865144821
HOST|-0.00011|0.08248|0.09000|-0.23717|-0.32434|0.03021|0.29333 =>  -76.4226892298
SERVER|0.00022|-0.12777|0.15494|0.08340|0.01464|-0.08724|-1.01804 =>  -246.48680415
SERVER|0.00008|-0.37583|0.03418|-0.08675|0.09810|-0.07602|0.33557 =>  43.5426621826
SERVER|-0.00002|-0.24314|0.15740|-0.03649|-0.08433|-0.00453|0.28495 =>  -15.0747545548
SERVER|0.00014|-0.04791|0.12937|0.06495|-0.08894|0.23524|0.30105 =>  28.9950338157
SERVER|-0.00000|-0.46304|0.30003|-0.17011|0.03124|-0.37827|-0.83936 =>  -287.843596786
HOST|0.00012|0.25573|-0.33790|0.01617|-0.06717|0.81986|0.82815 =>  210.115613391
SERVER|0.00001|-0.48827|-0.02758|0.13084|-0.25013|0.18295|-0.08684 =>  -215.972305103
HOST|-0.00003|-0.24265|-0.14078|0.04322|-0.17205|0.73906|0.04238 =>  -90.6617792878
SERVER|0.00001|0.21157|0.02484|-0.00252|-0.07700|0.08562|-0.61443 =>  -168.162377271
SERVER|-0.00014|-0.47006|-0.02576|-0.11286|-0.20585|-0.51808|-0.24406 =>  -247.999998754
HOST|0.00006|0.12973|0.10118|0.04836|0.14256|0.22980|-0.13014 =>  21.4541537221
SERVER|0.00012|0.01904|-0.39046|-0.03824|-0.24881|0.39758|-0.29426 =>  -157.890575186
SERVER|0.00009|-0.36614|-0.17945|0.02243|0.11311|0.79906|0.18535 =>  18.0850171623
HOST|-0.00021|0.42325|-0.06732|0.05669|0.16972|0.17234|-0.30114 =>  -4.58494587832
HOST|0.00007|-0.01481|-0.14319|0.02741|-0.22407|-0.18679|0.13320 =>  -45.5599614698
HOST|0.00007|0.13155|-0.11017|0.06405|-0.50913|-0.17604|0.42915 =>  -73.458150439
SERVER|0.00017|0.07982|-0.00070|0.08284|0.23289|-0.19973|-1.06785 =>  -151.248213883
SERVER|0.00005|0.54180|-0.18314|-0.01623|0.17426|0.18966|-0.11921 =>  97.7044874722
SERVER|0.00004|-0.47651|0.06061|0.08583|-0.25708|0.15668|0.20618 =>  -136.943173898
HOST|-0.00012|0.05900|0.08576|-0.13674|0.00045|0.45721|-0.86065 =>  -209.272788789
SERVER|0.00007|-0.28767|-0.03180|-0.06507|-0.04263|0.53345|-0.18334 =>  -118.108693344
HOST|-0.00006|-0.09652|-0.05487|-0.02824|0.05344|0.03575|-0.30071 =>  -84.3833672569
SERVER|0.00002|0.15990|0.05857|-0.06102|-0.18039|0.04374|0.32391 =>  9.64838064166
SERVER|0.00016|0.38555|-0.39217|-0.10376|0.01646|0.00396|-0.65481 =>  -88.7373273824
HOST|-0.00006|-0.25254|0.02434|0.16505|-0.26815|-0.00129|0.19810 =>  -101.522782338
SERVER|0.00012|-0.23885|-0.04125|-0.04148|-0.08529|-0.43111|-0.25970 =>  -131.394944575
HOST|-0.00006|0.16079|0.01302|0.09321|0.20605|-0.05843|-0.03719 =>  60.150296741
HOST|0.00019|0.09361|0.05668|-0.05692|-0.11856|0.43063|0.75632 =>  156.397124702
HOST|-0.00006|0.02191|0.12463|0.09702|-0.05528|-0.41738|-1.21528 =>  -328.928351769
HOST|0.00000|-0.71696|-0.02156|0.17517|-0.20485|0.05790|-0.19304 =>  -214.502997133
SERVER|0.00003|-0.04008|-0.17018|-0.06012|-0.06884|0.16908|0.13675 =>  -40.060921192
HOST|0.00011|-0.49391|0.18982|0.05303|-0.01234|-0.30415|0.04542 =>  -65.4599044258
SERVER|-0.00020|0.01109|-0.09328|0.08310|0.15832|0.18589|-0.68540 =>  -167.199259781
HOST|-0.00014|-0.49266|0.21425|-0.17721|-0.02538|0.10778|-0.14837 =>  -156.342442175
HOST|-0.00015|0.14246|0.07884|0.16665|0.06853|0.30580|-0.30250 =>  -59.9888030296
HOST|-0.00015|0.42958|0.09407|-0.12832|-0.08435|-0.11190|0.00142 =>  -4.05621024087
SERVER|-0.00005|0.06989|-0.07985|-0.10951|0.02795|-0.24940|-0.07795 =>  -42.1194842226
SERVER|0.00002|-0.57399|0.11677|0.10187|0.05266|-0.05907|0.02558 =>  -79.3043172573
SERVER|-0.00003|-0.55554|0.03241|-0.07871|-0.19860|-0.73912|-0.09578 =>  -207.450600404
SERVER|0.00018|0.66519|-0.18099|-0.01892|-0.13676|0.21760|0.00958 =>  39.9474817668
HOST|0.00008|0.22534|-0.05379|-0.04903|0.23678|0.04936|-0.04333 =>  103.456239489
HOST|-0.00001|0.09192|0.13709|-0.03370|-0.10334|0.18962|0.39222 =>  43.9901622792
SERVER|0.00019|0.06284|-0.25572|0.16891|0.15222|-0.33499|0.65390 =>  215.294266036
HOST|-0.00014|-0.07805|-0.20201|-0.09740|-0.05793|-0.36927|0.01580 =>  -65.4122242832
SERVER|0.00017|0.01374|0.11872|-0.14647|-0.32273|-0.52543|-0.48519 =>  -227.34300533
SERVER|0.00005|-0.24215|0.02422|-0.13821|0.08610|-0.13938|-0.20509 =>  -62.1532256578
HOST|-0.00004|-0.11349|-0.04429|0.02307|-0.05198|0.39498|-0.06473 =>  -44.9475649962
HOST|0.00024|0.11946|0.13369|-0.03123|0.14389|-0.09257|0.21479 =>  166.930620098
SERVER|-0.00013|0.60827|0.05912|0.02302|-0.14977|-0.24712|0.21755 =>  18.6935790204
SERVER|-0.00011|0.06772|-0.10155|0.03779|0.40753|-0.14674|-0.28432 =>  54.7641020675
SERVER|-0.00010|-0.26211|-0.12589|-0.08571|-0.27992|-0.10213|-0.74040 =>  -346.157253742
HOST|-0.00009|-0.18770|-0.03056|0.02466|0.25907|0.67230|-0.17813 =>  1.21549957747
HOST|0.00007|-0.12531|-0.06586|0.07195|-0.18399|0.17339|0.15870 =>  -53.6430426206
HOST|-0.00017|-0.21163|-0.00633|0.10020|0.08411|0.51861|0.32663 =>  43.9770287685
HOST|-0.00004|0.17647|0.00838|0.06233|0.05652|-0.19189|-0.00493 =>  20.0668550054
SERVER|-0.00002|0.06121|-0.11604|0.18271|-0.18245|-0.17512|0.35275 =>  -11.954264031
SERVER|-0.00017|-0.22557|-0.09864|-0.02625|-0.58712|0.64949|-0.33450 =>  -369.221373313
HOST|0.00001|-0.31349|-0.13954|-0.02675|-0.24328|0.44301|-1.13405 =>  -403.603355354
SERVER|0.00012|-0.12074|-0.14904|-0.03937|-0.37694|-0.15613|-0.36768 =>  -244.66021689
SERVER|0.00004|0.87027|0.07746|-0.05240|0.09310|0.63824|0.26567 =>  215.124529808
HOST|0.00018|0.25677|-0.04444|-0.14802|0.24803|-0.44735|0.25434 =>  202.61642869
HOST|0.00007|0.11056|-0.39280|-0.09688|0.13611|0.40197|0.20155 =>  98.4501927177
SERVER|-0.00022|0.66531|0.04314|0.00951|-0.21092|0.12433|0.07376 =>  -46.0472842111
HOST|0.00003|0.56009|-0.01983|0.00007|-0.35275|-0.13215|0.13109 =>  -22.5943850355
HOST|-0.00000|-0.15408|-0.07299|-0.02126|0.45294|-0.21117|0.06166 =>  140.321066778
HOST|-0.00003|0.18207|0.01784|0.09396|-0.10759|-0.12343|-0.01400 =>  -34.9012249389
HOST|0.00023|-0.56625|0.16512|-0.01900|0.18650|-0.19114|-0.10599 =>  -2.2043713434
HOST|-0.00000|0.05395|-0.01274|0.06607|0.00741|-0.26571|0.57452 =>  125.626804098
HOST|0.00011|0.09081|0.10289|-0.09789|0.24888|-0.01986|-0.19606 =>  57.3611263432
HOST|0.00007|0.27355|0.05198|0.06468|-0.11076|0.50931|-0.46659 =>  -110.74333484
HOST|-0.00003|0.48247|0.02361|0.05167|0.07444|0.21540|-0.34616 =>  -5.61028859335
SERVER|-0.00004|0.02969|-0.22350|-0.04541|0.09247|0.48669|0.76000 =>  170.587462579
SERVER|-0.00015|-0.23953|0.07847|-0.02092|0.02844|-0.63763|0.25845 =>  -31.2394327454
SERVER|-0.00005|-0.42359|0.02942|0.00900|-0.06311|0.09470|-0.00410 =>  -114.938404949
HOST|-0.00001|0.20895|0.08360|0.17450|0.10622|0.09196|-0.48448 =>  -36.3720627401
HOST|0.00006|0.39586|-0.19191|0.03197|0.05311|0.11605|0.27858 =>  143.419731289
HOST|-0.00001|0.06534|0.10215|0.01626|-0.21265|0.01277|-0.89634 =>  -290.224303731
SERVER|0.00011|0.54548|0.19042|0.00210|0.09512|0.53250|0.25217 =>  160.562595868
SERVER|0.00011|-0.27044|-0.30842|-0.12281|-0.22233|0.08180|0.40156 =>  -31.5861414363
HOST|0.00006|0.46028|0.33545|0.07526|0.13877|-0.39614|0.57594 =>  242.940551152
SERVER|-0.00020|-0.47011|-0.00838|-0.07405|0.42885|-0.35853|0.62580 =>  167.644575456
SERVER|0.00009|-0.25573|0.33499|0.21450|0.08618|-0.33222|0.22436 =>  35.7378512703
HOST|0.00017|-0.36565|-0.00640|-0.09096|0.31347|-0.16207|0.10992 =>  93.209292245
HOST|-0.00009|-0.15778|0.01148|-0.04996|-0.34531|-0.04469|0.28379 =>  -102.259596315
SERVER|-0.00004|-0.18621|0.07959|-0.02878|-0.01293|0.56091|0.31484 =>  24.7333342231
HOST|0.00009|-0.02966|0.10261|-0.21253|0.38419|-0.06590|0.15016 =>  182.036189408
SERVER|-0.00012|0.73989|0.02155|0.10753|-0.21143|0.42306|-0.23794 =>  -75.8509117493
HOST|-0.00022|0.26671|-0.12163|-0.14630|0.11871|0.07784|0.33449 =>  106.157456076
HOST|0.00008|0.05467|0.10806|0.02985|0.00229|-0.11719|0.01033 =>  8.84322192031
SERVER|-0.00004|0.39759|-0.01102|0.09573|0.02188|0.18178|0.23178 =>  97.2387894309
HOST|0.00011|0.04584|0.27373|0.04361|-0.00993|0.23193|-0.42428 =>  -96.1105575011
SERVER|-0.00016|-0.20668|0.02393|0.03461|-0.19194|0.03454|-0.23065 =>  -220.868701743
SERVER|-0.00016|-0.14960|-0.10406|0.12623|0.17918|-0.85077|-0.24783 =>  -78.7102875805
HOST|-0.00009|-0.19028|0.02763|0.09620|-0.03680|-0.00782|-0.32625 =>  -145.989336051
HOST|0.00006|-0.57192|-0.08350|0.00593|-0.02075|-0.33819|0.21387 =>  -53.8548838303
SERVER|-0.00014|0.29392|0.05369|0.05789|0.04868|-0.38265|0.04107 =>  9.74944725237
SERVER|0.00018|0.08218|-0.06252|-0.01031|0.31924|-0.01482|-0.06476 =>  125.729296487
HOST|0.00024|-0.47193|0.07684|0.00713|0.31187|-0.16724|-0.28336 =>  11.241092991
SERVER|-0.00007|0.52174|0.23737|0.05409|-0.10691|-0.74079|0.03351 =>  4.5416458522
SERVER|-0.00004|0.19454|0.01270|0.07624|0.09947|0.43430|-0.31712 =>  -40.1328321376
SERVER|0.00012|0.08629|0.04000|0.21175|-0.21769|-0.17067|0.03100 =>  -62.4095620513
HOST|0.00012|0.23501|0.12074|-0.14630|-0.04567|-0.32137|0.08937 =>  49.5541468602
SERVER|0.00009|-0.21680|0.14257|0.07754|0.30865|-0.80663|-0.11723 =>  46.1730664663
SERVER|-0.00004|0.34381|-0.02188|0.00182|0.16180|0.04035|-0.24832 =>  16.4320950591
SERVER|-0.00011|-0.29833|0.11674|0.01899|0.03572|0.36732|-0.64398 =>  -211.184399258
SERVER|-0.00016|-0.22523|-0.10265|0.05141|-0.22912|0.32114|-0.19182 =>  -200.323795249
SERVER|-0.00002|0.27413|0.00608|-0.08208|-0.03970|0.27690|-0.14454 =>  -43.7723009193
HOST|0.00001|-0.16592|0.07674|-0.02900|-0.01258|-0.19571|0.39803 =>  50.8141275533
HOST|-0.00005|-0.04346|-0.07937|0.09686|-0.07438|-0.18070|-0.39333 =>  -157.853384918
SERVER|0.00016|-0.03251|-0.23093|-0.11839|0.19823|0.05356|0.35779 =>  125.909129083
HOST|0.00024|0.23112|0.30096|0.15655|-0.16492|0.74276|-0.03431 =>  -9.16357587349
HOST|-0.00001|-0.05531|-0.30691|0.13206|0.24191|-0.60513|-0.04794 =>  43.1021794909
SERVER|0.00014|0.37248|0.09699|0.05236|0.13368|0.36263|0.36039 =>  179.193450705
HOST|-0.00008|0.34669|-0.06201|-0.02621|0.13070|-0.16205|-0.31156 =>  12.7972587839
SERVER|0.00011|-0.51924|-0.03209|0.01727|0.15200|0.28798|-0.50293 =>  -139.426863755
HOST|0.00008|0.60046|-0.11278|-0.11911|-0.07356|0.50417|0.11507 =>  89.6966863351
SERVER|-0.00007|-0.81569|-0.04489|-0.07869|0.04522|-0.56904|-0.54150 =>  -269.405440295
HOST|-0.00018|0.14627|-0.09135|0.02752|0.21212|0.48912|0.30785 =>  129.297447966
HOST|0.00033|-0.17580|-0.10211|-0.06222|-0.09079|-0.06757|0.07572 =>  1.68854163758
HOST|-0.00000|-0.20022|-0.05508|0.00336|0.19952|0.07680|0.48518 =>  147.971245661
SERVER|0.00005|-0.08434|-0.07858|0.00637|-0.15894|-0.23866|-0.26229 =>  -159.359454798
HOST|-0.00008|0.06964|-0.41374|-0.01323|-0.13975|-0.80934|-0.09545 =>  -85.5354573679
SERVER|-0.00002|-0.31454|0.00059|-0.14235|-0.46219|-0.11515|0.13734 =>  -218.499042429
SERVER|-0.00009|0.35141|-0.03109|0.04942|0.25908|-0.51393|-0.29753 =>  24.746818096
HOST|-0.00016|-0.50765|-0.25755|0.00934|0.25274|-0.04898|0.24233 =>  38.8860845085
HOST|-0.00014|-0.14508|0.04450|-0.14080|0.07834|-0.13294|0.34715 =>  36.6018267265
HOST|-0.00005|-0.36305|-0.07576|-0.04600|0.30724|-0.21053|-0.01815 =>  27.4921228218
SERVER|-0.00004|0.10326|0.05058|-0.08465|-0.07251|-0.33584|-0.23196 =>  -105.268613886
SERVER|-0.00021|-0.06981|-0.13873|0.02671|0.24714|0.93092|0.15105 =>  47.6115356612
SERVER|0.00012|0.14046|-0.35799|0.03039|-0.28390|-0.46544|0.64289 =>  56.4614971652
HOST|0.00005|-0.29347|-0.01813|0.02289|0.03546|0.37786|-0.53439 =>  -155.823408488
HOST|-0.00014|-0.67637|-0.01969|-0.04216|-0.18831|0.63916|-0.39502 =>  -287.839678257
SERVER|-0.00008|-0.06120|0.22392|0.10596|-0.16840|0.63060|-0.08299 =>  -117.926402029
SERVER|-0.00005|0.30310|-0.12960|0.07536|-0.18573|-0.22683|-0.10167 =>  -80.1089748205
SERVER|0.00006|0.49203|0.02402|0.14380|-0.01320|-0.32899|0.05059 =>  62.2135825342
HOST|-0.00004|0.39854|0.10146|0.12955|-0.18228|-0.70250|-0.31993 =>  -104.521507524
HOST|-0.00017|0.45730|0.16183|0.17845|-0.30081|0.53865|-0.10766 =>  -116.38095008
SERVER|0.00009|-0.30202|-0.14656|-0.01621|-0.07253|-0.34891|-0.33431 =>  -154.246143118
HOST|0.00019|-0.15055|-0.21295|-0.05963|-0.12590|-0.30111|-0.19779 =>  -92.0201342497
HOST|-0.00004|0.52092|0.03158|0.11586|-0.17895|-0.31201|-0.48970 =>  -121.530664241
SERVER|-0.00023|0.08102|-0.16975|-0.15149|-0.00041|0.42643|0.59394 =>  77.5708566215
SERVER|-0.00005|-0.41525|0.01831|-0.02570|-0.02329|-0.26960|0.29505 =>  -38.1852872673
HOST|0.00014|0.40375|0.04363|0.05725|0.05634|0.22093|-0.23065 =>  34.0357479944
HOST|0.00001|0.06293|-0.20310|-0.07265|-0.07588|-0.50948|0.22923 =>  19.5242344287
SERVER|-0.00003|0.13800|-0.08724|-0.09261|-0.14181|-0.13297|0.26885 =>  2.34969309297
HOST|0.00003|0.12338|-0.13589|0.10275|-0.23572|0.59305|-0.48024 =>  -184.90862092
SERVER|-0.00011|0.08297|0.01254|-0.03540|-0.19630|-0.68513|-0.01100 =>  -103.3187947
SERVER|0.00006|-0.36360|-0.12984|-0.03590|-0.24239|-0.16143|0.53092 =>  -27.1589441609
SERVER|-0.00009|0.26825|-0.04889|-0.03566|0.25700|0.00599|-0.09823 =>  65.3827787723
HOST|0.00007|0.20278|0.17797|-0.03081|-0.14119|0.09727|-0.49659 =>  -138.585630245
SERVER|0.00009|0.07971|0.24545|0.03441|0.30566|-0.47326|-0.21018 =>  60.0099648006
HOST|-0.00006|0.08026|-0.10976|0.07879|-0.25732|-0.40482|-0.31519 =>  -182.009784863
HOST|-0.00007|-0.00339|0.21367|-0.07874|0.46580|0.08016|0.35190 =>  221.565079444
SERVER|0.00010|-0.15272|0.35056|-0.10344|-0.17213|0.62121|0.70326 =>  75.6463125421
SERVER|-0.00014|0.03184|-0.02840|-0.10588|0.09437|0.25981|-0.19567 =>  -52.8854403715
HOST|-0.00006|-0.35316|0.31372|0.00653|-0.51239|-0.18657|-0.66354 =>  -402.455690007
HOST|0.00009|0.71308|0.17029|0.01780|-0.10116|-0.26437|1.11850 =>  316.337519435
HOST|0.00015|0.40105|-0.29456|0.02409|0.13350|-0.59947|-0.11603 =>  98.9163831146
SERVER|0.00006|-0.19183|-0.08648|-0.18998|0.10644|-0.32436|-0.04702 =>  -12.4349285021
SERVER|-0.00012|-0.45198|0.05377|0.05139|0.18896|0.57112|0.77425 =>  130.265223453
HOST|-0.00011|0.00995|0.08918|-0.03793|-0.05148|0.45274|0.72092 =>  114.908261413
SERVER|-0.00008|0.01118|0.23140|-0.03310|0.18583|0.13658|0.45482 =>  139.855439908
HOST|-0.00006|-0.58597|0.20122|-0.25727|-0.10827|-0.74300|1.02108 =>  81.250818416
HOST|0.00008|-0.61031|-0.02406|0.05625|-0.07876|0.17450|0.56520 =>  22.9532742868
HOST|-0.00003|0.13164|0.05807|0.08427|-0.26038|0.42885|-0.04472 =>  -105.435729853
SERVER|0.00016|0.04973|0.06058|-0.01856|-0.09635|-0.12504|0.36692 =>  60.5615611387
SERVER|0.00005|0.10546|-0.06931|-0.03876|0.05755|-0.03861|-0.32758 =>  -51.9951423938
SERVER|-0.00014|-0.54070|-0.00682|-0.05068|-0.31661|-0.26678|-0.45731 =>  -345.437599533
HOST|0.00025|0.07001|0.18758|-0.12140|0.21902|0.10921|0.32667 =>  195.971254716
SERVER|-0.00001|0.31285|0.20829|0.03075|-0.37359|-0.04037|0.04096 =>  -106.885356198
HOST|-0.00007|0.08292|-0.09443|-0.06485|0.03318|0.29105|-0.01604 =>  -12.3660607265
SERVER|0.00016|0.50500|-0.06933|0.03762|0.51981|0.21773|0.21218 =>  303.375532147
HOST|-0.00031|0.21443|0.15900|-0.10700|-0.19254|-0.09123|0.61566 =>  39.0894828213
HOST|-0.00021|-0.13560|0.13658|-0.09431|0.07504|0.20754|-0.47982 =>  -152.394531751
SERVER|-0.00014|0.33093|-0.12613|0.00752|-0.01516|0.06383|-0.30259 =>  -84.9668190524
HOST|-0.00012|0.46918|-0.19961|-0.01920|0.15676|0.33788|0.21783 =>  154.289651411
SERVER|-0.00013|-0.16862|0.12357|-0.06177|-0.00439|-0.50744|0.22765 =>  -31.5282967922
HOST|-0.00013|0.00232|0.07206|0.02391|0.42269|0.03563|1.59614 =>  479.413780827
HOST|-0.00002|-0.06885|0.12515|-0.05212|0.12173|0.09429|0.52316 =>  131.185133377
SERVER|-0.00000|0.06243|0.05470|0.04362|0.10077|-0.16858|-0.40175 =>  -80.3678110512
HOST|-0.00011|0.20995|-0.15132|0.05992|-0.52446|-0.09626|0.04461 =>  -175.906982352
SERVER|0.00004|-0.24669|0.04015|0.04602|0.28345|-0.52739|-0.09557 =>  28.020956654
HOST|0.00015|0.33540|0.33895|0.02504|-0.05581|-0.22462|-0.87304 =>  -170.04837608
SERVER|0.00007|-0.01436|0.03384|0.01773|-0.02553|-0.62539|-0.70799 =>  -186.329402141
HOST|0.00008|0.20595|0.22129|0.00071|0.06125|-0.15468|0.17780 =>  81.9210936879
SERVER|0.00012|0.00543|-0.19508|-0.01319|-0.11144|0.09287|0.54598 =>  48.1353284884
HOST|0.00022|0.50477|0.02810|0.10102|0.02341|-0.16097|-0.08881 =>  88.0811528691
SERVER|-0.00005|0.14754|-0.01969|0.05565|-0.07685|-0.19543|-0.35357 =>  -123.549527349
SERVER|-0.00019|0.26760|0.03604|-0.01291|0.35995|-0.13611|-0.09200 =>  90.4250669708
SERVER|-0.00002|-0.25603|0.19527|0.08479|0.03379|-0.30299|0.48816 =>  50.6665326168
HOST|0.00015|0.04197|-0.09934|0.18593|0.19484|-0.38557|-0.76276 =>  -74.5046839273
HOST|0.00009|0.05408|0.00329|0.00993|0.16958|-0.45219|-0.11093 =>  36.4916263217
HOST|0.00014|0.00603|0.11103|0.10197|-0.29357|0.29339|0.46953 =>  13.8787735565
HOST|-0.00007|-0.36770|0.05190|0.05311|-0.00949|0.31171|-0.88686 =>  -286.265692832
HOST|0.00014|0.52303|-0.03389|0.02083|-0.10980|0.36307|0.24349 =>  108.186223344
SERVER|0.00020|-0.05901|0.22723|-0.06635|-0.10345|-0.34547|0.25657 =>  28.5992578172
SERVER|-0.00007|0.27691|0.19351|-0.00111|0.11853|0.10682|0.22211 =>  104.679162184
SERVER|0.00001|0.36611|-0.01129|0.01242|0.05251|-0.05303|-0.31572 =>  -25.9762841071
SERVER|0.00001|-0.48817|0.17746|-0.04834|0.12547|-0.31417|-0.13946 =>  -85.3963823634
SERVER|0.00000|-0.05777|-0.05444|-0.12321|0.19686|-0.25414|0.73786 =>  190.585174712
SERVER|-0.00016|0.25902|0.04037|-0.02043|0.24556|0.38121|-0.06733 =>  65.8747913042
SERVER|0.00004|-0.41704|-0.23606|0.01342|-0.44591|0.55921|0.31966 =>  -161.265682897
SERVER|-0.00008|0.16126|0.04794|0.02691|-0.00491|0.42242|0.57841 =>  97.9993864628
HOST|-0.00008|0.41638|-0.25732|0.05140|-0.13231|0.17413|0.67428 =>  156.058097342
SERVER|-0.00003|-0.10637|0.16021|0.15217|-0.08142|0.16385|-0.56852 =>  -198.798303078
HOST|-0.00004|-0.11749|0.03386|-0.02527|0.20272|0.43275|0.62895 =>  196.128232663
HOST|-0.00009|-0.16301|0.20996|0.06012|0.02456|0.09253|-0.22561 =>  -107.792042209
HOST|-0.00016|0.76028|-0.23014|-0.02652|0.08390|0.31452|0.25690 =>  156.859334555
SERVER|-0.00012|-0.67127|0.26618|-0.00770|0.16766|0.30483|-0.12236 =>  -107.277302785
SERVER|-0.00003|0.47406|0.05048|-0.09485|0.36551|-0.05598|-0.20028 =>  122.176279735
SERVER|0.00002|-0.15188|-0.01217|-0.14518|0.01975|-0.59353|-0.38368 =>  -133.83470909
SERVER|-0.00038|0.31960|0.14606|-0.00560|-0.12146|0.31079|1.02415 =>  158.299649923
SERVER|-0.00012|-0.19740|0.10645|0.12641|-0.11401|-0.12422|-0.65554 =>  -259.033291019
HOST|0.00014|0.28994|0.34060|0.07164|-0.27209|0.29643|-0.02325 =>  -53.0278604952
HOST|0.00011|-0.30079|0.14901|0.24389|0.44972|-0.14765|-0.12933 =>  100.985121932
HOST|0.00007|-0.08487|-0.33239|-0.00105|0.09692|0.27245|0.10451 =>  45.6116768272
HOST|-0.00009|0.34693|-0.09172|0.06972|-0.02104|-0.07056|0.25611 =>  78.6196988303
HOST|-0.00008|-0.26822|-0.10973|-0.05378|0.26207|-0.10128|-0.28723 =>  -38.347965373
SERVER|-0.00004|-0.04839|0.02822|0.04230|0.03714|0.38428|0.91551 =>  177.707683547
SERVER|0.00004|0.13972|-0.12864|0.17433|-0.36805|0.16638|-0.07085 =>  -158.85610552
SERVER|-0.00015|0.46219|-0.11833|0.12841|-0.21564|0.08927|0.78934 =>  116.519696478
HOST|0.00012|-0.12816|-0.01323|0.00609|-0.17113|-0.03188|0.42218 =>  19.4693061471
SERVER|0.00016|0.42945|0.33439|-0.01267|0.17710|0.01122|0.97248 =>  345.102027613
SERVER|-0.00001|-0.26834|0.08196|0.02463|-0.24646|-0.06843|-0.34541 =>  -241.012746554
HOST|0.00003|0.29886|-0.04699|-0.06274|-0.14586|0.08604|0.22509 =>  28.7436868614
HOST|0.00007|0.05424|0.19710|-0.05602|-0.06585|0.73560|0.27373 =>  43.0322635665
HOST|0.00010|-0.21964|0.10599|-0.13828|-0.04858|-0.12598|-0.01637 =>  -30.2112081183
SERVER|0.00004|-0.89027|0.02957|-0.03751|0.00063|0.20807|0.49546 =>  -21.6106754702
HOST|-0.00010|0.58669|0.06883|0.00512|0.08459|-0.45610|0.11725 =>  105.737946372
HOST|-0.00001|-0.37871|-0.02601|0.05732|-0.23093|-0.04433|-0.14781 =>  -195.267737745
HOST|0.00005|0.10686|0.10723|0.08341|0.20118|-0.05615|-0.10053 =>  63.981796646
SERVER|0.00006|0.19986|0.04433|0.02422|0.41298|-0.07737|0.12919 =>  179.036438101
HOST|-0.00007|0.40657|-0.02985|0.03534|0.40078|-0.20169|-0.29965 =>  117.279324794
SERVER|0.00018|0.12003|0.16584|0.00406|0.11586|0.07038|-0.43623 =>  -54.9098581324
HOST|0.00008|-0.98884|0.11460|0.03393|-0.02473|0.31176|0.17510 =>  -108.392620518
SERVER|-0.00012|-0.28411|-0.03562|0.10262|0.15433|-0.11322|0.52063 =>  93.0004911374
SERVER|0.00020|0.21596|0.00942|0.00292|-0.30648|-0.01841|-0.66343 =>  -219.950485805
SERVER|0.00001|0.34802|-0.18488|0.08547|-0.35530|0.20076|-0.11728 =>  -138.307541007
SERVER|0.00002|-0.17174|-0.22568|-0.08935|0.12278|0.44119|0.16208 =>  26.7565657261
HOST|0.00001|0.31315|0.07848|0.01405|0.25486|0.30499|-0.25236 =>  69.2981674535
HOST|-0.00009|0.17025|-0.26109|0.10519|0.03523|0.19512|0.03418 =>  23.0754907987
SERVER|-0.00015|-0.60196|-0.04004|-0.00839|0.09997|0.47735|0.01893 =>  -80.4736282146
HOST|-0.00003|-0.45149|-0.02840|0.05342|-0.36428|-0.39088|0.49718 =>  -107.706002003
SERVER|0.00007|0.27694|-0.02968|0.02863|0.19051|-0.22803|-0.35660 =>  16.8923194076
SERVER|-0.00007|-0.69109|-0.12607|-0.07178|-0.40168|-0.24509|0.12574 =>  -251.300152787
SERVER|-0.00011|0.17657|0.16667|0.06632|-0.28264|-0.12521|0.39897 =>  -43.6140888
SERVER|-0.00003|0.01227|-0.10162|-0.04957|-0.10840|-0.46264|0.52331 =>  45.5462071862
HOST|0.00014|0.38003|-0.04805|0.04843|0.34305|-0.27093|-0.09850 =>  168.620920532
HOST|-0.00005|0.18682|0.22854|0.07249|0.02224|0.16232|0.95064 =>  234.103902618
SERVER|0.00001|-0.33268|0.03761|-0.07437|0.32777|-0.30918|0.03412 =>  54.8218919291
SERVER|-0.00015|-0.43159|0.18200|-0.10044|0.13302|0.18081|-0.64389 =>  -209.024103528
HOST|-0.00001|-0.19293|0.25394|-0.13347|0.00867|-0.04688|-0.17417 =>  -67.2282003612
SERVER|-0.00009|-0.24737|-0.16114|0.02463|-0.08234|0.10174|0.51074 =>  10.7272692897
HOST|-0.00002|0.19227|0.14341|-0.16097|0.27799|0.28678|-0.18895 =>  79.8982369751
HOST|-0.00012|0.29816|0.19435|0.03123|-0.01903|0.49015|0.16618 =>  58.8225665384
HOST|0.00023|0.07259|-0.23647|-0.01827|-0.27645|0.42804|0.36042 =>  21.0314015127
HOST|-0.00005|0.06836|0.08985|-0.08317|-0.08278|-0.06528|-0.28636 =>  -112.119918991
HOST|0.00001|0.15142|-0.05863|-0.00501|0.25035|-0.18762|0.63258 =>  241.386402092
SERVER|0.00002|0.13061|-0.23284|-0.09502|0.21162|0.06172|-0.45327 =>  -27.6813591161
HOST|-0.00003|-0.13304|0.12911|-0.09310|0.16674|-0.19415|-0.48603 =>  -93.0549181779
SERVER|0.00001|-0.29927|0.22007|0.06296|-0.01954|-0.51951|0.58954 =>  56.5680321717
HOST|0.00011|-0.10795|0.13499|-0.03548|-0.28404|0.02634|-0.66493 =>  -256.666986263
SERVER|-0.00009|0.29021|-0.06882|-0.19893|0.17893|-0.03131|0.55734 =>  181.562104462
SERVER|0.00008|0.22335|-0.02237|0.01054|-0.01937|0.09511|-0.91342 =>  -200.005458325
SERVER|0.00010|-0.20985|0.01278|-0.02499|0.00028|0.44768|0.11519 =>  -18.2871518395
HOST|-0.00003|0.25736|-0.05865|-0.06594|0.38601|0.21648|-0.10424 =>  130.454271966
SERVER|-0.00001|-0.06293|-0.09304|-0.01299|0.10888|-0.53089|-0.24650 =>  -65.9619731232
SERVER|0.00011|-0.11414|0.10368|-0.06711|0.21430|0.57152|0.39669 =>  145.485176872
SERVER|-0.00008|-0.30826|0.01731|-0.13235|0.10438|0.50348|1.08691 =>  196.141176585
SERVER|-0.00001|0.18896|-0.14462|0.08378|0.10040|0.07233|-0.43716 =>  -77.5801180496
HOST|-0.00008|0.07337|-0.22572|-0.13045|0.13894|0.18547|-0.25798 =>  -27.1907098702
SERVER|0.00009|0.33423|-0.19449|-0.15202|-0.23295|0.48921|-0.21716 =>  -96.9184299515
HOST|-0.00006|0.18264|-0.12087|0.09431|-0.08793|0.70852|-0.43881 =>  -121.94157682
HOST|0.00001|-0.18951|-0.06430|0.01642|0.16572|-0.31312|0.03865 =>  28.8423593537
HOST|0.00004|-0.10892|-0.26099|-0.06301|0.23400|0.04141|0.67178 =>  211.639520606
SERVER|-0.00015|0.05151|0.01603|0.10411|0.00233|-0.31796|-0.06353 =>  -56.3727585868
HOST|0.00021|0.01423|-0.27617|0.16925|0.29670|-0.99089|-0.06170 =>  130.258982044
HOST|0.00001|0.57029|0.19471|-0.09514|-0.27806|-0.05772|-0.45226 =>  -128.685424896
SERVER|0.00000|-0.07848|-0.27881|0.00157|-0.20669|0.70061|-0.10519 =>  -133.843729129
HOST|-0.00011|-0.08372|0.17261|0.05516|0.09527|0.12543|-0.33018 =>  -95.5056035947
HOST|0.00019|-0.17350|-0.02153|0.02051|0.18981|-0.34939|0.05061 =>  71.2294582567
SERVER|0.00014|-0.09444|0.02997|0.02138|-0.23705|0.02024|0.16115 =>  -62.4153591676
HOST|-0.00008|0.14402|-0.16146|-0.23174|0.05582|-0.03017|-0.01336 =>  10.762223893
HOST|0.00006|-0.04879|0.10970|0.15448|0.24248|-0.27599|0.64360 =>  231.870609149
HOST|0.00002|-0.36738|-0.02562|-0.12148|-0.32598|0.10788|-0.00272 =>  -173.764687034
HOST|0.00005|0.32400|-0.09048|0.05582|-0.18659|-0.25502|-0.26033 =>  -76.5542053696
SERVER|-0.00020|0.06834|-0.19877|0.09684|-0.01485|-0.14799|-0.01945 =>  -59.0935200318
HOST|0.00004|-0.05281|-0.14550|-0.09407|-0.05021|-0.06791|-0.47256 =>  -132.809601713
HOST|-0.00014|0.09238|-0.20777|-0.21547|-0.22406|0.01319|-0.23772 =>  -148.753721005
HOST|-0.00001|0.17838|-0.10222|0.09626|0.18533|0.10143|0.17348 =>  114.772124085
SERVER|0.00004|-0.35589|0.06306|0.02966|0.00401|-0.13468|0.02812 =>  -63.1255751287
HOST|-0.00001|-0.14608|-0.00712|-0.09658|0.31545|0.35095|0.01912 =>  85.8541957508
HOST|-0.00005|0.29830|0.26994|0.11949|0.17280|-0.68907|-0.27125 =>  15.9316751769
SERVER|0.00010|-0.02243|-0.03755|-0.06792|-0.01763|-0.49725|-1.17741 =>  -277.927114345
HOST|-0.00009|-0.15686|-0.34190|0.02101|-0.07237|0.11845|0.74944 =>  116.983394091
SERVER|0.00008|0.05963|0.25121|-0.25454|-0.25630|-0.11864|-0.58717 =>  -238.873718994
HOST|-0.00011|-0.25100|-0.09942|-0.13508|-0.35109|0.00440|0.78230 =>  -3.02070835064
HOST|0.00009|-0.07404|-0.11034|-0.00337|0.00503|0.08005|-0.15282 =>  -48.8758018938
SERVER|0.00000|0.01037|-0.20277|0.09024|0.00688|0.48086|-0.07415 =>  -53.9967488258
HOST|0.00002|0.46412|-0.07422|0.04462|0.07069|-0.16061|0.87659 =>  285.199210614
SERVER|-0.00002|-0.45661|-0.05170|0.15479|0.24332|0.33327|-0.09110 =>  -31.3657595555
SERVER|0.00004|-0.05443|0.07361|0.00046|-0.06769|0.09796|0.05105 =>  -36.5577239498
HOST|0.00038|-0.42837|-0.18001|-0.09379|0.12975|0.12312|0.15314 =>  72.5205892979
HOST|-0.00014|-0.16581|-0.23832|-0.07361|-0.15748|0.06175|-0.13389 =>  -140.342102044
HOST|-0.00002|-0.40876|-0.20839|-0.04360|0.31800|0.01703|0.29745 =>  105.677591007
SERVER|0.00008|0.07735|0.24152|0.03418|0.29572|0.86965|0.13003 =>  112.477313329
SERVER|-0.00033|-0.34682|-0.20508|-0.03896|0.22578|0.43339|-0.26724 =>  -112.573226686
SERVER|0.00008|0.03749|0.11975|-0.16834|0.29753|-0.22943|-0.49028 =>  -6.21125316273
SERVER|0.00002|-0.20831|0.28697|0.02566|0.28715|-0.66276|0.32768 =>  128.34034464
SERVER|-0.00017|0.21444|0.00373|0.01182|0.23576|0.03803|-0.24278 =>  -14.1061606752
SERVER|0.00000|0.21337|0.06710|0.06429|0.14265|-0.05899|-0.42801 =>  -39.2085767179
HOST|-0.00010|-0.55398|0.18191|0.15102|-0.11171|-0.25556|0.28515 =>  -86.5183987732
HOST|-0.00021|-0.23787|0.07225|-0.01581|-0.19902|-0.33903|-0.88079 =>  -351.034791839
SERVER|-0.00010|0.11304|0.22177|0.23568|-0.08064|0.32018|0.37111 =>  23.7342186111
HOST|0.00011|0.23591|-0.06068|0.16333|-0.26815|-0.09122|0.07343 =>  -40.6355685285
SERVER|0.00003|0.32569|0.14736|-0.11221|-0.31508|0.22901|0.55274 =>  28.231956079
HOST|-0.00006|0.04886|0.26827|0.00990|0.09403|0.23390|-0.45238 =>  -94.4062587736
SERVER|-0.00004|-0.66923|0.08909|-0.09271|-0.15220|0.44096|0.06852 =>  -186.850567772
SERVER|0.00016|0.00794|-0.25246|-0.04259|0.21933|0.00328|-0.11878 =>  54.9647059966
HOST|0.00006|-0.31718|0.13568|0.07276|0.14515|0.17848|0.57068 =>  123.16119953
HOST|0.00010|0.46381|0.25557|0.00500|0.18335|-0.02185|-0.01351 =>  139.061758875
HOST|-0.00010|0.12208|-0.18606|-0.03338|-0.10696|-0.26463|-0.01858 =>  -48.3686631084
HOST|-0.00004|-0.13664|-0.11169|-0.14808|0.09442|0.13169|-0.13032 =>  -32.4637817318
SERVER|0.00002|0.20359|-0.10494|0.11250|0.27736|-0.57218|0.58432 =>  236.026881931
HOST|0.00021|-0.01237|-0.17751|-0.03891|0.01867|0.13911|-0.49559 =>  -85.6823761432
HOST|0.00003|0.43532|0.10031|0.01304|-0.08990|-0.09022|0.73052 =>  207.083130404
HOST|-0.00023|-0.01713|0.01187|-0.05844|0.09306|-0.07660|0.40378 =>  67.0417472598
SERVER|0.00002|-0.19632|0.19857|0.15562|0.09565|-0.36898|0.38728 =>  66.4192341853
SERVER|0.00004|0.19400|0.13516|0.14093|0.28470|0.66589|-0.10331 =>  87.3472521466
SERVER|0.00003|-0.10453|-0.17205|0.04472|0.12922|0.56224|-0.17798 =>  -35.4416776768
HOST|-0.00016|0.17355|0.06196|-0.03413|-0.00554|-0.06014|-0.45249 =>  -106.201065919
SERVER|0.00002|0.38524|-0.00907|-0.03461|-0.07070|-0.84895|0.12785 =>  33.5314987125
HOST|-0.00004|-0.15182|-0.09483|0.03272|0.01379|-0.30659|-0.56914 =>  -168.085680886
HOST|-0.00008|-0.03121|-0.15612|-0.09650|-0.14496|0.10319|0.35456 =>  8.77569900057
HOST|0.00020|0.10998|-0.48448|0.07357|-0.27596|0.45460|0.55176 =>  61.2313718893
HOST|-0.00004|0.34222|0.03942|0.06365|0.07816|-0.10382|0.05442 =>  76.938764079
HOST|0.00005|0.38108|-0.16609|0.01189|-0.16572|-0.14335|-0.75092 =>  -180.506396863
HOST|0.00014|0.25425|-0.12289|0.20461|0.05061|-0.19075|-0.27082 =>  -1.93165676865
HOST|0.00014|-0.40067|-0.11090|0.15619|-0.02744|-0.26105|0.19755 =>  -5.82102902156
SERVER|0.00002|0.41145|-0.10662|0.12100|0.17321|-0.31366|-0.06246 =>  81.0246680161
SERVER|0.00026|-0.40241|0.20346|0.11073|-0.00101|0.16116|-0.19931 =>  -87.8098905046
SERVER|-0.00008|-0.29782|-0.11324|-0.02361|0.15517|-0.13737|0.10585 =>  -0.924929757473
SERVER|-0.00014|0.10249|-0.01477|0.08358|-0.00488|0.09717|0.33187 =>  28.3129204371
HOST|-0.00013|-0.21388|0.15160|0.05108|-0.22750|-0.11369|0.38121 =>  -54.4015210471
HOST|0.00003|-0.03330|-0.17727|-0.03012|0.40255|0.24807|-0.11894 =>  111.521983326
SERVER|0.00016|-0.04933|0.10253|0.05417|0.18264|-0.04728|-0.25936 =>  -0.856131007595
HOST|-0.00004|-0.00233|-0.27376|0.19343|0.29218|-0.56352|-0.52135 =>  -38.4481309543
HOST|-0.00005|0.43716|0.26828|0.05066|0.06475|-0.20583|-0.39296 =>  -16.6508062693
HOST|0.00004|-0.36989|0.11666|0.03962|-0.01804|-0.18009|-0.35891 =>  -146.060962093
HOST|-0.00009|-0.10126|0.05285|0.02177|0.36570|0.14915|0.12590 =>  118.017072273
HOST|0.00003|-0.32375|0.06133|-0.07571|0.22344|0.57573|0.42950 =>  118.180031216
HOST|-0.00025|-0.34588|0.08665|-0.17028|0.27241|-0.39299|-0.35858 =>  -88.3741601423
SERVER|0.00017|0.35341|-0.00992|-0.06358|-0.20271|-0.26700|0.15685 =>  3.77336782615
SERVER|0.00008|-0.26004|-0.10314|0.00987|-0.11448|-0.14867|0.31925 =>  -16.9248072957
HOST|0.00015|0.18996|-0.15532|-0.02991|0.15654|-0.54963|-0.31966 =>  34.7127984125
SERVER|-0.00016|0.13854|0.25596|0.10727|0.26344|-0.03826|0.60515 =>  192.793789417
SERVER|-0.00020|-0.00410|0.04806|0.08137|-0.00433|0.19465|0.19257 =>  -30.6409534417
HOST|0.00003|-0.29045|0.09695|0.10069|-0.00931|0.00307|0.13329 =>  -12.8189476752
HOST|-0.00011|-0.19681|0.12054|-0.07678|-0.14949|-0.54361|-0.02187 =>  -122.185567734
HOST|0.00010|0.05447|0.20331|0.01155|-0.05622|-0.26672|-0.23946 =>  -68.5356716818
HOST|-0.00013|-0.09195|0.15322|0.06052|-0.23168|0.31001|0.35658 =>  -46.2083875233
HOST|-0.00011|0.20194|-0.10660|0.03152|-0.04945|-0.25416|-0.18114 =>  -54.3885619256
SERVER|-0.00025|0.11660|0.08154|0.06790|0.03175|-0.34881|-0.20885 =>  -93.4753198219
SERVER|0.00001|-0.01988|-0.03850|0.09628|0.21859|0.44783|0.27890 =>  114.790193406
SERVER|0.00001|-0.15228|0.24902|0.02225|-0.29059|-0.53312|0.34195 =>  -77.510310647
HOST|0.00011|0.40431|0.19099|0.04596|-0.02089|-0.44484|-0.49023 =>  -44.2736322918
HOST|0.00000|-0.15188|0.12493|-0.12656|-0.33900|0.35099|0.20190 =>  -106.924505329
HOST|-0.00017|-0.40989|-0.03833|-0.02144|-0.11983|0.08676|-0.02067 =>  -138.231598819
SERVER|0.00020|-0.47271|-0.14212|0.06790|0.11205|0.05226|-0.16692 =>  -55.6986818672
HOST|-0.00005|0.39834|-0.37510|0.08063|0.38096|-0.06094|-0.01105 =>  166.257867756
SERVER|0.00013|-0.67744|-0.05655|-0.10004|-0.15982|-0.61865|-0.28475 =>  -220.885118755
HOST|-0.00008|0.03467|-0.04869|0.09399|-0.16336|0.45302|-0.46551 =>  -182.019097774
SERVER|-0.00000|-0.40986|0.03970|0.03365|-0.07584|-0.21031|0.60663 =>  24.9899478784
SERVER|-0.00012|0.14680|-0.08997|0.08923|-0.05697|-0.52815|-0.18657 =>  -91.7813640208
SERVER|0.00008|-0.13814|-0.24894|-0.05845|0.06525|-0.21291|0.20748 =>  36.9840254426
HOST|0.00013|-0.08571|0.00067|-0.08642|0.24709|-0.37740|-0.27637 =>  17.2351275591
SERVER|0.00018|0.08470|-0.19570|-0.01481|0.09630|0.28500|-0.03934 =>  42.7139367534
HOST|0.00002|-0.16281|0.10450|0.08888|-0.23381|-0.08794|-0.06972 =>  -133.920795218
SERVER|-0.00006|0.13845|-0.05726|-0.01417|-0.33975|-0.48734|0.45584 =>  -37.2335790461
SERVER|-0.00002|-0.02336|-0.07574|0.07134|0.03771|-0.58915|0.77362 =>  163.616421477
HOST|-0.00013|-0.32513|0.26147|-0.11544|-0.15587|0.50324|0.47727 =>  -22.1339327637
HOST|-0.00012|-0.08819|0.12340|0.24637|-0.02373|-0.29944|-0.18821 =>  -92.3344874289
HOST|-0.00025|0.08852|-0.07099|0.05415|-0.00797|0.23957|0.80174 =>  136.859313748
HOST|0.00011|-0.47066|0.01499|0.11738|0.01760|0.29434|-0.00256 =>  -59.5104454731
SERVER|0.00001|0.12728|-0.12424|-0.10917|-0.01831|-0.12907|-0.14372 =>  -51.8468953741
SERVER|-0.00026|0.11327|0.02548|0.00286|-0.04097|-0.02379|-1.01461 =>  -296.309815171
SERVER|0.00002|0.20876|0.13384|-0.05779|-0.06532|-0.02672|-0.34582 =>  -89.5764206741
SERVER|0.00014|-0.42875|-0.08718|0.03938|0.30594|0.53139|-0.15344 =>  15.8964934553
HOST|0.00010|-0.19056|0.16679|0.06095|-0.07949|-0.27196|-0.01135 =>  -53.6554620316
HOST|-0.00005|0.40421|-0.13737|-0.02850|-0.21250|0.09494|0.14469 =>  -5.6154211208
HOST|-0.00016|0.40292|0.15592|0.11949|-0.16658|0.52037|-0.38285 =>  -123.883810589
SERVER|-0.00018|0.47502|0.04815|-0.13573|0.31236|-0.38643|0.30062 =>  206.050587349
HOST|0.00015|0.11939|-0.07214|-0.10124|0.17323|-0.22944|-0.18695 =>  45.8664822176
HOST|0.00016|-0.32712|0.08775|0.04000|0.06472|-0.01107|0.31752 =>  65.7054250732
HOST|-0.00013|0.38345|0.16513|0.15686|0.17881|0.04848|-0.04225 =>  67.3359552668
SERVER|0.00003|-0.39529|0.04181|0.06933|-0.04778|0.08859|0.36400 =>  -9.69970983819
HOST|0.00001|-0.42340|0.09866|0.01036|0.13487|0.92486|-0.06933 =>  -49.5619385617
HOST|0.00005|0.01316|0.09607|-0.01526|0.09233|0.26819|-0.16709 =>  3.17750278848
SERVER|0.00006|0.10774|-0.15627|0.03564|-0.16739|-0.19428|-0.15769 =>  -95.7200041771
SERVER|0.00008|-0.62831|0.12901|0.05463|0.01493|-0.30263|-0.42616 =>  -208.484169209
HOST|0.00006|0.18399|-0.06634|-0.09472|-0.13890|0.24988|-0.33115 =>  -110.320197775
SERVER|0.00002|-0.00523|0.22989|0.04248|-0.30402|0.25357|0.80682 =>  46.2372649493
HOST|-0.00003|-0.54296|0.00545|-0.00178|0.07450|-0.40581|-0.23770 =>  -128.869380689
SERVER|-0.00027|-0.40930|0.13088|-0.13695|-0.46728|0.18071|-0.13796 =>  -323.833906216
SERVER|0.00017|-0.20629|0.07506|-0.07868|-0.06003|-0.45077|0.30223 =>  32.3849405884
HOST|-0.00020|0.04809|0.03399|-0.00339|-0.03939|0.00938|-0.07913 =>  -82.2524064151
HOST|0.00004|0.04814|-0.05725|0.02610|-0.11204|0.05820|-0.40692 =>  -132.901608552
HOST|-0.00007|0.21654|-0.11056|-0.09783|-0.20423|0.01420|0.08608 =>  -38.4008855107
SERVER|0.00007|-0.17145|-0.03281|0.06313|0.10038|0.07694|-0.40660 =>  -90.1278118211
SERVER|-0.00024|-0.40239|0.13046|-0.01170|0.10140|-0.19944|-0.94540 =>  -303.480900855
HOST|-0.00011|-0.22235|-0.15193|0.02359|0.10686|-0.16416|-0.63490 =>  -172.24427783
HOST|-0.00014|0.10562|0.00137|0.02394|0.12156|0.09063|-0.39369 =>  -66.207533968
SERVER|0.00013|0.21872|0.10044|0.11567|0.02994|-0.24417|-0.17617 =>  -7.02048932131
SERVER|-0.00000|0.40158|0.01658|-0.01134|-0.14659|0.61655|-0.41736 =>  -114.036385456
SERVER|-0.00001|0.02365|0.23521|-0.08367|0.00182|-0.21994|0.04663 =>  -6.72979077151
HOST|0.00013|0.58682|-0.00236|0.06490|0.07150|0.32728|-0.22702 =>  72.3118160752
SERVER|-0.00015|0.32845|-0.24325|0.03182|-0.29539|0.53452|0.28637 =>  -50.3103608875
SERVER|0.00011|0.28163|-0.00278|0.13197|0.43304|0.53256|0.34196 =>  258.643243078
SERVER|0.00006|-0.17421|0.06571|-0.08955|0.00307|-0.25682|-0.39817 =>  -126.083242629
SERVER|-0.00028|-0.27615|-0.03502|-0.05372|0.08512|0.05980|-0.15794 =>  -117.55455682
HOST|0.00005|0.20012|0.01803|0.04511|-0.09431|0.42478|0.16510 =>  47.9060153391
SERVER|0.00023|0.30128|-0.26671|0.03791|-0.02935|-0.26163|0.08398 =>  58.0485309122
SERVER|-0.00005|-0.29072|-0.00585|-0.02462|0.10766|-0.00404|0.02021 =>  -35.8642536985
HOST|0.00016|-0.08535|-0.16114|-0.04926|-0.34001|-0.14909|-0.03622 =>  -128.402840784
HOST|0.00008|-0.33963|-0.01032|-0.05379|0.12647|-0.07034|-0.18402 =>  -57.3374701741
SERVER|0.00010|-0.05383|0.19550|-0.11136|-0.01536|0.62570|0.17356 =>  12.9536033287
SERVER|-0.00018|0.52754|0.07902|-0.02428|-0.34602|-0.26850|0.10702 =>  -96.3568406735
SERVER|-0.00021|-0.26450|0.36846|0.00102|-0.17383|0.31887|-0.33476 =>  -242.763108051
SERVER|0.00013|-0.16125|-0.24880|-0.17088|0.22703|-0.52923|-0.33975 =>  -12.2614415373
HOST|-0.00017|-0.07338|0.03121|-0.13503|0.01847|0.07662|0.39323 =>  31.7466696907
SERVER|-0.00002|-0.34247|-0.07817|0.01416|0.17764|0.19708|-0.21543 =>  -66.5781397376
SERVER|0.00002|0.35619|-0.10390|0.00690|0.07950|0.28388|-0.30798 =>  -6.93384549784
HOST|0.00005|-0.03817|-0.20729|0.08478|-0.04277|0.09017|0.46324 =>  82.4296240034
SERVER|0.00024|-0.09804|-0.06184|-0.02113|0.34946|-0.42294|-0.60340 =>  -24.7163507224
SERVER|0.00006|0.12437|0.08557|-0.01590|-0.24170|0.76267|0.34798 =>  -18.038802404
SERVER|-0.00011|-0.53060|-0.04553|-0.15058|0.07343|-0.20614|-0.37743 =>  -194.699281806
SERVER|-0.00007|0.30361|-0.03411|-0.06572|-0.17553|0.24016|-0.22727 =>  -119.100099869
SERVER|0.00010|-0.15293|-0.16747|0.01892|0.08548|0.15481|0.43894 =>  93.629913428
SERVER|0.00010|-0.36089|0.10738|0.19924|-0.08014|0.13654|-0.33924 =>  -166.665078206
SERVER|-0.00004|-0.46519|-0.20144|-0.11310|0.00555|-1.22292|-0.02780 =>  -94.0129981914
SERVER|-0.00002|0.54936|-0.05092|0.01960|0.22525|-0.19484|-0.46859 =>  23.1524572234
HOST|-0.00012|-0.38764|0.05174|-0.12122|-0.12982|0.27079|0.18116 =>  -84.0635127435
HOST|0.00017|-0.27458|0.02636|0.11556|-0.05114|-0.25383|-0.11575 =>  -58.625476684
HOST|0.00002|-0.40581|-0.31076|0.05644|0.16049|-0.25724|-0.05373 =>  -16.78501191
SERVER|-0.00006|-0.54543|-0.11220|0.04178|-0.26606|-0.17473|-0.53818 =>  -334.118005295
HOST|0.00015|-0.18476|0.01424|0.04231|0.14642|-0.45583|0.22778 =>  80.8218004133
SERVER|-0.00005|-0.24960|0.04247|-0.02675|-0.20357|-0.45178|-0.37995 =>  -229.29039131
HOST|0.00001|0.31236|0.07149|0.00714|0.03787|0.04785|-0.20732 =>  -0.985206759091
HOST|0.00012|0.24325|0.31832|-0.04343|0.38695|-0.06073|0.28499 =>  252.696451663
HOST|0.00010|0.38734|-0.03006|-0.13514|0.00053|-0.25221|0.11767 =>  91.371366042
HOST|-0.00012|0.08301|-0.13923|-0.05366|0.13299|-0.25192|0.04210 =>  50.0789069303
HOST|0.00012|0.23352|0.03988|0.04208|0.13986|0.71587|-0.17253 =>  46.239375318
SERVER|0.00014|-0.10204|-0.14603|-0.15597|0.02205|0.50051|0.63873 =>  124.466839946
SERVER|0.00003|0.05099|-0.18060|-0.07810|0.14535|-0.09011|0.02417 =>  28.1037896004
SERVER|-0.00006|0.32600|-0.16630|-0.13748|0.08837|0.29895|-0.22456 =>  -19.8486461699
HOST|0.00005|-0.29919|-0.13585|-0.03438|-0.05769|-0.49871|-0.18399 =>  -109.912997527
HOST|0.00008|-0.10395|-0.15254|-0.04583|-0.10570|-0.01667|-0.51768 =>  -177.038695855
HOST|-0.00006|0.39230|0.02480|0.04382|0.05280|0.03665|0.49681 =>  185.416035834
HOST|0.00014|-0.22582|-0.05643|0.03660|-0.00827|-0.38412|0.34352 =>  60.2167570748
SERVER|-0.00021|-0.18798|0.05593|0.06194|0.21354|-0.09816|-0.64394 =>  -140.563897772
HOST|0.00001|-0.03765|-0.19994|-0.01187|0.04676|0.06577|0.09459 =>  26.8169604143
HOST|-0.00002|0.20609|0.06419|-0.10836|0.04028|-0.03731|0.39054 =>  110.911991866
HOST|0.00009|-0.16457|0.29656|0.12517|-0.16347|-0.47061|0.08011 =>  -48.9723319236
HOST|-0.00005|-0.31271|-0.00685|0.03674|0.01785|0.43827|-0.28005 =>  -129.829513242
SERVER|0.00011|-0.50471|0.21944|-0.02958|-0.01433|0.11087|0.15161 =>  -54.5553947525
SERVER|0.00009|0.47397|-0.17861|0.03135|-0.10430|0.09522|-0.13506 =>  -8.59458156745
HOST|-0.00019|-0.12899|-0.30653|-0.20098|0.01680|-0.22971|-0.37292 =>  -150.246220763
HOST|0.00003|0.44251|0.08326|0.16824|-0.04317|-0.06190|-0.08409 =>  20.6335308492
SERVER|-0.00008|-0.23126|-0.01176|-0.09952|-0.25909|0.42620|-0.28063 =>  -232.461799744
HOST|-0.00005|0.52130|-0.20713|-0.09312|0.11292|0.35923|0.55864 =>  220.620413016
HOST|0.00006|0.40858|0.01245|0.09610|0.00543|-0.12407|0.33618 =>  146.017194688
HOST|0.00007|-0.44492|0.07524|-0.17842|0.26773|-0.04978|0.31494 =>  102.920426687
SERVER|0.00006|0.21109|0.09799|-0.19401|0.12196|0.13585|0.73496 =>  214.83915539
SERVER|-0.00013|0.28906|-0.04089|-0.08128|0.47003|0.08847|0.29580 =>  229.974398224
HOST|0.00006|-0.09308|-0.12503|-0.01402|0.08458|-0.14177|-0.41791 =>  -74.7725940894
SERVER|-0.00008|0.07635|0.13602|-0.06836|0.12398|-0.29857|0.20307 =>  57.1257792222
HOST|-0.00025|-0.00528|0.18020|-0.07354|0.05846|-0.48091|0.15068 =>  -11.6022809709
HOST|0.00017|0.88130|0.00786|-0.08562|-0.23553|-0.33029|0.37792 =>  160.491933529
SERVER|0.00002|-0.25825|0.08337|-0.03984|-0.12185|0.15633|-0.09548 =>  -135.80298258
SERVER|0.00014|0.25372|-0.06626|-0.07856|-0.10277|-0.26256|-0.56474 =>  -153.825566803
SERVER|0.00012|0.02433|0.13032|0.03465|-0.09271|0.14831|-0.30243 =>  -100.286887542
SERVER|0.00006|-0.09662|0.15703|-0.13391|0.07690|-0.44772|0.20651 =>  42.7420784682
HOST|-0.00009|0.09310|0.15737|-0.04229|0.01622|0.12416|-0.10495 =>  -30.9884015783
HOST|-0.00010|-0.03608|0.00623|-0.01766|0.25206|0.11929|0.34958 =>  147.691247716
HOST|0.00017|-0.10368|0.14302|-0.24907|0.07717|0.57805|0.06319 =>  57.4818354488
SERVER|-0.00004|0.05831|-0.00857|-0.06330|-0.18179|0.11102|0.28585 =>  -17.5748354065
HOST|0.00023|0.20723|0.02298|0.08527|-0.31804|-0.19885|-0.61142 =>  -202.567578488
SERVER|0.00005|0.12204|-0.04205|-0.01628|0.30594|0.26497|0.54365 =>  230.98775009
SERVER|0.00005|-0.07589|-0.20331|-0.10467|-0.07799|0.05763|0.26742 =>  -8.86768869281
HOST|-0.00013|-0.09600|0.00417|-0.04083|0.14937|-0.36410|-0.30235 =>  -65.0261459148
HOST|-0.00017|-0.15073|0.07946|0.02434|-0.09086|-0.77175|0.07296 =>  -74.7706761778
SERVER|-0.00006|0.27258|-0.05098|-0.02504|0.05373|0.33237|-0.00821 =>  18.1302158449
HOST|-0.00010|0.03996|-0.07583|-0.14153|-0.09376|0.24559|0.41452 =>  36.1821917838
HOST|-0.00011|-0.14208|-0.09691|-0.13542|0.31672|0.08990|0.15875 =>  109.558397774
HOST|0.00014|-0.45939|0.01058|-0.08570|0.10356|-0.26581|-0.10592 =>  -43.1114192958
SERVER|0.00013|0.12068|-0.02162|0.06193|-0.04396|0.58264|-0.27903 =>  -66.0216452021
HOST|-0.00001|0.06775|-0.20225|-0.09114|0.16877|0.38132|0.06103 =>  70.3670935025
SERVER|-0.00006|-0.23819|-0.20924|-0.07491|-0.15775|-0.10486|-0.01418 =>  -136.059153406
HOST|0.00011|0.19386|0.15023|0.16938|0.28607|0.22263|0.11534 =>  152.775484206
HOST|-0.00016|-0.32321|0.16984|0.12281|0.07322|0.49309|-1.16840 =>  -321.354513252
HOST|-0.00012|-0.29452|0.13097|-0.01799|-0.11315|-0.14590|-0.61020 =>  -260.855644707
SERVER|-0.00002|0.16705|-0.10497|0.03572|-0.19542|-0.00447|-0.71665 =>  -234.213988405
HOST|0.00009|0.27495|0.07885|0.01531|0.26243|0.55410|0.20942 =>  197.296404921
SERVER|0.00011|0.10981|-0.11655|-0.06070|-0.02379|0.37876|0.49045 =>  108.40844078
SERVER|-0.00013|-0.10327|0.11213|-0.10195|-0.01072|0.24418|-0.11247 =>  -103.041110407
SERVER|-0.00009|0.69466|-0.13081|-0.09288|-0.22819|0.00690|0.05753 =>  -30.5088196078
HOST|0.00026|0.58858|0.17558|0.09524|-0.26713|0.06424|0.48424 =>  132.10639609
SERVER|-0.00007|-0.03691|0.10038|0.07124|0.06783|0.04746|0.05958 =>  -4.52033973657
SERVER|0.00020|-0.54766|0.17525|0.10441|0.37068|-0.15030|-0.10955 =>  25.1518686182
SERVER|0.00001|0.16801|0.18648|0.06680|0.11911|0.12979|-0.13476 =>  0.215575912962
HOST|-0.00019|0.23311|0.09763|-0.22484|0.03965|-0.13882|-0.81706 =>  -189.944266472
HOST|0.00014|0.23751|0.16633|-0.05435|-0.04673|0.38471|-0.35215 =>  -55.5640242255
SERVER|-0.00006|0.11591|-0.10497|-0.02566|0.21515|-0.01609|0.37099 =>  145.488144476
SERVER|0.00011|-0.06196|-0.05397|-0.11196|-0.19161|-0.00540|-0.60836 =>  -231.186615355
SERVER|0.00033|0.27451|0.38295|-0.05244|-0.19164|0.28078|0.28235 =>  56.216730164
HOST|0.00006|-0.11361|-0.10669|-0.11136|0.12958|0.28716|-0.26659 =>  -19.9705787704
HOST|0.00006|-0.29699|-0.15567|0.06692|-0.15761|0.65084|-0.24840 =>  -155.321475073
HOST|0.00001|0.33830|0.16847|-0.08233|0.18546|0.06076|0.85546 =>  304.900564849
SERVER|0.00012|0.10529|-0.12807|-0.00690|-0.04177|0.32441|0.11330 =>  13.4758049423
HOST|-0.00003|-0.03452|-0.04800|-0.03113|0.04064|0.03068|0.19625 =>  28.4460236643
HOST|0.00009|0.15066|0.09820|-0.21883|0.01637|0.25775|0.14508 =>  55.347962337
SERVER|0.00012|0.21228|-0.02248|-0.03622|0.04781|-0.70885|-0.30852 =>  -36.8815662134
HOST|-0.00010|0.38370|0.19142|-0.07488|0.07664|0.63470|-0.24304 =>  6.21857064092
SERVER|-0.00004|-0.42834|-0.02076|0.04109|0.01373|-0.15985|0.31778 =>  -21.6697409004
HOST|-0.00007|0.10217|0.03750|0.02086|-0.13598|-0.26211|0.07846 =>  -39.9675255774
SERVER|0.00022|-0.09269|0.07848|-0.05358|-0.19657|0.43442|0.78059 =>  103.747967565
SERVER|-0.00009|-0.27938|-0.00385|-0.07143|-0.01476|-0.09380|0.56624 =>  35.8450875465
HOST|-0.00022|0.12667|-0.03038|-0.01218|-0.35550|0.19285|-0.37583 =>  -246.686463005
HOST|-0.00017|0.31907|0.10433|-0.09749|-0.12523|-0.08694|-0.05154 =>  -56.8419868541
HOST|-0.00017|0.17310|0.05973|-0.09182|-0.12797|-0.05009|-0.00864 =>  -59.8933304771
SERVER|0.00004|-0.11825|-0.31346|-0.06905|-0.30171|-0.67276|-0.17660 =>  -186.567332829
HOST|0.00005|0.41120|0.07037|-0.17816|-0.25604|0.55008|0.12623 =>  14.4205427899
HOST|-0.00002|-0.05805|-0.06040|0.02531|0.01266|-0.08864|-0.56967 =>  -153.576489541
HOST|-0.00006|-0.25905|0.21843|-0.04201|0.32934|0.11781|0.21888 =>  135.919609003
SERVER|-0.00012|-0.49982|-0.15931|-0.00537|0.36295|-0.17244|0.14531 =>  35.0117396782
SERVER|-0.00008|-0.51909|0.14162|-0.01977|0.12761|0.31515|0.54625 =>  55.8812758173
HOST|-0.00011|-0.12334|-0.12464|-0.11898|0.53666|-0.08878|-0.09828 =>  115.621948445
HOST|-0.00007|-0.22009|-0.07629|0.05004|0.07045|-0.06345|0.55050 =>  108.995999146
SERVER|-0.00005|0.43727|0.04630|0.10106|0.13653|-0.12259|0.06040 =>  81.4264777212
HOST|0.00018|0.25764|-0.00655|0.08208|-0.02192|0.36120|-0.06077 =>  27.0130887085
SERVER|-0.00008|-0.39655|0.22521|-0.00259|-0.02827|0.06204|0.15101 =>  -67.3214489724
SERVER|0.00019|0.07471|-0.36062|-0.00367|-0.18759|-0.39484|0.19341 =>  -3.22752484972
HOST|0.00012|0.52874|0.14660|0.12660|-0.03185|-0.20516|0.00396 =>  70.6690915668
HOST|-0.00016|0.26237|0.07666|0.14122|-0.17667|0.08175|-0.00919 =>  -53.2560299669
SERVER|-0.00000|-0.58300|-0.16240|-0.03579|-0.05898|0.13552|-0.37456 =>  -238.823582386
HOST|-0.00006|-0.29068|0.04312|-0.24108|0.08807|-0.24075|0.12708 =>  -4.39566422262
HOST|0.00016|-0.32435|0.09630|0.01030|0.16280|0.63741|-0.07702 =>  6.93050509673
HOST|0.00011|0.28843|-0.20002|-0.01285|-0.08606|0.16551|0.11144 =>  36.831751245
HOST|0.00007|0.53262|0.03896|-0.03199|0.03063|0.36636|0.43443 =>  173.210485241
SERVER|0.00012|-0.54773|-0.17978|0.00472|0.00304|-0.17303|0.46682 =>  26.8895728272
HOST|0.00016|0.40948|-0.06531|0.05319|0.23953|0.00864|-0.17032 =>  130.27309127
SERVER|-0.00013|-0.44434|0.24746|-0.02044|0.04885|0.22999|-0.32967 =>  -183.266317035
HOST|0.00018|0.25784|0.30625|0.03942|-0.00059|0.10162|-0.26690 =>  5.14542412072
HOST|0.00007|0.27690|0.00928|0.02770|0.07968|0.63047|0.08913 =>  91.5503983601
HOST|-0.00006|-0.32400|-0.10298|0.17514|0.21883|0.11526|0.09096 =>  39.0949127867
HOST|0.00013|0.12816|0.15108|-0.14562|-0.01260|-0.31430|0.20421 =>  63.260856446
SERVER|-0.00026|-0.01972|-0.03329|0.11877|0.01081|0.43296|-0.20432 =>  -114.397127338
HOST|-0.00002|0.04193|0.13069|0.01462|0.07713|-0.38657|-0.07309 =>  -2.63287830454
HOST|-0.00005|-0.44052|0.18837|0.01774|-0.16195|-0.13824|0.08289 =>  -106.943015414
HOST|-0.00012|0.26380|0.25537|0.01471|0.05524|0.39773|-0.18485 =>  -18.7544298723
HOST|0.00005|0.18679|-0.08875|0.10316|0.30584|-0.09425|0.39071 =>  221.683741373
HOST|0.00011|0.22168|0.11172|-0.09616|-0.31435|-0.00798|-0.57283 =>  -207.119285104
SERVER|-0.00011|-0.32823|0.11872|-0.10087|-0.11289|-0.58789|-0.44391 =>  -244.225544757
HOST|0.00000|-0.01708|0.03419|0.14468|-0.04605|0.07025|-0.33097 =>  -95.1653012926
HOST|-0.00007|-0.09487|0.03985|0.04675|0.10692|-0.68894|0.00254 =>  -5.98240777316
HOST|0.00006|-0.08885|-0.02876|0.06345|-0.14991|0.38431|-0.25109 =>  -126.744960023
HOST|0.00008|0.09380|0.16548|0.00858|0.04654|0.00646|0.47565 =>  134.412539074
HOST|-0.00017|0.32104|-0.03632|-0.05439|-0.16215|0.06828|-0.23066 =>  -107.399811646
SERVER|-0.00017|-0.27320|-0.10433|-0.04738|0.10819|0.25017|0.32368 =>  25.2364861725
HOST|-0.00024|0.12012|0.01314|0.05387|-0.25465|-0.49838|-0.02895 =>  -145.35721772
HOST|0.00002|-0.58252|0.06698|0.01081|-0.10945|-0.26487|-0.31030 =>  -211.35213697
SERVER|0.00003|0.33292|-0.17945|-0.18704|0.25520|0.38977|-0.49924 =>  -10.4346946747
SERVER|-0.00013|0.68497|0.02926|-0.09528|-0.00207|0.31507|-0.26901 =>  -22.1182594244
HOST|-0.00013|0.15405|-0.18549|0.20516|-0.07596|-0.64373|-0.83163 =>  -228.088819367
SERVER|0.00001|-0.17510|-0.19999|0.10258|0.01295|0.44613|-0.25564 =>  -111.518236056
HOST|-0.00008|0.19736|-0.02677|-0.13891|-0.01266|0.20856|-1.03899 =>  -242.21365896
HOST|-0.00014|-0.02274|0.02849|0.01610|0.02222|-0.16999|0.00193 =>  -30.8791625384
SERVER|0.00002|-0.15620|0.04520|-0.06202|-0.14409|-0.05720|0.30837 =>  -29.4527666534
SERVER|-0.00005|-0.50175|0.14874|0.03825|-0.11172|-0.23764|0.77426 =>  16.8655131964
HOST|-0.00011|0.34430|0.03136|-0.12369|0.10008|0.07524|0.48688 =>  158.319432253
HOST|0.00003|0.19162|-0.15230|0.31040|0.00827|0.18165|0.19865 =>  67.6169275745
HOST|-0.00009|0.15093|-0.22052|0.07305|0.15330|-0.03902|0.33940 =>  131.730804652
HOST|0.00009|0.47066|0.24240|-0.14975|-0.02547|0.05658|-0.44057 =>  -51.3496504189
SERVER|0.00002|-0.01369|-0.07529|0.06905|-0.04431|0.01331|0.26531 =>  23.1134078944
HOST|-0.00006|-0.18530|0.01298|0.09342|0.19395|-0.03948|-0.17288 =>  -11.3277040465
HOST|-0.00009|0.25692|0.08545|-0.03843|0.09874|-0.09745|0.43823 =>  154.024238894
SERVER|-0.00006|-0.38869|-0.11434|-0.04797|-0.33518|0.22295|-0.96042 =>  -432.835326093
HOST|0.00008|-0.18426|0.12209|0.16907|0.10589|0.17934|0.18747 =>  61.773710877
HOST|-0.00002|0.21775|0.05270|-0.05389|-0.10321|-0.00856|0.20753 =>  19.3393203722
SERVER|0.00005|0.10014|-0.09302|-0.12592|-0.16625|0.02460|0.33308 =>  15.3012626363
SERVER|0.00004|0.35588|-0.21608|-0.02914|0.10756|-0.07968|-0.05199 =>  50.0031282898
SERVER|-0.00014|0.01207|0.13550|0.06758|-0.15260|-0.67963|0.14786 =>  -77.2839533624
SERVER|0.00005|0.27124|0.02531|-0.15238|-0.06443|-0.28629|-0.03011 =>  -6.9484074776
SERVER|0.00014|0.31218|-0.20954|0.01301|-0.13780|-0.49965|-0.07108 =>  -21.4889531192
SERVER|0.00001|-0.15948|0.09562|-0.03459|-0.27593|0.59242|-0.19314 =>  -191.294272228
SERVER|-0.00008|0.42686|-0.19272|0.07080|0.04417|0.11020|0.00654 =>  31.3590432007
SERVER|0.00021|-0.44682|-0.04476|-0.01433|0.30782|-0.01894|-0.45455 =>  -47.9138981081
SERVER|-0.00016|0.69883|-0.02050|0.09995|0.09045|0.07254|-0.70379 =>  -90.7614704796
HOST|0.00012|0.33166|0.20267|-0.01966|-0.00899|-0.45374|0.54518 =>  173.134544195
HOST|-0.00004|0.02543|-0.11443|0.02780|0.14052|0.43373|0.44595 =>  133.392816849
HOST|0.00012|-0.26585|0.12874|0.16552|0.27336|-0.41491|0.21024 =>  125.90567747
HOST|0.00007|-0.34266|-0.10178|0.06334|-0.26338|-0.08162|0.20161 =>  -93.3123550334
SERVER|0.00015|-0.20047|-0.14860|-0.07895|0.10495|-0.15187|0.57109 =>  124.971352057
SERVER|-0.00012|-0.18556|0.07830|-0.01500|0.02662|0.72516|0.07767 =>  -57.7258293642
SERVER|-0.00012|-0.10651|-0.10865|-0.05898|-0.01571|-0.04161|0.05349 =>  -61.3708970363
HOST|0.00002|-0.02471|0.15443|0.09553|-0.06604|0.52796|-0.02943 =>  -32.8632622239
SERVER|0.00007|0.61807|0.04326|0.09892|0.01432|0.19513|0.46098 =>  174.169439782
SERVER|0.00020|0.05332|0.03292|-0.13271|-0.27899|0.75381|-0.67541 =>  -258.542681691
HOST|-0.00010|-0.30699|-0.16529|0.03927|-0.06398|-0.07796|-0.10767 =>  -106.951859885
SERVER|0.00014|-0.04565|-0.19944|-0.11270|0.08384|-0.21272|-0.22453 =>  -73.9766999505
HOST|-0.00006|0.09642|-0.28788|0.05671|0.11777|0.14697|0.68362 =>  189.279180603
HOST|-0.00023|-0.73374|-0.12944|0.00837|-0.26684|0.67609|0.29272 =>  -171.594269985
HOST|-0.00007|-0.17072|-0.25088|0.00552|-0.10350|0.25181|-0.23791 =>  -133.038677337
SERVER|-0.00003|-0.11190|-0.11903|0.03962|0.21894|-0.30891|-0.00000 =>  34.7835069756
SERVER|0.00003|0.16266|0.18054|0.01500|0.24153|0.78876|0.10085 =>  109.953196512
HOST|0.00021|-0.18640|-0.00344|-0.13268|0.20834|0.30759|-0.05622 =>  60.8683647713
SERVER|-0.00017|-0.56128|-0.00475|-0.05381|-0.08011|-0.48011|-0.17563 =>  -213.971262123
HOST|-0.00003|0.03171|-0.11718|0.02881|-0.22385|-0.76275|0.52506 =>  29.1298722258
SERVER|-0.00006|-0.00964|-0.10923|0.07401|0.20387|-0.42711|-0.01045 =>  34.8799394563
HOST|0.00007|-0.07193|0.07412|-0.04375|0.09938|0.14975|-0.26933 =>  -34.8536284853
HOST|0.00008|-0.41695|0.10136|0.08435|-0.10654|-0.18905|0.24457 =>  -52.0468361415
SERVER|-0.00010|0.01009|0.03261|0.04708|-0.22840|-0.08055|0.30718 =>  -83.6494084403
SERVER|0.00003|0.30383|-0.17090|0.00650|0.14012|-0.30275|-0.13761 =>  32.1749247851
SERVER|0.00003|-0.27846|0.02713|-0.02728|-0.03231|0.55795|0.14628 =>  -49.81871115
HOST|-0.00027|0.02494|-0.19337|-0.10796|-0.36267|0.21520|-0.13615 =>  -209.83395634
SERVER|0.00010|-0.13228|0.21392|0.01025|0.06369|0.30090|0.39324 =>  83.6917424179
SERVER|0.00002|-0.21221|0.27035|0.07069|0.12133|-0.63161|-0.34685 =>  -96.4876530144
HOST|-0.00002|0.28555|0.09760|0.08178|0.11074|-0.03867|-0.33705 =>  -10.5476209064
HOST|-0.00011|0.00108|-0.03453|0.08171|-0.33578|0.04318|-0.39582 =>  -244.172188801
SERVER|0.00021|0.60422|0.09755|0.00220|-0.09516|-0.23810|0.24248 =>  108.843088315
HOST|-0.00004|0.38204|-0.11784|-0.14218|-0.02465|0.43940|0.21696 =>  79.2706240827
SERVER|-0.00010|0.18873|0.24304|0.06430|0.02083|-0.39229|-0.05128 =>  -18.3436141652
SERVER|-0.00001|0.35650|0.13723|0.03243|-0.16853|-0.08034|-0.42106 =>  -146.134387702
HOST|-0.00017|0.32780|-0.04119|0.20238|0.33654|-0.33199|0.10892 =>  144.090047803
HOST|0.00015|0.11202|0.29887|-0.07678|0.15658|-0.48575|0.42969 =>  174.895332081
SERVER|0.00005|0.11030|0.03664|-0.07314|-0.13835|-0.09701|-0.16980 =>  -86.4432545338
HOST|0.00004|-0.30949|-0.09168|-0.01155|0.12899|-0.53892|-0.26898 =>  -64.2674796755
HOST|-0.00014|-0.38470|-0.01951|-0.05567|0.02194|0.27719|0.08877 =>  -71.3650081097
HOST|0.00005|-0.15317|-0.22986|0.16231|-0.12896|0.22363|0.53004 =>  39.9059531784
SERVER|-0.00023|0.25354|0.08243|0.13138|0.15977|-0.18908|0.05620 =>  32.0541557382
HOST|-0.00012|-0.13062|-0.04601|-0.08719|-0.34054|-0.04862|-0.00452 =>  -170.431220233
HOST|0.00004|0.11649|-0.14060|0.10103|0.11477|0.18785|0.58923 =>  181.949185767
SERVER|-0.00002|-0.07416|-0.18691|0.05651|0.03552|0.53593|0.11571 =>  1.56499285057
HOST|0.00015|-0.05387|0.03805|-0.10986|-0.19273|-0.36655|-0.51248 =>  -203.16375135
HOST|-0.00003|0.38550|-0.03043|0.09130|-0.07883|-0.05887|-0.43796 =>  -94.9271946174
HOST|-0.00010|-0.15432|-0.14419|-0.01788|0.20777|0.85647|-0.72378 =>  -134.729391611
HOST|0.00023|-0.29349|-0.00976|-0.00806|-0.21894|0.19555|-0.08387 =>  -112.461146877
SERVER|0.00006|0.41072|-0.14792|-0.09786|-0.13089|-0.26744|0.03987 =>  -5.62970738649
