SERVER|-0.00004|-0.02251|0.03172|0.04694|0.08074|-0.64226|0.39691 =>  85.0401657834
HOST|0.00003|0.30627|0.08716|0.00029|-0.21371|-0.46317|0.03560 =>  -20.8619817304
HOST|-0.00009|-0.16694|0.01804|-0.01087|0.04473|-0.64601|-0.41298 =>  -125.692533879
HOST|-0.00003|0.01018|-0.00296|0.00441|-0.16747|-0.15429|-0.61894 =>  -216.178434185
HOST|-0.00013|-0.04688|-0.18559|-0.20938|-0.18904|0.12688|0.09197 =>  -80.836500986
HOST|-0.00020|-0.10337|0.01339|0.09759|0.26187|-0.22786|-0.23418 =>  -20.7593517579
HOST|-0.00017|-0.12069|-0.24244|0.00446|0.10708|-0.91950|0.15743 =>  17.416074096
SERVER|0.00007|-0.02903|0.07404|0.08273|0.23192|-0.15241|0.31087 =>  121.940989936
SERVER|-0.00012|-0.24577|0.11289|0.04409|0.12820|0.08138|0.06376 =>  -13.390645851
HOST|0.00002|0.29179|-0.14759|-0.08987|0.15915|0.17826|-0.04860 =>  74.8719683647
SERVER|-0.00010|-0.19309|-0.05610|0.06595|-0.10208|-0.72340|-0.14683 =>  -156.053725226
HOST|0.00019|-0.00320|0.02252|-0.04110|-0.04073|0.13882|0.48787 =>  123.867662356
SERVER|-0.00018|-0.62965|0.10217|-0.03961|0.61089|0.24100|-0.56294 =>  -43.9504377531
HOST|0.00014|0.30439|0.00544|0.03921|0.12295|0.33058|-0.53217 =>  -36.1088111222
HOST|0.00001|-0.48515|0.03623|-0.15098|-0.34049|-0.92281|0.74326 =>  -28.9139316409
SERVER|-0.00007|-0.73414|-0.02352|0.06072|-0.04789|0.01832|-0.18145 =>  -214.490051408
SERVER|0.00009|-0.30110|-0.09318|0.00152|0.44804|0.59023|-0.01291 =>  90.6542520001
SERVER|0.00002|-0.01658|0.09628|0.01458|0.16828|0.38647|0.38752 =>  122.700629155
SERVER|0.00004|0.76162|0.00994|0.08604|0.10123|-0.14432|0.37270 =>  199.68649024
SERVER|-0.00000|0.24655|-0.07956|0.05424|0.00957|0.29279|-0.15824 =>  -43.0120229962
HOST|0.00003|-0.21843|-0.05407|0.04094|-0.17694|-0.10778|0.08261 =>  -96.2080279808
HOST|-0.00003|-0.14680|-0.18153|-0.06302|-0.15148|0.04375|-0.30601 =>  -169.922664978
SERVER|-0.00005|-0.20930|0.38519|0.07086|0.29370|0.13143|0.61557 =>  182.175783155
SERVER|0.00000|0.49015|-0.14908|0.02291|-0.04052|0.44072|0.38793 =>  110.876100075
SERVER|0.00004|0.36399|-0.04068|0.04302|-0.30173|-0.20174|-0.11495 =>  -121.185754138
SERVER|0.00007|0.03997|0.20903|-0.01830|-0.06154|0.47017|-0.45716 =>  -138.140324668
SERVER|-0.00005|-0.21871|-0.19806|0.11781|-0.02877|0.07105|-0.07175 =>  -83.4567098022
HOST|-0.00028|-0.22998|-0.14311|0.08068|0.04677|0.53839|0.26009 =>  -15.388958313
HOST|0.00010|0.08931|-0.14120|0.01338|-0.03604|0.04049|-1.17232 =>  -258.408462196
HOST|0.00027|-0.23733|0.07139|-0.03057|0.24952|0.22997|0.48723 =>  189.422310671
HOST|0.00011|-0.11362|-0.00735|-0.10652|-0.04140|-0.54426|0.35978 =>  60.2906583619
HOST|-0.00008|0.20580|-0.00550|-0.04747|-0.20081|0.49291|-0.74414 =>  -220.929339365
HOST|-0.00005|-0.15503|0.00867|0.14027|-0.01251|0.37966|0.09102 =>  -34.2337762393
HOST|0.00002|0.44161|-0.09767|0.08206|0.31869|-0.02423|-0.18704 =>  140.070638171
SERVER|0.00007|0.58461|0.06976|-0.05492|-0.13639|-0.37445|0.34224 =>  96.8664757725
SERVER|-0.00000|-0.10575|0.02964|0.02485|0.06086|-0.77269|-0.88417 =>  -226.965931835
HOST|-0.00021|0.52853|-0.13249|-0.10768|0.29167|0.42457|0.08337 =>  177.776454671
HOST|-0.00009|0.04366|0.28170|0.00791|0.22659|-0.06153|-0.04652 =>  67.3211100108
SERVER|0.00011|0.67855|0.09760|0.06059|0.11364|0.23394|-0.03855 =>  125.619694459
HOST|-0.00007|-0.00741|-0.11274|-0.07422|-0.04340|0.29792|-0.41572 =>  -116.418272209
HOST|0.00005|-0.46549|-0.00400|0.05588|0.34802|-0.12650|0.15920 =>  106.123458146
SERVER|-0.00020|-0.45711|0.21553|0.00160|-0.17969|0.03824|0.36136 =>  -110.443830534
SERVER|-0.00018|0.25915|0.04940|-0.06436|0.01951|0.16324|0.14064 =>  11.8207757379
HOST|0.00005|0.23622|0.09330|-0.07365|-0.43627|0.25782|-0.17098 =>  -166.778933512
SERVER|0.00001|0.02023|-0.03586|0.10313|-0.04586|0.39735|-0.24735 =>  -100.839122963
SERVER|0.00000|0.57912|0.07825|0.13626|-0.13569|0.13006|0.55031 =>  134.427806796
SERVER|0.00008|0.18558|-0.34782|0.00286|-0.29328|-0.12285|0.14546 =>  -95.0592611197
SERVER|-0.00024|-0.02871|0.22204|0.05876|0.14630|0.35706|0.45508 =>  75.7217877223
SERVER|-0.00002|0.44087|0.08975|-0.00196|-0.14470|-0.15376|-0.64898 =>  -180.653494985
SERVER|-0.00022|-0.29721|0.17484|-0.01830|-0.04026|-0.04188|-0.05778 =>  -139.739954077
HOST|-0.00017|-0.18160|0.09851|0.06262|-0.11760|-0.41553|-0.15751 =>  -150.348922179
SERVER|-0.00031|-0.11581|-0.06397|-0.05527|0.36504|0.16543|-0.26425 =>  -32.6093610269
SERVER|0.00008|-0.44255|0.05101|-0.21731|-0.15113|-0.11699|0.51113 =>  -5.53298152058
HOST|0.00035|0.05516|-0.06810|0.09200|-0.02985|-0.59416|0.79862 =>  234.439758546
HOST|-0.00005|0.00986|0.39966|0.00485|-0.24416|0.21059|0.12830 =>  -65.0523194188
SERVER|0.00015|0.05831|-0.06456|0.07674|0.06790|-0.58496|0.14102 =>  69.1097593582
HOST|0.00031|-0.33036|0.23301|0.07996|-0.38246|0.32100|-0.13884 =>  -179.693171945
HOST|0.00005|-0.34107|0.04945|-0.02157|-0.22072|0.01991|0.17295 =>  -91.5385251122
HOST|0.00005|-0.37964|-0.07134|0.03370|-0.17603|0.41519|-0.04134 =>  -117.528303534
HOST|-0.00016|-0.29728|-0.14287|0.04134|-0.23226|-0.64443|0.19876 =>  -128.006182853
HOST|-0.00002|0.01085|0.13051|0.02678|-0.15328|-0.80884|-0.43857 =>  -171.779025902
HOST|0.00006|0.21847|-0.10693|-0.17083|0.17727|0.13406|0.18271 =>  140.917068384
HOST|0.00011|-0.59637|-0.16214|0.00425|0.08669|-0.69828|-0.06840 =>  -47.0230970176
HOST|-0.00007|-0.03094|-0.07865|0.02765|0.50965|0.35113|-0.89868 =>  -63.0466448457
HOST|-0.00001|-0.15644|-0.09121|0.09704|0.06680|-0.08586|0.27830 =>  50.6645584407
SERVER|-0.00002|-0.29161|-0.01174|-0.21872|0.31625|-0.13655|0.51114 =>  160.986518041
SERVER|0.00011|0.29993|0.09791|-0.04438|0.14632|-0.18500|0.09901 =>  106.224872942
SERVER|0.00013|0.06977|0.10719|-0.08006|0.17838|0.12957|-0.09600 =>  14.3086984077
HOST|-0.00003|0.17621|0.05586|-0.01978|-0.03241|-0.11691|-0.01796 =>  -4.09548918927
HOST|-0.00032|-0.33948|-0.01300|-0.06233|-0.02837|-0.35078|0.56536 =>  5.64507413898
HOST|-0.00028|0.38587|0.11630|-0.03751|-0.03131|-0.38137|-0.00463 =>  -17.343629591
SERVER|0.00000|-0.01373|0.07290|-0.01747|-0.17573|-0.11199|-0.33061 =>  -175.705018316
HOST|-0.00005|0.03668|0.15001|-0.11583|-0.17132|0.07275|-0.28191 =>  -144.625992421
HOST|-0.00016|-0.19034|0.29682|-0.00739|-0.21588|-0.47185|0.14520 =>  -121.189206799
SERVER|-0.00001|0.23171|0.01707|-0.04708|-0.17839|0.08529|0.34722 =>  -1.68267206243
HOST|-0.00003|0.02884|-0.05535|0.02647|-0.35355|0.12245|0.19125 =>  -97.2477205672
SERVER|0.00007|0.02823|-0.14668|0.02370|-0.22743|0.86186|-0.03530 =>  -99.2077367326
SERVER|-0.00013|-0.10958|-0.08808|0.00682|0.17501|0.16009|-0.22800 =>  -49.3403759633
HOST|-0.00021|0.09905|-0.14712|-0.07198|-0.07195|0.07273|-0.25303 =>  -109.533988102
HOST|-0.00016|-0.34879|-0.00377|-0.01145|0.28787|-0.28293|0.61778 =>  163.958494925
HOST|-0.00001|-0.31919|0.08939|0.08974|-0.16009|0.10056|-0.11377 =>  -147.145193459
HOST|-0.00005|0.42701|0.06419|0.06321|-0.17129|-0.10618|-1.02922 =>  -238.741503388
SERVER|0.00009|-0.01887|-0.02998|0.17000|-0.33037|-0.37539|-0.28666 =>  -198.702027437
SERVER|-0.00010|0.50583|0.08853|0.03071|-0.05818|0.02729|0.45710 =>  116.785434745
SERVER|-0.00012|-0.08307|-0.11627|-0.09066|-0.17133|-0.23093|0.13888 =>  -92.6787458998
HOST|-0.00012|0.37679|0.04976|-0.13682|-0.03840|-0.00236|0.00392 =>  8.54686602979
HOST|0.00013|0.15644|-0.10843|-0.07930|0.00733|0.41002|-0.20985 =>  -0.873738286742
HOST|-0.00011|-0.18993|-0.07577|0.04907|-0.29788|0.34455|-0.41874 =>  -260.029811119
SERVER|-0.00004|-0.07864|0.26069|0.03232|0.21144|-0.11822|-0.60140 =>  -107.578116266
HOST|0.00007|-0.23138|-0.01043|-0.02391|0.06285|0.44275|0.57157 =>  127.31553686
HOST|-0.00021|0.20329|0.49506|-0.00222|-0.05375|-0.17872|-0.21074 =>  -75.8459348523
SERVER|0.00016|-0.23137|0.13177|0.03607|0.09085|0.96883|-0.46946 =>  -102.835795355
HOST|-0.00016|0.32678|0.10540|0.00213|-0.02195|-0.33996|-0.06962 =>  -24.9701783904
SERVER|-0.00010|-0.34334|-0.08029|0.06513|0.04532|-0.68477|0.18421 =>  -42.5967416012
HOST|-0.00004|0.02648|0.16621|-0.02101|0.08717|-0.21486|0.47498 =>  118.18892671
SERVER|-0.00002|-0.06325|-0.03442|-0.02329|-0.22999|0.20315|0.07594 =>  -104.294101924
SERVER|-0.00015|0.09343|-0.00438|-0.01540|0.17765|0.60184|-0.93273 =>  -185.671737091
SERVER|-0.00012|0.04624|-0.02571|-0.16729|-0.13666|-0.56439|-0.17059 =>  -128.988502542
SERVER|-0.00008|0.04481|0.08803|-0.13430|-0.10768|0.57255|0.22265 =>  -29.7102366665
SERVER|0.00003|-0.38262|-0.13800|-0.01754|0.10612|-0.42060|0.45664 =>  60.3274754879
HOST|0.00016|0.45782|0.16472|0.02774|-0.03562|-0.72200|-0.69764 =>  -96.1137272596
HOST|0.00013|-0.20287|-0.19156|0.02753|0.12766|-0.36708|-0.24677 =>  -27.5917481375
HOST|0.00017|0.36030|-0.12084|-0.08551|0.05175|0.00337|-0.08048 =>  68.2197136506
HOST|0.00012|0.03530|0.08601|-0.15039|-0.20663|0.07732|0.12847 =>  -34.2478257765
HOST|0.00000|-0.09273|-0.02815|0.02007|-0.14099|-0.22476|-0.38113 =>  -173.958718818
HOST|-0.00009|-0.14836|0.23332|0.08226|0.24175|-0.18083|0.44284 =>  129.164344534
HOST|-0.00009|0.20533|-0.08770|-0.07139|-0.19904|-0.12742|-0.06077 =>  -70.8240779851
SERVER|-0.00002|0.42162|-0.10745|-0.07061|-0.06823|-0.02483|0.67757 =>  145.776949998
SERVER|0.00009|0.49059|-0.02180|-0.07441|-0.13120|0.30242|0.01194 =>  22.4009661136
SERVER|0.00004|-0.10768|-0.09361|0.06623|-0.10910|0.02275|-0.25578 =>  -134.947587209
HOST|0.00003|-0.01290|-0.01121|0.08850|-0.02578|0.21326|0.18190 =>  23.3778730914
HOST|0.00007|0.13240|0.08945|0.06410|0.02122|-0.46167|-0.15500 =>  -16.2162734873
HOST|0.00009|-0.69402|-0.00429|-0.02164|-0.11557|0.35567|0.06054 =>  -118.923134127
SERVER|0.00010|-0.95371|-0.05808|-0.14634|-0.33651|0.21653|-0.49363 =>  -414.117100825
HOST|0.00017|0.25654|0.01893|0.03509|-0.15095|0.29756|-0.41132 =>  -100.136354308
HOST|0.00008|-0.25578|-0.27464|0.13879|-0.05138|-0.71953|-0.30684 =>  -128.083480634
HOST|-0.00025|-0.13424|0.24484|-0.00222|0.29133|-0.21444|-0.33770 =>  -44.6508525731
HOST|0.00002|-0.09978|0.00925|0.02169|0.06112|0.19448|0.08710 =>  11.614368795
HOST|0.00007|0.51042|-0.03429|-0.05263|-0.03765|-0.07546|0.01826 =>  72.1847508285
SERVER|-0.00005|-0.04572|0.13386|0.15189|0.18640|0.55242|-0.25516 =>  -34.5995573977
SERVER|-0.00007|0.33262|-0.26184|-0.07131|-0.06361|-0.31092|-0.05029 =>  -36.0316401752
SERVER|-0.00024|0.49591|-0.15526|-0.11499|-0.33405|-0.31412|-0.16536 =>  -144.830231969
HOST|-0.00002|0.24307|0.11840|0.06697|-0.00731|-0.15423|-0.32914 =>  -63.0982089453
HOST|0.00017|0.57422|0.05590|0.04815|-0.04547|-0.11802|0.63683 =>  212.50069651
HOST|-0.00021|-0.19163|0.03402|0.00912|0.39252|-0.03961|-0.39655 =>  -17.2777140083
SERVER|-0.00008|-0.44965|-0.05248|-0.08147|-0.00013|-0.20663|0.21523 =>  -71.8132777752
SERVER|0.00009|-0.09770|0.10949|0.05845|-0.08063|0.63812|0.09676 =>  -27.1307935367
SERVER|0.00003|0.28073|-0.06070|0.08468|0.13268|0.20524|-0.28406 =>  -1.20768650571
HOST|-0.00004|-0.62285|0.11942|0.11126|-0.01858|0.06870|0.44522 =>  -14.1233399432
SERVER|-0.00008|-0.77146|0.17028|0.04593|-0.23249|0.61486|-0.20745 =>  -280.932451541
SERVER|0.00006|-0.35583|0.06077|0.02485|-0.16172|0.36218|-0.01826 =>  -138.888920673
SERVER|-0.00012|0.58804|-0.14691|-0.08515|-0.09631|-0.58148|0.15937 =>  42.9021988061
SERVER|0.00021|0.48789|0.09436|0.15900|-0.07946|-0.04321|-0.22167 =>  4.13276249417
HOST|0.00003|0.31144|-0.08722|0.16535|0.13321|-0.02219|0.93797 =>  315.226708824
HOST|-0.00015|0.25691|-0.19152|-0.02796|-0.07544|-0.14643|0.22144 =>  30.0423345713
SERVER|-0.00003|-0.07532|0.17009|0.23386|-0.01117|0.48075|0.50268 =>  60.1297062879
HOST|0.00002|0.15200|-0.20087|-0.17370|-0.14449|-0.01109|0.09408 =>  -16.8598803894
HOST|0.00009|0.09229|0.12377|-0.01249|-0.00900|0.53208|-0.48329 =>  -96.449981361
HOST|0.00001|0.15959|0.12772|-0.06597|-0.19840|0.35762|-0.39176 =>  -147.104992431
HOST|0.00002|0.16601|0.10845|0.17905|0.05182|0.11153|0.11767 =>  52.627970959
SERVER|0.00002|-0.53437|0.15643|0.13591|-0.09491|-0.02325|0.15815 =>  -97.0042690623
SERVER|0.00018|0.68548|-0.06392|0.05052|-0.00921|-0.64022|-0.58048 =>  -34.1786019558
SERVER|0.00006|-0.05311|0.05993|0.11370|0.04923|0.51053|0.54940 =>  130.015764515
HOST|-0.00017|0.12675|0.10888|-0.08987|-0.14949|0.13522|0.27542 =>  -28.9377866598
HOST|-0.00016|0.06239|-0.18421|-0.01938|-0.06731|0.29229|-0.02349 =>  -73.2388792111
HOST|-0.00011|0.11456|0.04078|-0.00924|0.35434|-0.16248|0.11095 =>  127.086037963
SERVER|0.00003|-0.13784|-0.11033|-0.03903|-0.05405|-0.65709|-0.05218 =>  -71.8128206609
SERVER|0.00001|0.07087|-0.09028|0.03262|0.04146|-0.09164|0.10676 =>  18.6874270121
SERVER|-0.00010|-0.38189|-0.17124|0.03973|0.04283|-0.15351|0.21727 =>  -43.5437225166
SERVER|-0.00011|-0.05790|0.01992|-0.07661|0.24154|-0.29124|0.19122 =>  65.7899720787
SERVER|-0.00002|0.25760|0.02183|0.07282|-0.00360|0.40242|-0.33201 =>  -67.4457508604
HOST|-0.00010|-0.03137|0.19880|-0.15888|0.01606|-0.08831|0.05769 =>  -15.8318250563
HOST|0.00004|0.09419|0.24963|0.01877|-0.05814|-0.28802|0.28148 =>  45.1439263115
HOST|-0.00021|0.22801|0.06296|0.14275|-0.21300|-0.36603|0.36173 =>  -3.40577670276
SERVER|-0.00006|-0.46566|0.09286|-0.13299|0.22910|0.42067|0.22210 =>  10.8165559018
HOST|0.00005|0.22473|-0.03167|0.24061|-0.09046|-0.31099|0.16720 =>  19.1601297316
HOST|0.00012|-0.08469|-0.12385|0.07897|-0.10397|0.00335|0.39299 =>  46.0044006668
HOST|-0.00008|-0.21664|-0.04670|0.26667|-0.22960|-0.03028|-0.46622 =>  -248.205684513
SERVER|-0.00005|-0.14352|0.13069|-0.01256|0.17549|0.24329|-0.03812 =>  -4.20560559782
SERVER|-0.00007|-0.44421|0.15003|0.04982|-0.11570|-0.60480|-0.30337 =>  -216.248068463
HOST|-0.00011|-0.32159|-0.05118|-0.04496|0.14968|-0.38056|0.43630 =>  73.7545860143
SERVER|0.00004|0.06328|0.05264|-0.10335|0.41659|0.05111|-0.03566 =>  140.594122031
SERVER|-0.00028|-0.22378|0.11758|-0.04826|-0.16496|-0.38671|0.08209 =>  -154.606329152
HOST|0.00003|-0.52860|-0.05084|-0.11383|-0.29251|-0.39646|-0.68213 =>  -330.950625155
SERVER|0.00010|0.52256|0.17438|-0.06931|-0.28548|-0.06859|-1.12496 =>  -290.19953677
HOST|0.00007|0.00508|0.00083|0.01340|0.11552|0.20180|0.43503 =>  143.360277282
SERVER|0.00009|0.25143|-0.22236|-0.07951|-0.18508|-0.08089|-0.19910 =>  -83.778809642
SERVER|0.00023|-0.02022|0.06382|0.07043|0.01218|0.02313|0.05267 =>  28.8819479873
HOST|0.00003|0.18882|-0.02864|0.06341|-0.04741|0.57939|-0.07427 =>  -20.8319206686
HOST|-0.00020|-0.19454|-0.12958|-0.08249|0.26448|-0.19097|0.16799 =>  73.7767749865
HOST|0.00017|-0.17288|-0.04188|-0.06191|0.22306|-0.74262|0.78903 =>  265.016454419
HOST|0.00019|0.31209|0.20593|-0.02904|-0.00514|-0.15909|-0.83017 =>  -123.488846919
SERVER|-0.00003|0.02261|0.32387|-0.02105|-0.13730|0.47664|0.01627 =>  -81.2037165497
HOST|-0.00002|0.19790|0.15023|0.18994|-0.17569|0.04543|-0.01529 =>  -67.0340110338
SERVER|-0.00022|0.34220|-0.16247|0.00668|-0.21439|0.14827|-0.02626 =>  -96.6389400493
SERVER|-0.00002|-0.22950|-0.01531|0.19131|0.35504|-0.06767|-0.15008 =>  31.085885001
HOST|-0.00013|0.11239|-0.13864|0.07290|0.14360|0.30634|0.69700 =>  197.065355711
HOST|0.00000|0.66072|-0.26405|-0.17383|-0.04333|0.76384|-0.13394 =>  47.2314200849
SERVER|-0.00026|0.35132|-0.17690|-0.09980|-0.06555|1.35203|0.33426 =>  15.6046012477
SERVER|-0.00001|0.08363|-0.05910|0.15165|0.04749|-0.33256|0.03174 =>  -18.7762157792
HOST|-0.00002|-0.07201|0.15530|-0.04923|-0.02178|0.32588|-0.47737 =>  -145.849347402
SERVER|0.00014|0.38304|0.11176|-0.08941|0.10352|-0.05532|0.19926 =>  134.977787812
SERVER|0.00009|0.02432|0.21262|-0.00590|0.20366|-0.17715|-0.02827 =>  67.891173227
HOST|0.00005|-0.50173|0.14344|0.08931|-0.11314|0.35948|0.80032 =>  75.7896448928
SERVER|0.00012|0.53119|0.07436|0.06435|-0.12671|0.33472|-0.24272 =>  -25.3180938708
SERVER|-0.00028|0.68547|0.04807|-0.20315|-0.27361|-0.45309|0.45028 =>  27.8603795654
SERVER|-0.00002|-0.13420|-0.12141|0.07124|-0.13303|0.12555|-0.76923 =>  -274.035470599
HOST|0.00013|-0.18935|-0.13137|0.03802|0.52554|-0.07330|0.21789 =>  229.250605913
HOST|0.00008|0.44307|-0.08777|-0.04001|-0.16577|0.43780|0.51271 =>  134.258656908
HOST|0.00002|-0.07858|-0.19587|-0.14688|-0.24001|-0.06352|0.08743 =>  -74.2173842185
HOST|-0.00007|-0.14754|0.10734|-0.18817|-0.13206|0.31042|-0.04627 =>  -89.4829157121
HOST|-0.00004|-0.59827|-0.19880|-0.06510|0.01339|-0.13186|-0.06487 =>  -116.858574569
SERVER|-0.00004|0.05149|0.07898|-0.02548|-0.02863|-0.14601|0.22803 =>  12.2760408606
HOST|-0.00008|-0.34306|-0.25267|-0.15898|-0.07938|0.16239|0.29371 =>  -39.8421578597
HOST|-0.00029|-0.03861|-0.09857|0.02322|-0.00649|-0.15171|-0.36453 =>  -151.943195129
HOST|-0.00002|-0.22043|-0.02108|-0.01271|-0.10248|0.59770|0.32511 =>  -9.81394733984
HOST|-0.00002|-0.02606|0.20200|0.11616|0.29583|-0.58739|-0.32073 =>  32.1353087645
SERVER|0.00010|-0.43408|0.14351|0.07257|0.06291|0.17712|0.05890 =>  -39.6452596956
HOST|0.00012|0.26648|0.05046|-0.14559|-0.14079|0.01466|0.54227 =>  127.946900647
SERVER|-0.00010|-0.41032|-0.02983|0.07710|0.37302|-0.08778|0.26089 =>  86.2585219854
HOST|-0.00003|0.04280|-0.32600|-0.03253|-0.01915|0.00821|-0.09452 =>  -42.7412547479
HOST|0.00003|-0.26864|0.19593|0.21587|-0.22639|-0.05927|0.26254 =>  -42.5891733363
HOST|0.00003|0.00602|-0.23346|0.22056|-0.20937|-0.05437|0.62830 =>  72.5050773844
HOST|0.00008|-0.51715|-0.04579|-0.13035|0.04634|-0.51967|-0.13450 =>  -99.0244079628
SERVER|-0.00001|-0.49263|0.04711|0.00609|-0.05422|0.39905|-0.44579 =>  -229.80127495
SERVER|-0.00007|0.24755|-0.24804|-0.00112|0.19159|-0.37415|0.16517 =>  94.7928562503
SERVER|0.00013|-0.24077|-0.04521|0.04419|-0.31993|-0.53376|0.29034 =>  -89.629360564
HOST|-0.00029|-0.30739|-0.22309|-0.03497|0.49029|0.16669|-0.19941 =>  30.5157934911
SERVER|-0.00001|0.39064|-0.11045|0.08515|-0.09024|0.41200|0.11381 =>  20.9050731059
SERVER|-0.00011|0.12916|0.03948|-0.03438|0.12786|-0.21428|-0.80796 =>  -171.431974299
HOST|0.00010|0.08498|-0.08661|0.02384|-0.02414|-0.26031|0.55970 =>  140.879031309
HOST|0.00015|0.00289|-0.05531|0.08939|0.13630|0.55633|0.17507 =>  101.199962807
SERVER|0.00009|0.18325|-0.01565|-0.06042|0.09896|0.34693|-0.07043 =>  36.7134087646
HOST|0.00022|0.39377|-0.10604|-0.12197|-0.22123|0.03433|-0.14469 =>  -24.5883197294
SERVER|-0.00014|0.11887|0.16411|-0.09952|0.18762|-0.43153|0.24186 =>  86.9505522378
SERVER|0.00015|0.09201|-0.06880|0.05578|-0.09022|0.77000|0.56130 =>  122.609701564
SERVER|0.00002|-0.04073|0.24023|-0.00880|-0.22453|0.24019|-0.17423 =>  -147.824127667
SERVER|-0.00009|-0.29862|-0.10249|-0.03727|-0.18265|0.21313|-0.18996 =>  -205.863787511
HOST|0.00005|-0.48482|-0.05270|-0.03748|-0.07367|0.60600|-0.06444 =>  -108.576148236
SERVER|-0.00003|0.29240|-0.03927|-0.06008|-0.19025|-0.33080|-0.15514 =>  -98.3842002744
SERVER|-0.00012|0.07031|0.05062|-0.06835|0.18065|0.30407|0.57889 =>  162.788920582
HOST|0.00013|0.04334|-0.21890|-0.03929|0.28571|0.37658|0.29406 =>  189.739526841
SERVER|-0.00016|-0.04992|0.11524|-0.02852|-0.28009|0.24634|-0.32330 =>  -248.253387727
SERVER|-0.00009|-0.03998|-0.08727|0.05101|-0.13947|0.34656|-0.17241 =>  -131.380375063
HOST|0.00012|-0.12751|0.21125|0.05435|-0.23589|-0.26656|-0.10159 =>  -122.675002861
SERVER|0.00004|-0.17928|0.02412|0.10574|0.39204|0.42924|0.55687 =>  222.052471814
SERVER|-0.00014|0.05581|0.30358|-0.08205|-0.18237|0.04717|0.84725 =>  84.0752320398
SERVER|-0.00028|0.02022|-0.07893|0.06935|0.22950|-0.55202|-0.48546 =>  -103.716123774
SERVER|-0.00012|0.23841|-0.05359|0.20241|-0.38412|-0.28021|-0.26480 =>  -219.967026372
SERVER|-0.00004|-0.00689|-0.15055|-0.08975|0.12517|0.49061|0.04661 =>  23.7892200416
SERVER|0.00005|0.30781|-0.04360|-0.06738|0.28664|0.27724|-0.26450 =>  70.7724855272
SERVER|-0.00012|-0.24013|0.17314|-0.12862|0.17955|0.34983|0.31179 =>  40.4254676528
SERVER|0.00001|-0.06507|0.21578|-0.05880|-0.17293|-0.62327|-0.03200 =>  -105.00671151
SERVER|0.00013|-0.23707|-0.18668|0.08188|-0.16731|-0.20480|0.64393 =>  32.6591862936
HOST|-0.00006|-0.12378|0.07632|-0.13921|0.17477|-0.33463|-0.17649 =>  -33.5168403865
HOST|0.00017|-0.12188|0.03027|-0.12029|-0.02159|-0.11368|0.74543 =>  159.611385252
HOST|0.00001|-0.13542|0.07445|-0.13769|-0.02636|0.41516|-0.15845 =>  -63.7932850039
HOST|0.00007|-0.08535|0.17298|-0.05819|-0.29989|0.18811|0.44698 =>  -3.0774432048
HOST|0.00018|-0.21753|0.09337|0.12343|0.03449|-0.31233|-0.34159 =>  -83.7977806489
HOST|0.00002|0.08953|0.01449|0.05291|-0.02801|0.53796|0.02577 =>  -1.18004097808
SERVER|0.00002|0.42563|-0.08566|-0.22136|0.02307|0.22191|-0.00231 =>  47.2203019183
SERVER|-0.00004|0.12688|-0.06315|0.04307|0.09637|-0.17731|0.22005 =>  73.6420482026
SERVER|0.00012|0.16848|0.01713|0.04839|0.10513|-0.06581|-0.40247 =>  -46.7312196026
SERVER|0.00004|-0.28222|-0.26309|0.04930|-0.35805|0.04159|0.41485 =>  -94.8714216385
SERVER|-0.00014|0.24468|-0.28462|0.03115|0.01213|-0.23749|-0.40783 =>  -115.399128828
HOST|0.00010|-0.37123|-0.00273|0.06427|-0.00264|0.39848|-0.12001 =>  -82.7108459961
HOST|0.00001|0.23865|0.01022|0.03005|0.01788|-0.37522|-0.36593 =>  -58.8148481462
SERVER|0.00021|0.22007|0.17163|0.15111|0.42138|0.36822|-0.06934 =>  172.176666777
SERVER|0.00009|-0.06232|-0.25246|0.15374|0.47657|-0.05340|-0.49797 =>  16.7019384479
SERVER|-0.00010|0.00484|0.01878|-0.01486|0.27320|0.38870|-0.11088 =>  24.2027967661
SERVER|0.00007|-0.31382|-0.11569|-0.08332|-0.29943|0.29472|-0.55019 =>  -289.291406875
HOST|0.00008|0.26286|0.09070|-0.09140|0.10026|0.04092|-0.21022 =>  39.5103087195
SERVER|-0.00011|0.41166|-0.02253|0.16132|-0.14977|-0.08469|-0.18077 =>  -85.4821862005
SERVER|-0.00003|0.38676|-0.13670|-0.03345|0.29575|0.27215|-0.02834 =>  121.414555418
HOST|0.00003|0.20717|0.10645|-0.07580|-0.10649|0.04022|0.35232 =>  90.2991719022
SERVER|0.00014|0.76977|0.00397|-0.08109|0.06159|0.67789|-0.17530 =>  67.1084277163
SERVER|0.00002|-0.08785|-0.23560|0.13448|-0.12441|1.10989|-0.60741 =>  -214.891221331
SERVER|0.00012|0.03022|-0.23270|0.11872|0.00480|0.32642|0.22512 =>  41.3215445815
HOST|0.00007|0.41280|-0.21616|-0.19113|0.16718|0.26951|0.33261 =>  199.061005622
HOST|0.00005|-0.01266|0.03176|0.09840|0.11656|0.20724|-0.16772 =>  8.3563961177
HOST|0.00007|0.47381|0.26213|-0.09446|-0.05144|-0.34777|0.03128 =>  55.5815214865
HOST|-0.00002|0.04895|0.03201|-0.06515|0.08652|0.09812|-0.07245 =>  -8.1456641122
SERVER|-0.00027|-0.70672|-0.01868|0.08180|0.03630|0.37538|-0.14564 =>  -192.56546666
SERVER|-0.00004|-0.47451|-0.10507|0.00317|0.21637|-0.44363|0.15654 =>  3.13790102328
SERVER|-0.00011|-0.18183|-0.30420|0.04160|-0.22104|0.26786|0.37600 =>  -66.3154711436
SERVER|-0.00026|-0.55520|0.35766|0.21584|0.07501|0.20025|-0.49352 =>  -232.303295131
HOST|0.00020|0.28016|-0.15398|-0.21946|-0.18647|-0.34489|-0.70769 =>  -183.686807188
SERVER|-0.00010|-0.06114|-0.03145|-0.01129|0.04532|0.56906|0.19008 =>  5.32483924503
SERVER|-0.00024|-0.15493|0.03182|-0.06055|0.17518|-0.07819|0.23804 =>  20.5270219169
HOST|0.00004|0.76738|0.02460|0.04705|0.00112|0.06840|-0.23872 =>  59.9262135391
HOST|-0.00010|-0.12376|0.14942|0.04500|-0.03824|0.27006|0.21120 =>  -2.56645581453
SERVER|0.00001|-0.19827|-0.13891|0.07239|-0.18250|-0.32715|-0.10280 =>  -142.01680078
HOST|0.00006|-0.10121|0.04461|-0.00606|-0.12559|-0.03505|-0.75029 =>  -227.574236043
HOST|-0.00016|-0.25790|-0.06294|0.02451|0.11328|0.22165|-0.40445 =>  -129.974156729
SERVER|0.00011|-0.25309|-0.07632|0.12764|-0.10430|0.40417|-0.07768 =>  -105.246973871
HOST|-0.00005|-0.17976|0.20273|0.08570|-0.14144|-0.55173|-0.55761 =>  -219.469717954
SERVER|-0.00003|0.03741|-0.08748|-0.00319|0.13342|0.16944|0.28985 =>  91.7778150102
SERVER|-0.00020|0.18754|-0.21741|0.18642|0.22174|-0.51502|-0.02060 =>  47.4313186873
HOST|0.00011|-0.25354|0.23109|0.01766|0.33821|0.08929|-0.61351 =>  -44.5547719605
SERVER|-0.00007|-0.17959|0.23614|-0.05632|0.03072|-0.03156|-0.00761 =>  -61.594691587
SERVER|-0.00011|-0.14491|0.31821|-0.00978|-0.10680|0.22089|-0.37010 =>  -217.669662031
HOST|0.00001|0.28018|0.24805|0.02057|-0.24981|-0.18756|-0.59564 =>  -189.595904726
SERVER|-0.00010|0.70258|-0.10936|0.07592|0.21718|-0.31168|-0.74784 =>  -42.0091109717
SERVER|0.00002|0.48893|0.20193|0.03386|-0.01314|-0.07667|0.24164 =>  95.1947346802
HOST|0.00004|0.13132|0.12789|-0.08019|0.42271|0.11034|0.83721 =>  360.816596418
HOST|-0.00006|-0.40734|-0.11921|0.09162|-0.15555|0.35021|0.53878 =>  -1.10727231751
SERVER|0.00005|-0.15173|0.02689|0.03067|0.27203|0.19168|-0.09064 =>  49.1308118489
HOST|0.00007|-0.27442|0.06046|-0.13307|-0.11753|-0.36107|-0.38524 =>  -158.519600954
SERVER|0.00012|0.02363|-0.20846|0.09629|0.11316|-0.01734|-0.37775 =>  -50.5199140834
SERVER|-0.00005|-0.08214|0.06456|0.04285|0.45218|0.45833|0.31367 =>  184.981816216
SERVER|0.00010|0.28402|0.04898|0.09541|-0.30801|-0.51090|-0.19154 =>  -133.125785725
HOST|-0.00007|0.64003|0.06479|-0.01976|-0.19835|0.39149|0.34522 =>  69.6474407801
SERVER|-0.00006|0.12170|0.25212|-0.03022|0.23506|0.48664|-0.84426 =>  -131.857088823
HOST|0.00010|0.30402|-0.01241|-0.02939|-0.15379|0.31975|0.12153 =>  29.3543930685
HOST|0.00006|0.12713|-0.06613|-0.02299|0.03711|-0.40395|0.69042 =>  195.05756297
SERVER|-0.00017|-0.07173|0.35214|-0.14572|0.08209|0.71032|0.15488 =>  -2.00547139418
SERVER|0.00012|0.01873|0.06069|-0.18204|0.15638|-0.26141|-0.51230 =>  -64.8228334147
HOST|-0.00008|0.26299|-0.04190|-0.06520|-0.11669|0.08144|-0.16208 =>  -43.7443893744
HOST|-0.00002|-0.38374|-0.18512|0.00890|-0.22384|0.05315|0.35729 =>  -72.6616870128
SERVER|-0.00008|-0.01868|-0.18620|0.17055|0.01971|-0.24846|-0.18787 =>  -75.9101760143
SERVER|0.00013|0.01557|-0.01613|0.02178|-0.09494|0.31971|0.19193 =>  -6.62918262784
HOST|-0.00008|0.05782|-0.17936|0.05913|0.26933|-0.19801|0.25116 =>  132.495136139
HOST|0.00015|-0.21390|0.13173|0.00172|0.02839|-0.45102|0.36812 =>  80.7126961943
HOST|0.00012|-0.22044|0.28207|-0.09467|0.01808|-0.49163|-0.34026 =>  -92.663252473
SERVER|0.00015|0.16469|-0.05045|0.06985|-0.19381|0.57500|0.74398 =>  132.673425983
SERVER|-0.00024|0.54634|0.03175|-0.04890|0.13048|0.18618|-0.29189 =>  -4.74691291124
SERVER|0.00025|0.28212|-0.00484|-0.11021|0.36499|0.39898|-0.24756 =>  132.660407719
HOST|0.00026|0.31043|0.02639|-0.14028|-0.02603|-0.25057|0.28337 =>  126.049302716
HOST|0.00011|0.13296|0.14825|0.03025|-0.16555|-0.15299|-0.29527 =>  -99.609665184
SERVER|0.00015|-0.17178|0.21811|-0.02868|0.02104|-0.90011|-0.52201 =>  -150.048131585
HOST|-0.00007|0.30431|-0.04718|0.14997|-0.10825|-0.09426|0.05177 =>  -15.1510724225
HOST|0.00008|0.14256|-0.28345|0.05396|-0.02327|0.10167|0.28516 =>  82.6709572178
SERVER|-0.00000|0.11124|0.29782|-0.07565|-0.26928|-0.21704|0.07140 =>  -91.6328700465
SERVER|0.00007|0.05292|-0.24730|-0.02978|0.05940|-0.19357|0.10589 =>  42.8805501142
SERVER|-0.00009|0.48710|-0.10831|-0.04809|-0.02628|-0.53707|-0.53956 =>  -104.702924835
HOST|0.00012|-0.30728|0.22136|0.04058|0.05105|0.47722|0.10020 =>  8.05802411282
SERVER|-0.00023|-0.03244|-0.11001|0.12288|0.22972|-0.69535|0.22254 =>  50.2677691671
SERVER|-0.00000|-0.41868|0.16203|-0.08599|-0.04325|0.06416|-0.54275 =>  -220.472019736
HOST|0.00010|0.32329|0.18775|0.12285|0.38731|-0.29726|-0.23810 =>  125.509473591
HOST|0.00019|0.19640|0.26440|0.03656|0.05274|0.11021|-0.56884 =>  -61.277102498
HOST|0.00009|0.00790|0.02985|0.01345|0.18245|0.47294|0.22467 =>  137.64739953
HOST|0.00006|0.07034|0.05549|0.01076|-0.04591|-0.20874|0.10807 =>  13.4820334057
SERVER|0.00003|-0.28351|-0.10757|-0.18838|-0.00601|-0.15197|-0.71368 =>  -233.583172423
HOST|0.00004|-0.10538|0.16840|-0.06057|-0.08087|-0.14741|-0.02972 =>  -49.6820340423
SERVER|-0.00005|0.59285|-0.16419|0.03023|-0.20347|-0.71518|-0.03594 =>  -33.3036417219
HOST|-0.00003|-0.02679|-0.04408|0.04704|-0.28306|-0.41890|-0.32072 =>  -197.608055308
HOST|-0.00006|-0.44488|0.15143|0.05334|0.01096|0.09927|0.35423 =>  -9.431241593
HOST|-0.00005|-0.33762|0.05625|-0.17318|0.23355|-0.66561|0.40346 =>  117.694523852
HOST|0.00006|-0.13740|0.08031|-0.02187|-0.12640|1.06544|-0.46065 =>  -172.545159974
SERVER|-0.00006|0.05768|-0.36689|-0.01910|0.33564|-0.19392|0.37850 =>  172.389909648
SERVER|0.00006|0.15467|0.21533|0.03471|0.06167|-0.18419|-0.32910 =>  -58.2672640014
SERVER|-0.00005|-0.12608|0.32806|0.03584|-0.31815|0.18083|-0.21771 =>  -215.714116559
HOST|-0.00014|-0.26456|-0.10189|0.13212|0.06577|0.45771|-0.07350 =>  -55.0105901615
SERVER|-0.00009|0.30539|-0.05817|0.00082|0.19073|-0.05008|-0.22900 =>  12.8838651239
SERVER|-0.00022|0.03016|0.10950|-0.07806|-0.27731|0.16198|-0.04961 =>  -174.163659587
SERVER|-0.00004|0.19334|-0.18749|-0.07823|0.07830|-0.27996|0.06180 =>  40.261923001
SERVER|-0.00004|0.00458|-0.10693|0.05828|0.15347|-0.02933|-0.45093 =>  -90.3035701597
SERVER|0.00014|0.14438|0.07241|-0.19578|0.26690|-0.07251|-0.27190 =>  40.4781443798
HOST|-0.00006|-0.14885|-0.02101|0.01923|0.04191|0.77743|0.52202 =>  98.1044954644
HOST|-0.00001|0.16072|0.17113|-0.07930|0.25256|0.35367|0.13473 =>  127.810830926
HOST|0.00002|0.07162|0.02073|-0.15328|0.03509|-0.21552|-0.15227 =>  -24.1952584006
HOST|-0.00005|-0.14274|0.03382|-0.04306|-0.19643|0.34295|0.40037 =>  -17.3814571156
SERVER|-0.00003|-0.09543|-0.06118|0.03988|-0.06057|0.40880|0.30397 =>  8.57433838835
SERVER|-0.00007|-0.30001|0.08588|-0.15613|0.01169|-0.14510|-0.39002 =>  -170.900419355
SERVER|0.00007|0.02340|0.03901|0.09864|-0.28045|-0.14552|-1.11205 =>  -376.539583959
SERVER|-0.00016|-0.04579|0.00003|-0.07333|-0.14771|0.18746|-0.33769 =>  -198.113165619
SERVER|-0.00008|0.13771|0.02386|-0.01407|0.26359|-0.05267|0.36247 =>  155.756027582
SERVER|0.00014|-0.10613|0.04267|-0.09588|-0.10963|-0.14229|0.06918 =>  -39.4166872109
HOST|-0.00008|0.10942|0.05139|-0.11994|-0.00568|-0.57848|-0.23471 =>  -76.5076628356
HOST|0.00009|-0.61922|-0.17574|-0.01245|0.08352|-0.38534|0.44010 =>  55.7872329636
HOST|-0.00029|-0.23131|0.11607|0.04018|-0.26376|-0.14810|0.33676 =>  -107.224391546
SERVER|0.00005|0.07617|0.08680|-0.02229|-0.29369|-0.10429|0.20141 =>  -64.9815391349
HOST|0.00010|-0.02053|-0.08760|0.05300|-0.03949|0.27441|-0.02207 =>  -19.4937332407
SERVER|0.00007|-0.53369|0.15845|-0.00804|-0.04832|-0.01238|-0.13679 =>  -132.433234451
SERVER|0.00010|-0.24706|0.08846|0.15205|0.02297|0.85104|0.47717 =>  71.5242588217
HOST|-0.00021|0.16916|-0.18428|-0.06715|0.04159|0.22317|-0.34667 =>  -93.7455654153
HOST|0.00003|-0.12580|0.08377|0.06875|-0.09694|0.52390|0.62313 =>  77.0878475199
SERVER|-0.00008|-0.51592|-0.07152|0.07471|0.06027|0.22846|-0.09557 =>  -113.95511106
SERVER|0.00009|-0.45381|-0.11656|0.15724|0.06070|-0.43557|0.18071 =>  -3.5519556524
SERVER|0.00014|0.14830|0.12000|-0.00397|0.10973|-0.14428|0.37233 =>  144.456986816
HOST|0.00003|0.06056|-0.06439|-0.15902|-0.01773|-0.33007|0.03853 =>  2.80594542858
HOST|0.00004|-0.28891|-0.12255|0.00809|-0.41999|-0.17218|-0.24433 =>  -261.707041499
HOST|-0.00001|0.12957|0.01295|0.20025|0.03704|-0.14069|0.16009 =>  52.587820602
HOST|0.00006|-0.19601|-0.09026|0.13542|-0.19930|-0.09507|-0.30617 =>  -185.73026714
SERVER|0.00003|-0.17418|0.05648|0.00606|-0.08164|0.12652|0.36979 =>  3.33795464218
HOST|0.00011|0.26953|-0.07128|0.09964|0.36504|0.10102|-0.07477 =>  167.006005816
HOST|-0.00011|-0.24515|-0.25397|-0.13051|-0.04297|0.08552|0.28428 =>  -14.28781802
SERVER|0.00011|0.13116|0.08222|0.03058|0.13454|0.02172|-0.66407 =>  -102.20827555
HOST|-0.00010|-0.13726|-0.10781|0.09450|-0.26118|-0.19524|-0.19472 =>  -183.074686761
HOST|-0.00001|-0.39698|0.21966|-0.08895|0.02757|0.55053|-0.33951 =>  -142.314244462
HOST|0.00004|-0.20464|-0.24911|-0.11604|-0.21503|-0.25412|-0.78215 =>  -292.414074039
HOST|-0.00006|-0.24805|0.18778|-0.06298|-0.28773|0.42891|0.75109 =>  16.5914924232
HOST|0.00003|0.37339|0.20566|0.06420|0.13615|0.46593|-0.37077 =>  1.03938830787
HOST|-0.00009|-0.21964|0.10129|0.05790|-0.10126|0.08194|-0.42685 =>  -185.81323023
HOST|-0.00008|-0.30019|0.09641|0.07348|0.05672|0.35936|0.62394 =>  80.7025366029
HOST|-0.00000|0.25613|0.18980|-0.01192|-0.23123|0.10222|-0.97653 =>  -284.619075527
SERVER|0.00017|-0.49113|-0.20339|-0.05277|-0.48326|-0.49804|0.77101 =>  -56.3313963067
HOST|0.00011|-0.60443|-0.05761|0.14552|0.02910|-0.19532|-0.12742 =>  -86.0076314627
HOST|0.00008|0.35451|-0.00274|0.03439|-0.16008|0.08081|-0.06276 =>  -22.2198659232
SERVER|-0.00016|0.24095|0.18401|-0.09607|0.04430|-0.10542|-0.02626 =>  -15.4638049145
HOST|-0.00024|0.31221|-0.11401|-0.18970|0.23990|-0.04722|-0.26289 =>  17.173478146
HOST|0.00002|-0.28165|0.04870|-0.03477|-0.10606|0.18128|0.31735 =>  -26.5777254685
HOST|-0.00015|0.22647|-0.34170|-0.01512|0.04244|0.11865|-0.43584 =>  -90.4995896322
SERVER|0.00027|0.33349|-0.07200|-0.00839|-0.15616|-0.27386|-0.49628 =>  -92.748245654
SERVER|-0.00006|-0.19300|-0.18948|0.02871|-0.01586|0.52568|-0.21050 =>  -114.105716029
HOST|0.00008|0.30214|0.30160|0.04726|0.18961|0.20413|0.14411 =>  130.750090136
SERVER|-0.00017|-0.24463|0.27446|-0.02869|0.02054|0.36295|0.37290 =>  7.67977885851
HOST|-0.00024|0.09403|-0.28864|-0.10730|-0.22970|0.01202|0.96671 =>  114.836526373
HOST|-0.00010|0.28767|0.14292|0.18015|0.05753|0.28973|-0.19081 =>  1.70384532082
HOST|0.00006|0.35105|-0.37398|-0.03772|0.07227|-0.24188|-0.17242 =>  26.7604285547
SERVER|0.00015|0.05810|-0.32505|-0.09187|0.35554|-0.10769|0.23339 =>  200.971101687
SERVER|-0.00000|-0.59330|-0.21253|-0.00274|0.17766|-0.04704|-0.23226 =>  -102.104911941
SERVER|0.00004|0.40634|0.10609|0.12914|-0.30586|-0.37035|0.33985 =>  -2.18741450569
HOST|-0.00008|-0.09169|-0.09389|0.06827|0.00139|0.83642|0.16355 =>  16.3751538207
HOST|-0.00012|0.07384|-0.06304|0.02392|0.11228|0.52342|0.60849 =>  166.239441661
SERVER|-0.00017|0.08476|0.19103|-0.03667|-0.08597|-0.10087|-0.51932 =>  -194.322140978
SERVER|-0.00004|0.27046|0.34839|0.15995|-0.25051|0.53434|0.83494 =>  104.984343592
HOST|0.00008|0.18421|-0.14147|0.06298|-0.12914|-0.20940|-0.00060 =>  -12.80631132
SERVER|-0.00010|0.22732|0.08258|-0.18987|0.35332|-0.20114|0.07787 =>  122.726239755
HOST|-0.00004|0.03853|0.08912|0.12589|-0.00303|-0.21118|-0.00041 =>  -20.2972548398
HOST|-0.00013|0.25131|-0.11394|0.18031|0.37825|-0.48430|-0.14452 =>  128.881869282
SERVER|0.00013|0.08091|0.14925|0.12515|-0.40458|0.32596|-0.61284 =>  -265.174785465
SERVER|0.00003|0.10697|0.08965|-0.04120|0.14107|0.14320|0.52946 =>  157.845224026
SERVER|-0.00005|-0.28117|0.01437|-0.00156|-0.07069|0.07300|-0.29791 =>  -168.615782144
HOST|0.00003|-0.04626|0.15034|0.07794|-0.03829|-0.14498|0.50548 =>  86.5985495428
HOST|0.00000|-0.36238|-0.19048|0.18018|0.05186|-0.20538|0.03878 =>  -48.1628406187
HOST|0.00012|0.08807|0.21049|-0.15847|0.24754|-0.36840|0.25009 =>  172.913699369
HOST|0.00007|-0.08020|-0.02468|-0.14294|-0.21814|-0.04184|0.31365 =>  -13.2132426247
HOST|-0.00002|-0.44754|-0.28917|0.03939|-0.14058|0.01923|-0.58080 =>  -255.568091788
SERVER|-0.00021|0.15306|0.15931|-0.01291|0.08893|-0.36669|-0.03370 =>  -34.6613105956
HOST|-0.00014|0.36883|0.04735|0.02706|0.06763|0.29763|-0.44534 =>  -52.8464272211
SERVER|-0.00010|0.17559|0.06046|-0.03771|0.26811|0.32930|-0.50294 =>  -44.4957237207
HOST|-0.00014|-0.57713|0.13626|0.07618|0.01477|0.26632|0.16079 =>  -71.2647812542
HOST|0.00002|0.16979|-0.02640|0.09003|-0.03516|-0.19526|0.26048 =>  67.2250274793
HOST|-0.00011|0.13326|-0.04299|0.07682|0.12978|-0.00837|0.51475 =>  146.167531064
SERVER|-0.00020|-0.32766|0.01085|-0.04981|0.29228|-0.16672|0.87572 =>  182.985898057
SERVER|-0.00004|0.14120|-0.09168|0.01814|0.33001|0.08201|0.11065 =>  130.837684376
HOST|0.00017|-0.23002|-0.17404|-0.13457|0.25914|0.38049|-0.21148 =>  28.6842179771
HOST|-0.00005|-0.24806|-0.22084|-0.05427|-0.09604|-0.18193|0.78217 =>  91.4712595814
SERVER|-0.00007|0.97898|0.13981|0.22153|-0.05831|-0.13260|-0.48019 =>  -32.4857773024
HOST|-0.00001|0.41759|0.02762|0.00120|0.25419|-0.14621|0.11089 =>  153.9525346
SERVER|0.00002|0.09840|0.17073|0.05844|0.14003|0.45055|0.20913 =>  92.4331784463
HOST|-0.00001|0.61714|0.06681|0.12981|0.31724|0.01210|0.22855 =>  241.186717918
HOST|-0.00002|0.26062|-0.04874|0.09091|-0.00734|-0.41212|-0.12585 =>  0.132066151488
SERVER|0.00004|-0.54994|0.26539|0.18286|-0.18249|-0.11029|0.09656 =>  -149.390329568
HOST|0.00007|0.10724|0.00320|0.00687|-0.23069|0.32425|-0.17454 =>  -120.062526838
HOST|0.00003|0.19955|-0.20796|-0.08622|0.15161|0.27186|0.26347 =>  137.837228217
HOST|-0.00005|0.75823|0.17882|0.05365|-0.34593|0.36246|-0.59232 =>  -163.742642861
HOST|0.00003|0.23651|0.08220|-0.07517|0.07266|0.14999|0.13922 =>  88.0251605607
HOST|-0.00013|0.47085|-0.24732|-0.12698|-0.16759|-0.10957|0.00872 =>  -25.6879457115
HOST|-0.00002|0.44034|0.14364|0.03733|-0.12031|-0.49411|0.10745 =>  31.5528753314
SERVER|0.00018|0.09359|-0.15269|0.01907|0.00982|0.06515|-0.69164 =>  -134.459269894
HOST|0.00001|-0.07454|-0.01424|-0.00364|0.17893|0.04638|0.17812 =>  98.0210901784
SERVER|0.00001|0.21584|-0.06202|0.06103|-0.02013|-0.23671|-0.03298 =>  -6.09281047975
HOST|-0.00005|-0.30865|-0.24885|-0.09810|0.14718|-0.29200|0.47597 =>  103.459925272
SERVER|-0.00001|-0.65900|-0.11687|-0.06567|0.08690|0.21238|0.05103 =>  -77.9885790364
HOST|-0.00010|-0.24998|0.14122|0.02783|0.19618|-0.53926|0.23414 =>  57.8477709391
SERVER|0.00007|0.21094|0.07644|0.06355|0.04285|-0.64498|0.05729 =>  13.7818020219
HOST|0.00001|-0.16264|0.14792|0.14713|-0.15247|0.02620|-0.12024 =>  -107.848277979
HOST|0.00010|0.50400|0.06332|-0.04144|-0.10915|-0.58985|0.51151 =>  163.427434688
HOST|0.00009|0.29737|-0.31708|0.05167|0.16140|-0.37830|-0.56975 =>  -23.9829716309
HOST|0.00015|-0.05052|-0.09858|0.01268|0.05466|-0.05754|-0.42998 =>  -73.6842551598
SERVER|-0.00017|-0.01107|-0.11118|0.09847|-0.68237|0.02920|-0.01543 =>  -310.161130436
HOST|0.00004|-0.13029|-0.15528|-0.05780|0.09938|0.64182|-0.27238 =>  -58.8266466232
HOST|0.00012|-0.10865|0.04058|0.03627|-0.19664|-0.37567|0.13739 =>  -35.4056106511
SERVER|0.00029|-0.46901|0.25600|0.04284|0.05366|-0.05929|-0.04839 =>  -35.0240503669
SERVER|0.00003|-0.23615|0.14798|0.12947|0.25999|0.06788|-0.43901 =>  -56.8372151193
HOST|0.00001|0.22034|-0.16916|0.08522|-0.02257|0.30349|0.04716 =>  19.7083807816
HOST|-0.00003|0.02261|0.23648|-0.00180|-0.27073|0.29720|-0.11335 =>  -139.709378053
SERVER|-0.00005|0.25835|-0.23887|-0.30698|-0.02861|0.11040|-0.01288 =>  -25.4701487468
HOST|-0.00028|0.03408|0.00000|-0.07795|0.06900|0.18742|-0.10675 =>  -37.2498845153
HOST|-0.00018|-0.32394|-0.09282|-0.02857|0.04891|-0.27846|-0.25112 =>  -136.003278854
SERVER|0.00002|-0.17223|-0.08066|-0.06773|0.01845|-0.13317|-0.46064 =>  -151.66859538
HOST|0.00000|0.10882|0.15579|-0.04193|0.28851|0.18086|-0.17320 =>  62.5646660874
HOST|-0.00016|-0.04647|-0.20642|0.02335|-0.21030|-0.13701|0.11542 =>  -96.5641050664
HOST|-0.00023|-0.45018|0.04560|-0.01131|0.32322|-1.00686|-0.16266 =>  -38.2220774352
SERVER|0.00001|-0.03973|-0.13000|0.10619|0.08890|0.14226|-0.11905 =>  -26.7587853789
HOST|-0.00007|0.27587|0.11059|-0.01234|0.25418|-0.09622|-0.05141 =>  97.5041786721
HOST|0.00019|0.54026|-0.18292|-0.06610|-0.04608|-0.23699|-0.00452 =>  77.72817782
HOST|-0.00008|0.43494|0.26795|-0.04113|-0.04553|-0.29563|0.43437 =>  119.602362721
HOST|-0.00007|0.10623|-0.19171|0.02113|-0.12342|-0.62325|-0.30383 =>  -116.802457271
SERVER|-0.00015|0.05620|-0.07759|0.00164|0.05964|0.48976|-0.43129 =>  -127.917273804
HOST|-0.00021|-0.10912|-0.05348|0.04701|0.28458|0.59010|-0.51725 =>  -86.7525553198
HOST|-0.00003|-0.11047|-0.10096|0.05711|0.29565|-0.38430|-0.06294 =>  50.426507586
SERVER|-0.00024|0.49403|0.05264|-0.00190|-0.14749|0.03493|-0.35020 =>  -116.181628844
HOST|0.00005|-0.16090|-0.14030|-0.07757|0.20184|-0.45926|-0.28332 =>  -28.1069212994
SERVER|-0.00003|0.15912|-0.14000|-0.01404|-0.00670|0.17109|-0.22871 =>  -67.0152932167
HOST|-0.00006|0.75108|0.05622|-0.02929|-0.00879|-0.33901|-0.07513 =>  103.112607002
HOST|0.00014|-0.34835|0.13604|0.00760|-0.08546|0.12658|-0.04775 =>  -68.0524392457
SERVER|-0.00004|-0.11350|0.22413|-0.02185|0.28859|-0.16903|-0.17978 =>  17.4869297067
SERVER|0.00002|-0.17594|-0.23330|0.06096|-0.03546|0.15839|-0.03742 =>  -66.5234936377
SERVER|0.00014|0.03550|0.22248|0.06150|0.27618|-0.04709|-0.76013 =>  -76.493297827
HOST|-0.00015|0.06517|0.05467|-0.17175|0.13284|0.09389|0.27168 =>  75.6142978124
SERVER|0.00005|0.53536|-0.25858|-0.08371|-0.22673|-0.29862|-0.61151 =>  -149.604198871
HOST|-0.00001|0.14486|-0.10242|0.00460|0.19374|0.07754|0.41166 =>  186.231660996
HOST|-0.00010|0.19986|-0.07760|-0.14326|0.30345|-0.46810|0.04853 =>  116.149852526
HOST|0.00006|-0.05588|-0.09726|0.08473|-0.39523|-0.50847|0.22123 =>  -109.887455248
HOST|-0.00013|-0.02590|-0.14691|0.13966|-0.03391|0.16968|0.75153 =>  110.981040075
SERVER|0.00023|-0.12308|-0.22304|0.07288|0.32302|0.07177|0.34886 =>  173.258648566
SERVER|0.00004|0.83460|-0.02854|-0.17984|0.09801|0.15329|0.56495 =>  274.138145373
SERVER|0.00004|-0.14883|0.31668|-0.12860|0.02535|0.23108|0.80450 =>  153.404524134
SERVER|0.00004|0.05444|0.16796|-0.00969|0.05564|-0.24975|-0.16347 =>  -23.2593599381
HOST|-0.00022|-0.04780|0.14642|-0.20355|-0.03955|-0.25942|-0.04109 =>  -65.7889489137
HOST|-0.00020|0.29056|0.03024|0.02124|-0.18940|0.04449|0.07887 =>  -45.3884947015
SERVER|0.00007|0.40668|0.32200|0.14273|-0.01914|-0.20972|0.44764 =>  122.017945309
HOST|-0.00021|0.52339|-0.12168|0.00443|0.27337|0.03031|-0.12439 =>  95.4748995502
SERVER|-0.00019|-0.25414|0.31456|0.04135|0.01128|0.40859|0.28089 =>  -27.7220363933
HOST|-0.00008|0.10494|-0.04884|-0.10134|0.17195|0.08470|0.76307 =>  235.986236484
SERVER|-0.00006|-0.40654|-0.00184|-0.13022|-0.13935|-0.27435|0.47284 =>  -39.4934551468
SERVER|0.00001|-0.02330|0.22734|-0.04200|0.37027|0.12348|0.93099 =>  303.599407233
SERVER|0.00003|-0.30234|-0.15613|0.05829|-0.22562|-0.49671|-0.06968 =>  -163.020185588
SERVER|-0.00003|-0.04477|0.27505|-0.03089|0.19447|-0.17914|-0.28779 =>  -42.0847359634
HOST|-0.00001|-0.01267|0.09579|0.12754|0.29945|0.33375|0.66848 =>  245.910086716
HOST|-0.00008|0.17885|0.03836|-0.05094|0.13945|0.39884|-0.27717 =>  -22.2985793609
HOST|0.00021|0.04670|-0.07639|0.17160|0.10619|-0.14800|0.84392 =>  255.566214576
SERVER|-0.00001|0.08558|0.06146|0.05822|-0.18304|-0.13302|0.47730 =>  22.8314310336
HOST|0.00006|-0.36561|0.05171|-0.15234|0.19911|0.02204|0.84836 =>  206.806259371
SERVER|0.00015|0.74479|-0.07750|0.12378|0.03848|-0.13545|0.40467 =>  211.363194987
SERVER|0.00012|-0.21681|0.04266|0.00933|-0.47449|0.36881|0.27772 =>  -134.214711325
SERVER|-0.00016|-0.21778|0.12627|-0.09290|-0.14080|0.04331|-0.12480 =>  -172.118644969
SERVER|-0.00009|-0.52329|-0.00129|-0.06215|-0.30626|-0.50968|-0.08522 =>  -270.72919402
SERVER|0.00005|-0.22193|0.04271|0.08330|0.05358|-0.00907|-0.13647 =>  -57.0548905678
HOST|-0.00003|0.54292|-0.23662|0.11937|-0.06130|0.00549|0.18831 =>  76.3712168913
HOST|-0.00003|-0.00412|-0.14569|0.01666|-0.17288|0.28773|-0.13968 =>  -108.390401016
HOST|-0.00013|0.51707|0.09912|0.14102|0.32457|0.54450|0.23136 =>  215.249880602
HOST|0.00019|0.31405|0.30360|0.06564|-0.00202|-0.19919|-0.71157 =>  -101.977181679
SERVER|0.00010|-0.17498|-0.22971|0.04419|0.05702|0.00282|0.04331 =>  -7.05642849111
HOST|-0.00010|0.10809|0.12102|-0.05522|-0.06514|0.18010|-0.11934 =>  -58.1240776592
HOST|-0.00017|0.15364|0.11029|-0.02304|0.14733|0.45789|0.35041 =>  107.714195042
HOST|0.00003|-0.11276|-0.10723|-0.07709|0.13778|-0.48527|0.25006 =>  73.9551646149
SERVER|0.00001|-0.52382|0.10317|0.12954|-0.00829|-0.45545|-0.05718 =>  -122.746632407
HOST|-0.00008|0.27418|-0.07752|-0.10585|-0.27678|-0.05298|0.66949 =>  70.4766852295
HOST|0.00006|-0.20190|-0.00608|-0.04541|0.06604|-0.18998|0.53300 =>  119.838486877
HOST|0.00002|0.30392|-0.12258|0.01964|0.20998|0.04655|-0.14645 =>  65.0721675082
HOST|-0.00009|0.00146|0.14069|0.18655|-0.22011|-0.23240|-0.69435 =>  -278.299728186
SERVER|0.00007|-0.18035|-0.10487|-0.07868|0.06065|0.07418|-0.28080 =>  -87.3987876678
SERVER|0.00003|0.25838|-0.08455|-0.10678|-0.32583|-0.09871|0.25269 =>  -70.7935703495
HOST|-0.00003|-0.28159|-0.04828|-0.02541|-0.43464|0.34079|0.01065 =>  -214.654408829
SERVER|0.00008|-0.20808|0.08495|0.00459|-0.18667|-0.40538|-0.18181 =>  -149.29089774
SERVER|0.00003|-0.35241|-0.16017|0.04622|-0.18215|0.70088|-0.28663 =>  -214.798799177
SERVER|-0.00007|-0.03480|-0.16073|0.04155|-0.07811|-0.19762|-0.79468 =>  -256.289244347
SERVER|0.00018|0.37384|0.01030|-0.06594|0.40150|-0.07977|-0.46282 =>  101.923584488
SERVER|-0.00013|0.22514|0.32406|0.04971|-0.22587|0.66522|0.21021 =>  -63.7355720342
HOST|-0.00011|0.03373|0.11893|0.14579|-0.04331|-0.76461|-0.24509 =>  -92.8712360503
SERVER|-0.00011|-0.34721|0.07262|0.11631|0.14308|0.13218|0.14208 =>  -6.69591591622
SERVER|0.00011|-0.33293|-0.14511|-0.04925|-0.27082|0.08169|0.02044 =>  -149.15142405
HOST|0.00013|-0.05672|-0.07370|-0.09208|-0.10388|-0.19213|-0.22397 =>  -89.573267286
SERVER|0.00002|-0.15348|0.03468|-0.10850|-0.08145|-0.43264|-0.13474 =>  -113.84480533
SERVER|0.00003|-0.39323|-0.01643|-0.06740|0.05306|-0.13768|0.78855 =>  110.767598035
SERVER|0.00023|0.70623|0.05628|0.12422|0.37399|-0.23998|0.02066 =>  252.31531487
HOST|0.00007|0.14477|-0.12435|-0.10297|-0.05791|-0.05565|-0.69671 =>  -158.114641953
SERVER|0.00009|-0.05436|-0.07549|-0.02003|-0.14517|0.34977|0.25407 =>  -24.5331898372
HOST|-0.00015|0.05090|-0.07109|-0.01771|0.02634|0.15700|-0.01085 =>  -29.4796494365
SERVER|0.00010|0.00246|-0.25293|0.12530|-0.17823|0.11677|0.05348 =>  -49.5830757723
SERVER|0.00008|-0.53049|0.15458|-0.00646|0.22719|-0.01111|-0.09863 =>  -18.3997209836
SERVER|0.00012|0.29366|0.13493|0.08467|0.00674|0.45541|-0.27308 =>  -34.8864370591
SERVER|0.00003|-0.39468|-0.05674|0.06821|-0.39671|-0.30568|0.62566 =>  -78.9618493805
HOST|-0.00008|-0.03848|0.05538|0.15305|-0.07507|-0.30165|-0.21830 =>  -99.7095494231
SERVER|0.00002|0.18364|-0.07035|-0.04539|-0.55493|0.07963|0.07838 =>  -176.832273764
SERVER|0.00010|0.01191|0.15229|-0.05929|0.04417|0.68433|-0.11768 =>  -30.5609183764
SERVER|-0.00001|0.25191|-0.13564|-0.21643|0.20026|-0.00677|-0.49397 =>  -37.6163641032
SERVER|-0.00006|-0.62200|0.03545|-0.09904|0.26728|-0.34749|0.40670 =>  51.2642566736
SERVER|-0.00002|0.05522|-0.13416|0.00382|0.33702|-0.09864|-0.28694 =>  39.66290851
SERVER|-0.00005|-0.03978|-0.06902|-0.02110|0.47129|-0.18477|-0.74384 =>  -43.8419844656
HOST|-0.00027|-0.16451|-0.21889|0.03201|-0.26722|-0.55937|-0.69863 =>  -336.180259944
HOST|0.00022|0.19108|0.13107|0.13320|0.05237|0.04637|-0.47084 =>  -34.8340498404
SERVER|0.00004|-0.39720|0.08716|-0.10501|-0.09320|0.25174|-0.37268 =>  -195.630748377
SERVER|0.00017|0.48882|-0.22627|0.00138|-0.07166|-0.64878|-0.09380 =>  15.4437821314
HOST|0.00024|-0.38345|-0.34057|0.02511|0.19628|-0.34227|0.10772 =>  65.6006268788
SERVER|-0.00005|0.48725|0.32063|-0.10841|-0.12802|0.29282|0.17208 =>  4.06956184958
SERVER|0.00025|-0.36882|0.07984|0.07559|-0.08202|-0.26920|-0.63528 =>  -209.043162428
SERVER|-0.00009|0.39453|-0.18285|0.00086|0.01636|0.16652|-0.21198 =>  -46.5314946083
HOST|0.00015|-0.23907|-0.00430|-0.05477|0.17953|0.22821|-0.66003 =>  -111.83801085
HOST|-0.00006|0.03774|-0.12842|0.05629|-0.29131|0.22960|0.20303 =>  -76.7999987398
HOST|0.00012|0.11867|-0.11134|0.03387|0.01448|0.40798|-0.19347 =>  -17.7705569029
HOST|0.00011|0.19628|0.08112|-0.02810|-0.18388|-0.02578|-0.54721 =>  -172.673540318
HOST|-0.00002|0.08545|-0.16130|-0.14512|-0.15118|0.41012|0.81808 =>  135.660084273
HOST|0.00015|-0.03943|0.08851|0.11604|-0.39173|0.00430|0.43801 =>  -21.0018818327
HOST|-0.00014|-0.37224|0.03314|0.25907|0.27608|-0.00791|0.99391 =>  237.178476121
SERVER|0.00005|0.06603|0.19451|-0.07747|-0.15460|0.33553|-0.14381 =>  -105.684800035
SERVER|-0.00022|-0.48877|-0.25641|-0.05466|-0.00355|0.41994|-0.56851 =>  -267.183923284
SERVER|0.00000|-0.40329|-0.39343|0.04779|-0.19864|-0.39624|-0.06879 =>  -175.960268133
SERVER|-0.00006|0.02561|-0.19860|0.09486|-0.26730|-0.05482|0.16855 =>  -87.6539088793
SERVER|-0.00005|-0.20923|0.06662|0.14287|0.11166|-0.17679|-0.64706 =>  -175.90189866
SERVER|0.00007|-0.41705|-0.10320|-0.08403|0.10436|-0.24455|0.17529 =>  3.21034865028
SERVER|0.00006|0.13780|-0.39530|-0.16095|-0.17280|-0.30246|-0.65312 =>  -201.969422846
HOST|0.00004|0.74294|0.13098|-0.04479|-0.26180|0.60158|0.19870 =>  71.9626998355
HOST|0.00003|0.25448|0.00719|0.01694|-0.08987|-0.23670|-0.39225 =>  -103.414852492
SERVER|0.00000|-0.48578|0.07234|0.24566|-0.13325|0.43377|0.02354 =>  -150.126624856
SERVER|-0.00012|0.12672|-0.04997|-0.01917|-0.15522|-0.57654|0.26646 =>  -28.7688596069
SERVER|-0.00003|-0.22736|0.00783|-0.03861|0.07440|0.46987|-0.02099 =>  -42.336598885
SERVER|0.00017|-0.39160|-0.05736|0.03035|0.18813|-0.12999|0.39296 =>  94.8273695921
HOST|-0.00008|0.12953|0.06067|0.05103|-0.00815|-0.03893|-0.27738 =>  -42.3284686712
SERVER|-0.00002|0.04694|-0.14274|-0.12598|0.25814|0.26965|0.11957 =>  96.1035175357
HOST|0.00001|-0.66675|-0.09265|0.17410|-0.04616|-0.50840|-0.03246 =>  -137.383611802
SERVER|-0.00010|0.01438|-0.06331|0.01414|-0.37500|0.01433|0.16094 =>  -140.699518183
HOST|-0.00003|0.02416|0.02307|0.00155|-0.22597|-0.57966|0.46291 =>  9.028062865
SERVER|-0.00005|0.30672|-0.01019|0.07063|0.15435|-0.45572|0.01531 =>  72.832296523
HOST|0.00012|-0.31343|0.07539|-0.12799|0.12942|-0.85673|-0.22466 =>  -31.0590983829
HOST|-0.00002|-0.64593|-0.15708|-0.12689|-0.02307|0.14058|0.30732 =>  -45.9446029652
SERVER|0.00011|-0.08341|-0.07470|-0.05316|0.22505|0.39062|0.14502 =>  83.450639386
HOST|0.00011|0.21942|0.07879|-0.22240|0.19300|-0.14430|0.36027 =>  187.262103755
SERVER|0.00004|0.08314|-0.14268|-0.13332|-0.05825|0.13777|0.50511 =>  83.9150786705
SERVER|-0.00001|0.26749|0.02782|0.04624|0.08746|-0.18350|0.51632 =>  172.44889637
HOST|-0.00007|-0.37528|0.04848|-0.01244|-0.23686|-0.26372|0.71908 =>  22.742040259
HOST|-0.00012|0.00848|0.03459|0.03335|0.14250|0.32480|-0.11814 =>  -3.51520865974
HOST|0.00007|-0.18579|0.28779|0.15974|-0.44415|-0.05302|0.49424 =>  -76.2915614302
SERVER|-0.00017|0.36158|0.18628|0.02694|0.23025|0.38637|0.00047 =>  70.0860294277
SERVER|-0.00016|-0.30652|-0.14151|-0.03334|-0.11357|-0.08363|0.46601 =>  -28.1320082643
HOST|-0.00004|-0.11687|-0.16770|-0.02028|0.26748|0.63351|-0.38269 =>  -29.1018579861
SERVER|0.00005|-0.49071|0.16946|-0.19109|0.10141|0.05612|0.88450 =>  154.380739646
HOST|0.00017|0.34400|-0.23919|0.11763|0.10115|-0.25477|0.24851 =>  159.536032244
SERVER|-0.00004|-0.23708|0.20006|0.03601|-0.34931|-0.27397|-0.47469 =>  -299.012543707
SERVER|-0.00017|-0.13653|0.19042|-0.17200|0.44462|-0.09455|-0.50774 =>  -26.9188801717
HOST|0.00018|-0.46189|-0.34538|0.08783|-0.26124|-0.43503|-0.67645 =>  -299.431368092
SERVER|0.00000|-0.54012|-0.07864|-0.02796|0.16442|-0.01274|0.20345 =>  0.0877989149867
HOST|-0.00001|-0.25914|-0.00440|-0.10629|-0.47152|-0.06508|-0.35865 =>  -310.550516477
SERVER|0.00009|-0.22698|-0.38739|0.10843|0.36531|-0.36576|-0.30977 =>  18.4441170678
HOST|0.00002|0.02996|0.12965|-0.22760|0.09098|-0.55268|0.49247 =>  151.331991962
SERVER|0.00000|-0.00806|0.24744|-0.00179|0.56774|0.27158|0.37676 =>  272.975941466
SERVER|-0.00005|0.05796|0.10134|-0.01394|-0.12549|0.48443|0.35136 =>  0.3952683062
SERVER|0.00006|-0.20053|-0.28267|-0.16348|-0.00957|-0.10413|0.14484 =>  -31.5352138708
HOST|0.00018|-0.43074|-0.18149|-0.03378|0.03219|0.54719|-0.00365 =>  -32.4522801983
SERVER|-0.00021|0.25205|-0.23469|0.10498|-0.10928|0.17291|-0.29664 =>  -124.975482958
HOST|-0.00014|-0.14359|-0.05956|-0.12817|0.18940|0.29118|-0.51162 =>  -106.058530595
SERVER|-0.00008|0.00022|0.02621|0.08354|-0.21384|-0.42555|-0.07994 =>  -127.672206251
SERVER|0.00012|-0.10621|-0.20502|0.08473|0.06464|0.24469|0.34463 =>  82.7751479063
HOST|0.00001|-0.52687|0.00574|-0.03025|0.06348|-0.88152|-0.19854 =>  -120.192598387
HOST|0.00005|0.11255|0.08533|0.05798|0.09054|0.32563|-0.53424 =>  -86.237901218
HOST|0.00011|-0.47447|-0.08820|0.01007|0.15991|0.36286|0.05189 =>  6.27769032346
SERVER|0.00012|-0.04800|-0.10276|-0.12794|-0.12476|0.51175|-0.21214 =>  -104.85799028
HOST|0.00002|-0.17550|0.26822|-0.13522|0.23968|0.09529|1.15946 =>  306.163549577
HOST|-0.00006|-0.39779|0.07149|-0.01726|-0.20965|0.04121|0.58142 =>  0.0751972011656
SERVER|-0.00020|0.38445|-0.00570|0.04341|-0.05760|0.19192|0.38987 =>  58.0885608024
HOST|-0.00004|-0.59412|-0.00657|0.10215|0.24106|0.51136|0.03887 =>  -13.7573838068
HOST|0.00015|0.40516|0.20268|-0.17558|0.03233|0.00873|0.14395 =>  106.861573104
SERVER|-0.00002|0.22274|-0.11152|0.02500|-0.33897|0.27615|-0.06393 =>  -126.253359347
HOST|-0.00010|0.22233|-0.11186|-0.16623|0.00674|-0.07704|0.11486 =>  33.2674305143
SERVER|0.00010|0.31442|0.10879|0.16796|-0.05375|-0.17146|-0.01532 =>  -4.31065133663
HOST|0.00022|-0.03137|-0.16154|0.07986|-0.04764|0.62723|-0.29445 =>  -73.5313486753
SERVER|0.00004|-0.62970|-0.01258|0.02466|0.00590|0.18108|0.21257 =>  -76.5568243938
HOST|0.00023|0.26946|-0.15157|0.15665|-0.17623|0.10484|-0.09834 =>  -29.3818877318
SERVER|-0.00002|-0.27201|-0.16928|-0.00300|-0.00772|0.19955|0.53938 =>  63.5980624033
HOST|-0.00003|0.29570|-0.08675|-0.03647|-0.01680|-0.00469|-0.03282 =>  13.5255065227
HOST|-0.00024|-0.37181|-0.05674|-0.24432|0.00038|-0.44232|0.25775 =>  -41.5226079395
HOST|-0.00029|-0.19780|0.30816|-0.11897|-0.12021|-0.30676|0.14478 =>  -101.277548262
HOST|0.00015|0.17356|-0.23962|-0.10079|-0.08809|-0.14426|-0.00111 =>  1.91551934673
HOST|0.00012|-0.33629|0.09573|0.08020|0.09779|-0.38454|1.05687 =>  221.227877646
SERVER|0.00002|0.08063|0.04690|-0.15127|0.40310|0.12415|0.45573 =>  239.972940768
SERVER|-0.00000|-0.18817|-0.27511|0.02065|-0.11289|-0.72221|-0.33871 =>  -171.552288057
HOST|0.00009|-0.06292|0.19006|-0.00520|0.08854|-0.64056|-0.00713 =>  34.9621417743
SERVER|-0.00001|-0.01393|-0.11604|-0.11019|-0.17713|0.18595|0.05957 =>  -70.2642294158
SERVER|0.00007|0.03028|-0.07567|0.09502|0.27449|-0.36128|-0.56017 =>  -33.0995319751
HOST|-0.00021|0.14364|-0.10564|-0.20222|0.18277|-0.44885|0.47461 =>  149.727965074
HOST|0.00016|-0.08237|-0.08552|-0.04702|0.20485|0.15905|-0.16469 =>  44.1863786439
HOST|-0.00005|-0.06686|-0.15947|-0.14627|-0.17107|0.11498|0.07276 =>  -69.9435658961
SERVER|0.00012|0.04026|0.05299|-0.11350|0.35544|0.05017|0.08222 =>  149.51323067
HOST|-0.00021|-0.11611|0.07059|0.08372|0.18973|-0.17882|0.01134 =>  12.7857342995
SERVER|0.00002|0.23302|-0.06376|0.02351|0.23112|0.69664|0.52120 =>  204.764162421
SERVER|-0.00005|-0.31648|0.24308|-0.04895|-0.11448|0.07444|0.26066 =>  -66.562026967
HOST|-0.00027|-0.03225|-0.16855|0.01080|0.23324|0.49315|-0.07241 =>  5.55697887113
HOST|0.00020|0.04889|-0.17673|-0.04894|0.11300|-0.05992|0.68203 =>  219.762961052
HOST|-0.00019|0.18755|0.04973|-0.03193|0.24950|0.51328|0.69303 =>  241.340673627
SERVER|0.00000|-0.24181|-0.17908|-0.06851|-0.40153|0.31728|-0.06488 =>  -214.084207022
HOST|0.00040|-0.35629|0.11591|0.07758|-0.03659|-0.15344|0.16958 =>  24.7635550849
SERVER|-0.00013|-0.09588|-0.18091|-0.08330|-0.56911|0.46747|0.02498 =>  -266.521306483
HOST|0.00017|0.42852|-0.03999|0.12175|-0.07244|-0.76120|-0.00593 =>  52.2678943752
SERVER|0.00010|0.00694|0.04615|-0.07540|-0.17171|-0.56228|-0.04994 =>  -77.7493840792
SERVER|0.00012|0.12037|0.14415|0.05023|-0.15614|0.16124|-0.26140 =>  -117.571621751
SERVER|-0.00014|-0.58084|0.24303|-0.07893|0.18675|0.33216|0.17604 =>  -30.8496316374
HOST|-0.00006|-0.03608|0.00873|0.03679|-0.23559|-0.20278|0.32447 =>  -35.3946981109
HOST|0.00018|0.35192|-0.21096|-0.04388|-0.07361|-0.27343|0.44881 =>  143.674693594
HOST|0.00013|-0.17451|-0.05242|-0.12157|0.08630|-0.25023|0.19373 =>  52.3294877878
SERVER|-0.00005|0.23276|-0.16830|-0.11736|-0.16159|-0.24001|-0.37763 =>  -144.87363134
HOST|0.00002|-0.51401|0.08063|-0.09726|0.25134|-0.42775|-0.17890 =>  -22.160437616
SERVER|-0.00013|-0.21703|-0.15838|0.00975|0.11934|0.08515|-0.43181 =>  -125.493995842
HOST|0.00009|-0.10247|-0.05860|0.02464|0.14156|0.23945|0.05677 =>  54.6461119207
HOST|0.00004|0.22712|-0.14171|0.11261|-0.01332|-0.57991|0.19908 =>  65.3888341934
HOST|-0.00008|-0.22165|-0.08166|-0.03740|0.09867|0.10674|-0.40227 =>  -117.640174533
SERVER|-0.00003|-0.14388|0.27853|0.03563|0.28226|-0.22616|0.15642 =>  68.2477077217
HOST|0.00001|0.16111|-0.07933|0.04362|0.00095|0.24328|0.07433 =>  35.9644542464
HOST|0.00004|-0.04352|0.09437|-0.01711|0.12643|-0.24625|0.07931 =>  46.7940194322
HOST|-0.00004|0.09343|-0.03987|0.02744|0.06677|-0.20842|-0.15312 =>  -29.0655747097
SERVER|0.00019|-0.35718|-0.02753|0.11029|-0.12805|-0.44692|0.08843 =>  -73.3976625393
HOST|-0.00000|-0.22750|0.03567|0.04357|-0.04336|-0.15225|-0.36415 =>  -154.302352731
HOST|-0.00003|0.20750|-0.04382|0.00047|-0.20806|-0.44262|-0.22634 =>  -114.500235117
HOST|0.00011|0.67493|0.01361|0.06552|0.21427|0.04633|0.43605 =>  275.024453825
HOST|0.00007|-0.49837|0.00161|0.01997|-0.02916|-0.05710|0.25549 =>  -25.5822891993
SERVER|-0.00028|0.18259|0.02652|-0.14983|-0.34553|-0.06250|0.07462 =>  -146.426728281
HOST|0.00005|0.48917|0.12821|0.02456|0.24275|-0.33538|-0.02897 =>  152.462611224
HOST|0.00001|-0.17832|-0.01689|-0.23444|0.02560|0.09143|-0.29410 =>  -109.98368692
SERVER|-0.00013|0.25332|0.11160|-0.01342|-0.19526|0.40411|0.18237 =>  -38.5138508411
SERVER|0.00011|-0.05706|0.19462|-0.05967|0.11495|0.51695|-0.27974 =>  -48.8916904968
SERVER|-0.00001|0.09327|-0.01123|0.02947|0.06014|0.09724|-0.70006 =>  -152.261955874
SERVER|0.00006|-0.33087|-0.02599|-0.12641|-0.19851|-0.08905|0.45637 =>  -42.0980633956
SERVER|-0.00009|0.10962|0.22832|0.09113|-0.11656|0.07263|-0.07820 =>  -82.4683544761
HOST|-0.00008|0.32207|0.37033|0.02600|0.17011|0.47146|-0.75821 =>  -89.5124343898
HOST|-0.00005|-0.32891|0.35292|0.04008|-0.03746|-0.07793|-0.56707 =>  -216.507536478
SERVER|0.00002|-0.51959|0.19992|0.05369|-0.24390|-0.07404|-0.17275 =>  -226.166452354
SERVER|-0.00025|-0.50944|-0.03214|-0.10184|-0.16279|-0.02366|0.23125 =>  -153.010837858
SERVER|-0.00014|0.00636|-0.03524|0.12214|0.33328|-0.11828|-0.97436 =>  -156.942760237
HOST|0.00018|-0.45137|-0.24149|0.04603|0.11085|-0.27128|-0.26347 =>  -69.063517512
SERVER|0.00009|-0.19600|0.05851|-0.10173|-0.10692|0.33563|0.11132 =>  -50.2905259149
SERVER|-0.00014|-0.15983|0.01801|0.10560|-0.14437|0.64728|-0.43572 =>  -237.565319473
SERVER|0.00004|0.26842|0.08239|0.09358|0.16987|0.43694|-1.14604 =>  -170.270331129
HOST|0.00008|0.14741|0.03347|0.07496|-0.11146|0.15465|0.56030 =>  106.63097104
HOST|-0.00009|0.65506|-0.15105|-0.28300|-0.05447|-0.23357|0.39591 =>  125.658911747
HOST|-0.00003|0.49979|0.05836|0.03709|0.19715|0.32010|0.51486 =>  234.536263158
SERVER|-0.00002|-0.21495|-0.27462|0.06967|0.08608|0.14125|-0.10954 =>  -48.9870225325
HOST|0.00004|0.47973|-0.11952|-0.05762|0.07757|-0.01713|-0.88312 =>  -118.931716373
HOST|-0.00001|0.19370|0.16252|-0.06706|-0.09978|0.00813|-0.47540 =>  -107.959005006
HOST|0.00007|0.73874|-0.00065|-0.15431|-0.07441|-0.23175|0.45928 =>  188.115083306
HOST|-0.00006|0.55592|0.04444|0.32366|0.21933|0.35078|-0.10519 =>  117.08578853
SERVER|-0.00015|-0.46891|-0.08062|0.10203|0.18317|0.20116|0.25100 =>  11.7337703919
SERVER|-0.00013|0.22666|0.18997|-0.04807|-0.32594|-0.53029|0.30183 =>  -62.6417562752
SERVER|0.00007|0.04138|-0.14891|-0.07216|-0.13760|0.43334|-0.61366 =>  -193.335520873
HOST|-0.00005|-0.15418|0.11726|-0.00182|0.16622|-0.49562|-0.84420 =>  -172.158591236
HOST|0.00008|0.58044|0.15207|0.05711|0.27795|0.03612|0.31692 =>  262.760294338
HOST|-0.00005|-0.09304|-0.05743|-0.09686|-0.03947|-0.15700|0.32765 =>  26.7401109536
SERVER|0.00011|0.50620|0.09622|-0.01274|-0.07996|-0.50015|-0.12344 =>  -15.0959963996
SERVER|-0.00003|-0.11010|-0.16112|-0.17346|0.30527|-0.44795|-0.36610 =>  -26.5890102648
SERVER|0.00009|0.06986|0.07471|0.24582|-0.17577|-0.29201|0.22415 =>  -19.8625777846
HOST|0.00001|0.07980|0.30646|0.09089|-0.12175|0.07844|0.05479 =>  -23.1958579008
HOST|0.00011|-0.09393|-0.21535|0.07056|-0.35835|-0.59948|-0.49369 =>  -248.89874033
HOST|-0.00010|-0.09754|0.17025|0.13801|0.05304|-0.64161|0.21133 =>  21.4697028875
HOST|0.00007|0.56777|-0.06489|0.00734|0.14271|-0.47532|-0.03583 =>  130.885991612
HOST|0.00007|-0.10720|0.15360|0.00411|-0.08135|0.11501|-0.10768 =>  -60.2529482474
SERVER|0.00015|0.92136|-0.01595|-0.02943|0.32265|-0.25093|0.29731 =>  294.895998665
HOST|0.00014|0.43012|0.08407|0.07293|-0.26669|-0.31638|0.24689 =>  45.0977502776
HOST|-0.00009|-0.63010|0.16943|-0.11120|0.12040|0.08184|-1.11051 =>  -339.015271321
SERVER|0.00010|-0.57663|0.11746|-0.02877|-0.07809|-0.45156|0.15709 =>  -84.8662421062
HOST|-0.00000|0.16448|-0.11825|0.05344|0.14553|-0.24810|-0.45339 =>  -42.5093731386
HOST|-0.00010|-0.05407|-0.07274|-0.01875|-0.08990|0.21861|-0.65684 =>  -217.668121672
HOST|0.00001|-0.57852|-0.09591|0.01370|0.11172|0.48684|-0.14741 =>  -63.2122064606
HOST|-0.00004|-0.11825|-0.09280|-0.06842|0.11083|-0.14508|0.23955 =>  55.5755191424
SERVER|-0.00006|0.42428|-0.16728|0.12331|0.03233|0.37927|-0.24784 =>  -26.223774972
HOST|0.00000|0.46401|-0.17732|-0.08570|-0.29805|0.41084|-0.19600 =>  -92.6774458267
SERVER|-0.00008|0.33278|-0.14880|-0.11701|0.09590|0.39869|-0.51820 =>  -74.9379674726
SERVER|0.00014|-0.45752|-0.05246|-0.12122|-0.25562|-0.41117|0.58552 =>  -22.2297164016
HOST|0.00003|0.10008|0.12293|0.04665|0.16563|-0.11634|0.07010 =>  70.7509842996
HOST|-0.00001|-0.17729|-0.10300|0.01132|0.15192|-0.02365|0.22774 =>  61.1582148774
HOST|0.00002|0.02016|0.06666|-0.03545|-0.13938|-0.16544|-0.03059 =>  -67.7021436145
SERVER|0.00019|0.45962|0.12697|0.01191|0.07700|0.57907|-0.42872 =>  3.43782986401
SERVER|0.00011|0.22520|0.18537|0.03975|-0.16035|-0.37116|0.42166 =>  70.499318713
SERVER|0.00001|-0.29375|-0.11211|0.05016|0.13271|-0.27670|0.18506 =>  11.1663721369
HOST|-0.00021|0.07261|0.13314|-0.11370|-0.03454|0.19669|0.53367 =>  88.0131059435
SERVER|0.00009|-0.19549|0.03790|0.04891|-0.16338|0.46232|0.04493 =>  -87.9468192144
HOST|-0.00001|0.15800|0.00291|0.16575|0.32969|0.29535|0.13580 =>  159.618874466
SERVER|-0.00005|0.04374|-0.25231|0.04235|-0.09173|0.40359|-0.05922 =>  -79.4899332125
HOST|0.00012|-0.30123|-0.03333|-0.01353|0.04122|-0.16255|-0.53676 =>  -143.024002187
SERVER|-0.00018|-0.19494|0.20748|0.11219|0.25593|-0.01028|0.27400 =>  64.9086676812
HOST|-0.00007|0.41630|-0.08927|0.02960|0.18091|0.20849|-0.23401 =>  51.5342104949
HOST|-0.00002|-0.19275|0.02499|-0.06959|0.21259|0.02246|-0.05797 =>  28.3344907068
HOST|-0.00007|-0.36455|-0.28316|-0.09228|-0.12719|0.00019|0.00646 =>  -119.11057392
SERVER|0.00009|-0.26403|0.13896|-0.02204|-0.16065|-0.13418|-0.22383 =>  -160.372690163
HOST|-0.00007|-0.26464|0.14853|-0.11194|-0.22757|0.10097|0.24407 =>  -86.005641759
HOST|-0.00028|0.06191|0.29562|-0.20621|0.31654|-0.43090|0.17406 =>  102.529850759
HOST|-0.00012|-0.46923|0.22388|0.01700|0.20727|-0.24319|-0.56944 =>  -153.647094881
HOST|-0.00016|-0.12656|-0.11114|0.06034|0.07740|-0.67191|-0.31432 =>  -101.304893991
SERVER|0.00020|0.47449|-0.06554|-0.09882|0.09709|0.32812|-0.38567 =>  13.9549648502
HOST|0.00020|-0.41339|-0.08888|0.10124|-0.09319|-0.67286|0.16229 =>  -34.5133818813
HOST|-0.00001|-0.11065|0.00093|-0.11206|0.29295|-0.10821|0.20463 =>  124.406411233
SERVER|0.00017|0.46314|-0.09238|0.01402|-0.10710|-0.61477|-0.18497 =>  -13.0902580094
HOST|-0.00008|-0.23856|-0.05210|0.14444|-0.23979|0.00356|0.54670 =>  -8.87889721897
SERVER|-0.00003|-0.25646|-0.10151|-0.00770|-0.08821|-0.42535|-0.06084 =>  -111.891272286
SERVER|-0.00007|-0.29049|-0.21352|0.00504|0.18977|-0.20898|-0.76570 =>  -205.856489513
HOST|-0.00021|-0.44191|0.23425|0.00002|-0.18076|0.04156|-0.75029 =>  -345.718004161
HOST|-0.00011|0.04279|-0.05514|0.08120|0.23063|0.45826|0.33649 =>  133.158266841
SERVER|-0.00023|-0.40290|0.04662|0.03351|0.16911|0.31652|1.01467 =>  150.02036279
HOST|-0.00007|0.62326|-0.08612|-0.02617|0.43758|0.13129|-0.26672 =>  170.470239769
HOST|-0.00006|-0.80778|-0.02368|0.04982|-0.28324|-0.02200|-0.17207 =>  -285.257171837
SERVER|-0.00008|-0.11797|0.10331|-0.03478|-0.07769|-0.20837|0.49030 =>  21.5539222804
SERVER|0.00009|-0.14882|0.06877|0.01850|-0.32605|0.05272|-0.59946 =>  -285.313498457
SERVER|0.00011|0.01481|0.40157|0.18746|0.11368|0.21780|-0.61015 =>  -97.308396725
HOST|-0.00006|0.13993|0.17063|0.02342|-0.08722|0.08657|-0.18825 =>  -71.1717985745
SERVER|0.00007|-0.36102|0.02381|-0.00654|0.17718|0.27461|-0.15234 =>  -39.3927388387
SERVER|0.00002|0.32147|-0.03117|-0.07495|0.07325|-0.56804|-0.15756 =>  19.8281183832
SERVER|-0.00017|0.12759|-0.14327|0.04433|-0.28993|-0.32209|-0.19678 =>  -174.206058846
SERVER|0.00014|-0.28091|0.30761|0.01902|-0.08368|0.15971|0.34282 =>  4.77985889006
SERVER|-0.00005|0.07782|-0.18652|-0.13999|-0.21320|-0.50063|0.84325 =>  102.770300312
SERVER|-0.00031|0.29855|0.10660|-0.00285|0.31328|-0.43263|0.28120 =>  138.608359219
SERVER|0.00007|0.24999|0.15522|0.03047|0.02492|0.76658|0.21282 =>  80.8149311779
SERVER|-0.00008|-0.14149|0.02143|-0.09552|-0.01158|-0.09688|0.10133 =>  -37.1204515034
HOST|-0.00014|-0.08239|0.03202|-0.10603|0.21072|0.71479|0.67696 =>  181.41781318
SERVER|0.00014|-0.28776|-0.13654|-0.07706|0.10469|-0.14222|-0.04169 =>  -15.1501671959
HOST|-0.00008|0.38263|0.00534|0.05866|-0.27875|0.05683|-0.35267 =>  -155.505748249
HOST|-0.00000|0.21951|0.19901|-0.01393|-0.01198|-0.13153|0.05096 =>  21.5311033826
HOST|0.00006|-0.23836|-0.12690|0.22753|-0.08746|0.21847|-0.10893 =>  -81.2223543165
HOST|-0.00001|-0.71184|-0.23296|-0.02516|0.37995|-0.01737|-0.50680 =>  -90.7251378274
HOST|0.00003|-0.44960|0.25032|0.13103|0.20664|-0.17022|-1.13200 =>  -237.653821582
SERVER|-0.00001|-0.31678|-0.01210|0.01127|-0.10179|-0.43798|0.22407 =>  -54.9871882837
SERVER|-0.00003|0.00250|0.10675|-0.03129|0.17427|0.38320|0.03872 =>  36.099936614
SERVER|-0.00013|-0.60765|0.02147|0.08918|-0.07295|0.13698|0.24378 =>  -115.141303495
HOST|-0.00005|0.10702|-0.08897|-0.10295|-0.47027|-0.11223|0.04055 =>  -167.081995988
SERVER|-0.00015|-0.52335|-0.22990|0.03578|0.05885|0.26741|-0.37466 =>  -191.187241379
SERVER|-0.00014|0.03525|-0.24851|0.07079|0.09327|0.57993|-0.21356 =>  -63.4489600552
SERVER|0.00004|-0.23374|0.07921|-0.00376|-0.22292|-0.02938|0.00108 =>  -135.944448016
HOST|0.00009|0.23053|0.22684|-0.01809|-0.12620|-0.47200|-0.01797 =>  -15.4231334194
HOST|-0.00012|0.27212|0.00498|0.06958|-0.11251|-0.05700|0.19799 =>  10.5001598278
HOST|0.00010|0.34867|-0.21028|-0.04691|0.02569|-0.76630|0.13107 =>  92.9650372924
HOST|-0.00007|0.06261|0.16567|-0.07235|0.13503|0.10962|0.38059 =>  130.037947021
HOST|-0.00013|0.98133|0.34962|-0.05575|0.06982|0.37647|-0.91012 =>  -81.6951838245
SERVER|0.00017|-0.10676|0.04784|0.14471|0.13173|0.36576|-0.63862 =>  -117.237530866
HOST|0.00011|0.08598|-0.18172|0.03533|0.02397|0.13928|-0.04884 =>  16.4171985672
SERVER|0.00007|-0.28724|0.04030|-0.12256|-0.09196|0.15756|-0.12147 =>  -116.691343859
HOST|0.00009|0.07455|-0.00532|0.03744|-0.09302|0.59864|-0.18891 =>  -55.7343615248
HOST|-0.00023|-0.11263|-0.02789|-0.13485|-0.05425|0.22391|-0.07753 =>  -93.4361008912
HOST|-0.00013|-0.52345|-0.09444|0.18872|0.19655|-0.14104|0.21266 =>  -0.590498998731
HOST|0.00019|-0.23471|-0.07046|0.05020|-0.28508|0.07530|0.18789 =>  -59.0420360962
SERVER|-0.00004|0.35070|-0.01805|-0.02028|-0.07965|0.16105|0.74858 =>  157.432264125
SERVER|-0.00014|-0.10285|0.19768|-0.08650|-0.22290|-0.63345|0.08114 =>  -143.366436255
SERVER|0.00013|-0.04685|0.21422|0.04848|-0.07648|-0.08972|0.00336 =>  -47.8467604062
HOST|0.00022|-0.08115|0.15679|0.12362|0.07600|-0.05927|-0.87820 =>  -154.346252092
HOST|-0.00011|-0.20162|0.12429|-0.08071|-0.06901|-0.45847|-0.45423 =>  -179.011227756
SERVER|0.00004|-0.29805|0.04001|0.13540|-0.26226|0.34651|0.15663 =>  -131.491414588
HOST|-0.00000|-0.18164|0.13195|-0.00596|0.19121|0.39292|-0.57784 =>  -99.4623008311
SERVER|0.00001|0.32099|-0.29590|-0.22650|0.15059|-0.10523|-0.56858 =>  -68.4861541001
HOST|-0.00021|0.33027|-0.00762|0.07106|-0.09364|0.28046|-0.42477 =>  -129.72412807
HOST|0.00012|0.31872|0.17762|-0.07405|0.07934|-0.47301|-0.06809 =>  58.6311542018
HOST|-0.00005|0.05033|-0.03471|-0.10418|-0.23126|0.16279|-0.13110 =>  -116.059859739
SERVER|-0.00002|-0.13165|-0.24973|-0.01960|-0.05538|-0.49052|0.12251 =>  -43.4058078124
HOST|-0.00014|0.32477|-0.28982|-0.05360|0.27132|-0.00454|0.30544 =>  188.435126127
SERVER|-0.00009|0.21987|0.08456|-0.21932|0.43813|0.14190|0.21592 =>  184.305847196
HOST|-0.00011|0.14662|0.15566|-0.06694|-0.17604|0.00743|0.30496 =>  -2.50365009581
HOST|0.00011|0.52560|0.28819|0.07965|-0.28809|0.07098|-0.17935 =>  -69.3386656625
HOST|0.00008|-0.24052|-0.04661|-0.11407|0.00722|-0.43016|0.06562 =>  -18.614493447
HOST|0.00007|-0.26141|0.11379|0.04072|-0.13637|-0.11627|0.10271 =>  -55.4752160129
HOST|0.00024|-0.09074|0.08704|-0.02762|0.04698|0.00698|-0.55420 =>  -91.0788912313
SERVER|-0.00007|-0.25401|-0.28073|0.08704|-0.19695|-0.27005|-0.29705 =>  -204.953154547
SERVER|0.00001|0.41638|-0.21477|0.02381|0.05848|0.55216|-0.77457 =>  -115.356699819
HOST|0.00000|-0.55337|-0.02731|-0.18690|0.38907|0.36075|0.63918 =>  197.747914738
SERVER|0.00010|0.31634|-0.14536|-0.12319|0.11932|0.07077|0.16837 =>  116.079795787
HOST|-0.00003|0.81825|0.16026|0.00964|-0.33274|0.38567|-0.07917 =>  -22.4364128282
SERVER|0.00019|-0.33305|-0.11267|0.01785|-0.00983|-0.05809|-0.11162 =>  -62.7096768336
SERVER|0.00009|-0.16351|-0.13822|-0.01284|-0.12207|0.31175|-0.05615 =>  -102.539061698
SERVER|-0.00023|-0.10271|0.05287|-0.00270|-0.08010|0.30630|0.68566 =>  51.5726120246
HOST|-0.00005|0.35033|-0.00281|0.09276|0.01508|-0.34179|-0.15178 =>  -0.165889074059
HOST|-0.00001|-0.21553|0.04546|0.03526|-0.30326|0.20763|0.00406 =>  -151.451379466
HOST|-0.00002|0.04911|0.06342|0.07005|0.14791|0.20889|0.04697 =>  58.5458307665
HOST|0.00027|0.07985|0.10240|-0.13611|0.15831|-1.05568|1.17459 =>  360.551414893
HOST|0.00014|-0.80407|-0.09989|-0.04119|-0.10675|-0.15235|-0.17598 =>  -182.964215288
HOST|0.00021|0.45196|0.04906|0.10098|0.13112|-0.03716|0.68679 =>  287.537480677
SERVER|0.00006|-0.37053|0.19372|-0.18354|0.06325|-0.04756|0.00826 =>  -43.2738359484
HOST|-0.00003|0.13557|-0.20998|0.09788|0.13922|-0.07164|-0.00099 =>  44.6371410252
SERVER|-0.00001|-0.09211|0.07532|0.03498|-0.02975|-0.11571|-0.52277 =>  -182.52166244
SERVER|-0.00010|-0.07156|-0.13065|0.08428|0.13786|-0.18913|-0.43772 =>  -106.581388872
HOST|-0.00005|-0.41291|-0.07468|-0.10742|0.39494|-0.05622|0.10879 =>  103.255825025
HOST|-0.00011|-0.03582|-0.00802|0.06622|0.32683|-0.28755|0.19700 =>  128.675879798
SERVER|-0.00009|0.49791|0.30815|0.03675|0.14982|-0.01118|-0.44879 =>  -30.3691377321
SERVER|-0.00000|0.20478|-0.04158|0.02677|-0.00792|0.18086|-0.61666 =>  -142.467681972
SERVER|-0.00001|0.57698|0.07980|0.00208|0.09385|0.23321|0.36034 =>  166.551641699
HOST|-0.00018|0.16447|0.03039|0.02620|0.38285|-0.19600|0.08233 =>  136.035799314
SERVER|0.00001|0.22006|0.05003|0.04575|-0.09927|0.54178|-0.35824 =>  -121.363235928
SERVER|-0.00001|-0.18175|0.01637|-0.08140|0.19186|0.66867|0.04297 =>  15.1714829606
SERVER|0.00015|-0.22350|0.17070|-0.03241|0.04811|-0.40915|-0.10522 =>  -53.4721966419
HOST|0.00012|0.71246|-0.21356|0.13395|0.14417|-0.41486|-0.02486 =>  175.843860826
HOST|0.00016|0.24560|-0.04787|0.04826|-0.02718|-0.11035|-0.82433 =>  -156.60211974
HOST|-0.00010|0.46992|0.05038|-0.12991|0.06097|-0.19342|0.13224 =>  98.161751455
HOST|0.00008|-0.34884|-0.05590|-0.05497|0.07954|0.43980|0.38021 =>  82.5871175443
SERVER|0.00014|-0.29399|0.06340|-0.04712|0.04035|-0.33563|-0.11629 =>  -48.1269050454
HOST|0.00002|-0.24395|0.20069|-0.05134|-0.27772|0.41860|0.10223 =>  -124.167967195
SERVER|-0.00017|0.03875|0.02117|-0.04565|-0.08718|-0.30740|-0.31316 =>  -154.2680073
SERVER|0.00018|0.17189|0.03615|0.11140|-0.17119|-0.23386|-0.80649 =>  -237.308263504
HOST|0.00005|-0.03403|0.16837|-0.08343|-0.33202|0.29621|-0.31933 =>  -202.697028506
HOST|0.00019|-0.38170|0.05982|-0.01423|-0.20169|-0.07212|-0.07038 =>  -139.134849511
SERVER|0.00028|0.34712|-0.25643|-0.05569|-0.09725|-0.02075|0.56485 =>  166.248354283
SERVER|-0.00007|-0.13822|0.24993|0.03549|-0.03761|-0.32780|0.14222 =>  -42.2853964685
HOST|-0.00016|-0.05549|0.07534|0.01229|-0.37293|0.22600|-0.55893 =>  -296.765859976
SERVER|-0.00005|0.08065|0.00583|0.20759|-0.06713|0.32976|0.02608 =>  -36.3472430689
HOST|-0.00007|-0.06616|0.11334|-0.03144|0.17306|-0.32747|-0.44247 =>  -54.9109957331
HOST|-0.00004|-0.25095|-0.09490|0.02851|0.30273|-0.59660|0.19824 =>  99.5085583515
SERVER|0.00000|0.17217|0.13821|0.00598|-0.17174|-0.30787|-0.59412 =>  -210.754368292
SERVER|-0.00002|0.07954|-0.02908|-0.01307|0.08275|-0.04820|-0.36516 =>  -71.2744886071
SERVER|0.00004|0.06068|-0.02419|0.08928|0.26185|0.05996|-0.37591 =>  -9.71829152936
SERVER|0.00010|0.31266|-0.06931|0.08975|0.07812|0.05513|0.59446 =>  177.963570181
SERVER|0.00005|0.12474|0.09652|-0.08590|0.07032|0.10276|-0.26148 =>  -55.9568250504
SERVER|0.00006|-0.35631|0.07133|0.05995|-0.00262|-0.19777|-0.47882 =>  -184.07650285
SERVER|0.00004|0.20654|0.06421|-0.07744|0.36280|0.41413|0.49359 =>  243.583296175
SERVER|0.00001|0.80706|0.07837|-0.08582|-0.01258|0.16631|0.41774 =>  164.534618606
HOST|-0.00002|-0.38400|-0.07650|-0.15694|0.12216|-0.18955|-0.11717 =>  -52.6857092343
SERVER|-0.00001|-0.20027|0.08179|-0.07843|-0.07203|0.08517|0.49421 =>  31.4977766611
HOST|-0.00009|0.11056|-0.14006|-0.01088|0.19970|0.31733|-0.35636 =>  -7.74872242175
SERVER|-0.00010|0.60881|0.18163|-0.17791|-0.26349|0.15338|-0.17158 =>  -88.744121638
SERVER|0.00004|-0.06172|-0.07967|0.02959|0.15162|0.43708|0.54963 =>  161.590623385
HOST|-0.00011|-0.09389|0.24867|0.05973|0.20589|-0.09996|-0.45534 =>  -85.5789857564
HOST|-0.00006|0.49654|0.08906|-0.11930|-0.14013|-0.16632|-0.31195 =>  -73.3441452251
SERVER|-0.00012|0.13697|0.22692|0.02257|0.16872|0.31439|0.06682 =>  53.615821494
HOST|0.00004|0.42741|0.24365|-0.03781|-0.14962|0.57736|0.44728 =>  102.262258393
HOST|0.00015|0.34019|-0.01877|0.01881|0.08213|-0.26941|0.07136 =>  124.458049006
SERVER|0.00006|-0.14672|0.25759|0.16975|-0.03278|-0.33773|0.35136 =>  25.5060517161
SERVER|0.00005|-0.24487|0.00267|-0.10330|0.29559|0.40259|-0.28511 =>  -9.13756708412
SERVER|-0.00006|-0.15588|-0.09969|-0.01124|-0.08463|-0.49144|-1.00938 =>  -326.09767888
SERVER|-0.00011|0.07456|0.17642|0.00089|-0.00521|-0.06805|-0.73255 =>  -194.47951977
HOST|0.00019|-0.14921|0.01695|-0.02006|0.10514|-0.21580|0.13577 =>  73.354839885
SERVER|0.00005|0.48680|-0.17407|-0.16334|0.38335|0.44899|0.29371 =>  239.089422112
SERVER|-0.00000|-0.01886|-0.04410|0.38167|0.15149|0.52670|-0.17600 =>  -22.3167216052
HOST|0.00008|-0.19069|-0.09675|0.16253|0.02905|-0.19417|0.42570 =>  77.4089927225
HOST|-0.00011|0.12200|0.04832|-0.02469|-0.27694|0.52977|0.31993 =>  -39.9351061705
SERVER|0.00003|0.19729|0.00464|0.04427|-0.18464|-0.50914|-0.52785 =>  -183.769445944
SERVER|0.00001|0.18271|-0.23957|-0.06492|-0.03167|-0.18688|0.36442 =>  77.3285532673
HOST|0.00017|0.42253|-0.07387|-0.03340|-0.06509|0.37979|-0.26092 =>  13.36153526
SERVER|-0.00012|0.02244|-0.07207|0.02050|-0.16738|0.13715|-0.15141 =>  -134.983541733
HOST|-0.00001|-0.22951|-0.17883|0.11354|-0.05455|0.04514|0.88265 =>  152.065602522
SERVER|-0.00005|0.64435|0.24793|0.01981|0.02611|-0.21838|0.10403 =>  93.0065791623
HOST|0.00003|-0.15120|0.29778|0.07079|0.01450|-0.22497|-0.64698 =>  -185.764143896
SERVER|-0.00012|0.18179|0.17380|0.10683|0.07113|0.10035|-0.10422 =>  -45.5485870177
HOST|0.00012|-0.48373|0.00737|0.02347|-0.26640|-0.88274|-0.23185 =>  -215.304005321
HOST|-0.00000|0.07130|0.03080|0.08750|-0.06691|-0.58271|0.37484 =>  47.7101780186
HOST|0.00021|0.44140|0.02996|0.10751|0.23148|-0.56575|-0.17858 =>  136.389402037
SERVER|0.00011|-0.08095|0.14123|0.11824|-0.00425|0.67517|-0.78453 =>  -201.000041587
HOST|0.00012|-0.29520|0.18370|-0.08972|0.07410|-0.06587|-0.30050 =>  -72.0251796273
SERVER|0.00002|0.01540|0.13606|0.09258|0.05047|-0.16738|0.57354 =>  125.657328248
SERVER|-0.00007|-0.13171|-0.11739|0.07662|0.05468|-0.43325|0.66174 =>  114.014777678
SERVER|0.00007|0.10831|-0.16359|0.11927|0.23028|0.79554|0.19031 =>  131.405884125
SERVER|-0.00006|0.97418|0.02408|0.20967|0.14334|0.05126|0.14612 =>  189.416569771
HOST|-0.00012|-0.21871|-0.06047|0.16294|0.22855|0.04480|-0.06439 =>  -5.23709974067
SERVER|0.00021|-0.51774|0.08116|-0.10983|-0.31311|-0.20098|-0.29574 =>  -257.688161067
HOST|-0.00026|-0.14972|0.01705|0.02831|0.11230|0.06589|-0.47928 =>  -155.604667702
SERVER|0.00017|-0.58293|0.00435|-0.01649|0.09458|0.68753|0.24270 =>  9.99907615599
SERVER|-0.00012|0.02484|-0.10868|0.07008|-0.02871|-0.47516|-0.68086 =>  -210.544517222
SERVER|-0.00001|-0.38455|-0.22252|0.15037|0.15732|0.05335|0.08701 =>  -1.53754850691
SERVER|-0.00016|-0.22054|0.17178|0.12990|-0.16957|-0.06447|-0.12775 =>  -179.830490152
SERVER|-0.00010|-0.00302|0.30148|-0.04782|-0.16731|0.16488|-0.40493 =>  -182.824214539
HOST|0.00017|0.23803|0.01371|0.02860|-0.07555|0.34696|-0.19923 =>  -24.3364920847
HOST|-0.00001|-0.34946|0.17184|0.05011|-0.24320|0.17060|0.02139 =>  -143.834968876
HOST|0.00010|0.08361|-0.00736|0.09343|-0.10238|0.10239|-0.25357 =>  -74.1274604145
HOST|0.00006|-0.58387|-0.25026|0.06469|-0.02580|0.28490|-0.00566 =>  -103.084456578
HOST|-0.00009|-0.26734|0.07956|0.09447|0.29534|0.84126|0.10789 =>  71.1536728059
HOST|-0.00002|0.24171|-0.07578|-0.00730|-0.18657|0.04309|0.30772 =>  36.372569242
SERVER|0.00002|-0.49437|0.02610|0.01393|0.28075|0.19843|0.19085 =>  39.2270386565
HOST|0.00016|-0.05298|0.03971|0.14658|-0.23145|0.37128|0.33579 =>  -4.94139721142
SERVER|-0.00001|0.01580|-0.19982|-0.23325|0.04589|0.25813|-0.12396 =>  -49.1688987087
SERVER|0.00011|0.39451|0.21104|-0.12199|-0.16042|0.33594|-0.14007 =>  -37.5476690934
SERVER|-0.00006|-0.20444|0.18956|0.05653|-0.25434|-0.18358|-0.08617 =>  -167.494890617
SERVER|-0.00014|-0.03473|-0.01733|-0.08666|0.02750|-0.13457|-0.13056 =>  -78.7582961617
HOST|0.00006|0.08312|-0.03912|-0.02466|-0.07899|0.42574|-0.13018 =>  -47.8029056287
SERVER|-0.00010|0.45968|0.12824|-0.03179|0.07197|-0.14669|-0.18534 =>  3.97848525097
SERVER|0.00008|-0.15646|-0.00979|0.00794|0.33319|-0.30560|-0.26379 =>  13.5234683453
HOST|-0.00001|0.00324|0.21009|0.14306|0.16964|0.22597|-0.35136 =>  -35.4654251757
HOST|-0.00016|0.62420|-0.03576|-0.00086|-0.06948|0.00666|0.69417 =>  191.183026267
SERVER|0.00012|-0.01094|0.03764|-0.13998|-0.23253|-0.23627|0.38470 =>  0.613961487175
HOST|-0.00009|-0.42010|-0.03864|0.06102|0.06037|0.60498|-0.23219 =>  -106.196464678
SERVER|-0.00006|-0.26479|-0.17657|0.11609|-0.09198|-0.57320|-0.30583 =>  -179.787631848
SERVER|-0.00018|0.37211|0.08048|-0.01092|-0.27163|-0.25717|0.05009 =>  -93.9584374411
HOST|-0.00014|-0.42966|0.00585|-0.00221|-0.07107|-0.13958|0.09611 =>  -84.7179890908
SERVER|0.00005|0.08269|-0.14850|-0.01501|0.01398|-0.39646|-0.11294 =>  -36.9094520679
HOST|0.00007|0.14881|-0.00302|-0.07317|0.32626|0.27645|0.25037 =>  188.636114485
SERVER|-0.00013|-0.13288|-0.24509|0.06922|0.32378|0.34254|-0.19998 =>  12.897393859
HOST|0.00013|-0.28572|-0.04904|0.02328|-0.05160|-0.00061|0.35431 =>  18.2379378711
SERVER|0.00002|0.40760|-0.28879|0.21884|0.13104|-0.48670|-0.18275 =>  54.8149974614
SERVER|0.00010|0.04530|0.10094|0.07327|0.17754|0.13535|-0.86044 =>  -142.043730807
HOST|-0.00010|-0.63869|-0.06625|-0.02259|0.26179|0.09361|0.21405 =>  28.063129999
HOST|0.00006|-0.10308|0.12939|0.00270|-0.45637|0.31174|-0.49500 =>  -296.931323985
SERVER|-0.00012|0.17522|-0.01904|0.07061|0.01536|-0.32115|0.15911 =>  14.7958859261
SERVER|-0.00023|-0.19109|0.16020|-0.14077|-0.05270|0.32866|0.14964 =>  -91.5309922917
SERVER|0.00020|-0.06723|-0.12650|0.02251|0.23509|-0.02559|-0.07558 =>  68.3064024113
HOST|0.00015|-0.00393|0.17064|0.03321|0.12302|0.09377|-0.26909 =>  -13.9667024271
SERVER|0.00005|0.20826|0.21006|-0.03813|0.09613|0.14189|-0.00504 =>  23.9309491591
HOST|-0.00001|0.12709|0.02075|-0.07090|-0.08960|-0.16264|-0.14432 =>  -64.2354387494
SERVER|0.00004|0.17226|0.16072|0.00694|0.07610|0.17788|0.23169 =>  85.8138987373
SERVER|-0.00004|-0.07773|0.29794|-0.12916|-0.21037|0.32210|0.22069 =>  -70.0846281515
SERVER|0.00008|0.15613|-0.21245|-0.01932|0.25050|0.03436|-0.03857 =>  88.6600335708
HOST|0.00015|0.48920|-0.10927|-0.02668|-0.09725|0.36703|-0.71251 =>  -119.506887253
HOST|0.00012|0.51713|0.08615|-0.08227|0.03974|0.02960|-0.04905 =>  74.1429124404
SERVER|-0.00003|0.32126|-0.11121|-0.13799|0.11770|-0.20171|0.64283 =>  207.466841845
SERVER|0.00005|0.31637|0.13240|0.04053|0.22755|-0.84359|-0.50869 =>  -7.79176346521
HOST|-0.00016|-0.44253|-0.05443|-0.03774|0.11373|-0.58853|-0.22883 =>  -111.845316274
HOST|0.00005|0.38189|-0.41165|-0.03010|-0.33250|-0.10159|0.28722 =>  -6.29115918997
SERVER|-0.00004|-0.07580|-0.05237|-0.16956|0.15491|-0.15280|0.12561 =>  44.2000646742
SERVER|0.00001|0.03678|-0.25086|0.01161|0.25046|-0.30868|0.41718 =>  150.922298835
SERVER|0.00017|0.06961|0.02009|-0.00850|-0.02541|0.70924|0.30348 =>  71.4396662511
SERVER|-0.00005|0.12040|0.12924|0.07155|-0.12056|-0.29381|0.02076 =>  -64.5853187544
HOST|-0.00002|-0.37399|-0.17283|-0.05282|-0.15746|0.04851|-0.77563 =>  -299.072083499
HOST|-0.00004|0.07550|0.18130|0.09609|-0.00871|-0.00865|-0.24912 =>  -64.2668484244
HOST|0.00025|0.78789|0.02934|0.07345|-0.03828|0.05201|-0.32805 =>  72.0767486308
HOST|0.00018|-0.59693|0.30575|-0.09282|0.15386|-0.81266|0.18509 =>  25.8452218927
SERVER|0.00003|0.17880|-0.12777|-0.05948|0.16010|0.02700|0.62677 =>  196.601126412
HOST|-0.00008|0.29940|-0.11357|0.09851|-0.05355|0.30532|-0.51572 =>  -114.397214312
SERVER|-0.00009|0.00954|-0.02291|-0.00525|0.04273|0.25442|0.14025 =>  6.03437326075
SERVER|0.00002|0.31583|0.05825|0.10753|0.10111|0.26737|0.37872 =>  145.932149436
HOST|-0.00006|0.28301|-0.04170|-0.08943|-0.16906|0.46496|-0.70735 =>  -196.981807074
HOST|0.00009|0.20487|-0.15940|0.00955|-0.51114|-0.46189|0.26860 =>  -86.3618660392
SERVER|0.00007|-0.12920|0.07901|0.01837|-0.05126|-0.14824|0.35289 =>  23.1558397098
SERVER|0.00006|0.68929|0.03743|-0.03784|0.07218|-0.58322|0.17327 =>  142.329267786
SERVER|0.00008|0.14579|-0.08331|-0.12170|-0.06557|0.77708|0.36893 =>  70.2571260629
SERVER|-0.00002|0.11734|0.20496|-0.06502|-0.01183|-0.43452|-0.76365 =>  -220.045970623
HOST|-0.00013|-0.14873|0.09339|-0.11673|-0.30804|0.01311|0.58317 =>  -33.1290149194
HOST|0.00007|-0.22762|0.02854|-0.12704|-0.13758|0.23897|-0.09387 =>  -104.901455438
SERVER|-0.00013|0.32901|-0.03313|0.04733|-0.09308|0.28721|0.17249 =>  10.3274814853
HOST|0.00000|0.26033|-0.26117|-0.01332|-0.02235|-0.29366|0.07550 =>  28.4431051656
HOST|0.00016|-0.19180|-0.05648|0.03866|0.03649|-0.31061|0.53334 =>  134.870724457
HOST|0.00002|0.46888|-0.02953|0.07351|0.05590|-0.25847|0.16609 =>  114.433688465
SERVER|-0.00006|-0.07695|-0.20112|0.10828|0.15156|0.38479|-0.18680 =>  -23.5816274487
SERVER|0.00002|0.14740|0.11659|-0.19875|-0.16856|-0.12397|-0.02507 =>  -59.8988563482
SERVER|0.00013|-0.51466|0.21678|0.08351|0.29937|-0.22829|0.02579 =>  9.9644827766
SERVER|-0.00003|-0.27226|0.17450|0.04077|0.17812|0.05203|-0.30227 =>  -81.2144130528
HOST|-0.00002|0.48069|-0.08365|0.05054|0.17689|0.41294|0.04262 =>  124.315162133
HOST|-0.00001|0.22229|-0.00997|-0.00775|0.00559|-0.05311|0.54225 =>  137.818868666
HOST|-0.00008|-0.32875|0.02101|-0.09618|-0.06232|-0.03205|-0.06773 =>  -105.430768937
SERVER|-0.00010|-0.15249|-0.01783|-0.01676|-0.14758|-0.36552|0.12446 =>  -87.3318170065
SERVER|-0.00013|0.36435|-0.38897|0.12062|0.30333|0.18438|-0.01321 =>  113.040165413
SERVER|-0.00006|0.30015|-0.02338|0.13429|0.16215|0.13406|-0.41650 =>  -29.2298995156
SERVER|-0.00014|-0.17759|-0.05806|0.00899|-0.03571|-0.21296|-0.18772 =>  -138.498885055
SERVER|0.00003|-0.08177|0.05546|0.04897|-0.10328|-0.34686|0.46763 =>  35.1375916259
SERVER|-0.00009|0.62456|-0.17031|0.00290|-0.04772|-0.42038|-0.18740 =>  -4.3865160225
HOST|0.00023|-0.28964|-0.11973|0.06462|-0.10591|-0.60214|-0.28690 =>  -92.1845936809
HOST|-0.00006|0.03368|0.23216|0.12897|-0.06778|0.16144|-0.33872 =>  -110.730793334
SERVER|-0.00027|0.21745|0.18660|0.16221|-0.04041|-0.53996|-0.07191 =>  -64.4046695406
HOST|-0.00016|0.15285|-0.16910|0.13472|-0.00722|-0.17631|-0.36611 =>  -101.621169269
HOST|0.00001|0.06632|0.07975|0.04036|0.23503|0.27294|0.03745 =>  97.8669310978
SERVER|-0.00003|0.21065|0.12413|0.15014|-0.21192|-0.27244|0.51267 =>  24.1358440206
HOST|-0.00005|0.18988|0.18175|0.05981|-0.22723|-0.40099|-0.33847 =>  -145.57402587
HOST|0.00014|0.10247|0.13649|0.02407|0.07626|-0.05924|0.36072 =>  144.168398489
SERVER|-0.00011|0.33848|0.06192|-0.01029|-0.12380|0.02172|0.34994 =>  16.8326104659
SERVER|0.00029|-0.05365|0.22901|0.13706|-0.05885|-0.74001|-1.08858 =>  -249.4618103
HOST|0.00000|0.00322|-0.00634|-0.05696|0.13043|0.12704|0.15035 =>  59.4623405029
SERVER|-0.00002|-0.43353|0.29379|0.16164|-0.24535|0.21254|-0.48146 =>  -286.896362195
HOST|-0.00001|0.19138|-0.01830|-0.05590|0.10224|-0.93807|-0.05165 =>  29.1925553896
SERVER|-0.00007|0.35345|0.07792|0.13452|0.07243|-0.02136|-0.08416 =>  14.6605622206
SERVER|-0.00006|-0.34948|0.02307|0.02050|0.25449|-0.06869|-0.02535 =>  -22.8400000222
