HOST|0.00011|0.85767|-0.12051|0.02104|0.01712|-0.29659|0.07649|0.05310 => 174.635470154
HOST|0.00016|-0.13145|-0.01665|0.11009|0.00518|0.68572|-0.55652|-0.07533 => -122.859863596
HOST|-0.00011|-0.40807|-0.15097|0.00287|0.36084|-0.11082|-0.69950|0.35816 => -127.012861392
SERVER|0.00018|0.00061|0.09708|-0.00636|0.16556|0.16401|0.10682|-0.10633 => 80.7468442272
SERVER|-0.00016|-0.14944|0.13555|-0.06946|0.31120|-0.30008|-0.41652|0.66781 => -61.8919664935
HOST|0.00008|-0.03518|0.16924|-0.07576|0.01636|-0.89422|-0.27315|-0.26045 => -70.5070776787
HOST|-0.00000|-0.46439|-0.10709|0.00595|-0.13497|-0.02459|-0.42874|-0.46610 => -217.744924344
SERVER|0.00003|0.16210|0.20685|0.02967|0.12724|0.75334|-0.36760|0.25648 => -32.3715451507
HOST|0.00014|0.01240|-0.12340|-0.03348|-0.38515|-0.05986|-0.01353|-0.41091 => -124.184606337
HOST|0.00015|0.34481|0.11963|-0.13207|-0.15591|0.10726|-0.13697|-0.20990 => -32.4066871564
SERVER|0.00014|0.22938|0.03256|-0.04401|-0.32528|0.56102|0.27027|-0.73955 => -24.7795468862
HOST|0.00002|-0.10853|-0.09530|-0.01273|0.06920|-0.10794|0.15938|-0.37931 => 56.9958449341
HOST|-0.00000|0.04809|-0.14565|0.02509|-0.13585|-0.70192|0.85063|-0.20363 => 150.566309949
SERVER|-0.00017|-0.03836|-0.18150|-0.06256|0.24747|-0.22959|-0.94587|-0.19505 => -184.319426578
HOST|-0.00014|0.28454|0.05694|-0.01291|-0.09342|-0.21865|-0.33345|0.12365 => -95.9384738808
HOST|0.00001|-0.18551|0.11952|0.09222|-0.15175|0.24861|-0.16527|-0.43209 => -113.554623375
SERVER|-0.00005|-0.61077|-0.11440|-0.07646|-0.05559|-0.23862|0.23143|-0.90008 => -90.1423104499
SERVER|0.00001|-0.36317|-0.04478|-0.01786|-0.20234|0.04296|0.58296|-0.12656 => -13.4240799866
HOST|0.00006|-0.27311|0.36120|-0.01133|0.17844|-0.28932|-0.49181|0.74183 => -90.0000319132
HOST|-0.00014|-0.07370|0.09438|0.25928|-0.09955|0.38349|0.18110|0.26988 => -31.9851597614
HOST|-0.00025|-0.14884|0.19675|0.08094|0.27337|0.04301|-0.20657|-0.38109 => -22.2843814172
SERVER|0.00004|-0.22616|-0.05807|0.13136|0.07379|0.50131|-0.26601|0.03609 => -99.2770811605
SERVER|-0.00015|0.68999|-0.08530|-0.01358|0.07522|0.18078|0.31269|1.00766 => 126.005869752
HOST|0.00021|0.13487|-0.09463|0.03331|0.10917|0.46925|-0.15264|0.40758 => 42.6421202293
SERVER|-0.00008|-0.08923|0.08557|0.03524|-0.08243|-0.42376|-0.12082|0.07458 => -102.698355854
HOST|0.00012|-0.08652|-0.09050|0.09708|-0.17444|-0.06323|0.19563|0.24515 => -23.5123679917
SERVER|0.00005|-0.01516|0.24360|0.08090|0.00801|-0.38304|-0.31293|0.48701 => -87.090894697
HOST|-0.00016|0.14900|0.14077|-0.11878|-0.15180|-0.17964|-0.03130|0.41935 => -87.9394883995
HOST|-0.00001|-0.23034|0.14113|0.03054|-0.40599|-0.26965|-0.17677|-0.84082 => -239.96195875
HOST|-0.00004|0.01800|-0.03146|0.08051|0.10812|-0.65707|0.23188|0.27963 => 73.8264624284
SERVER|0.00004|0.43611|-0.04176|0.11763|-0.06254|0.53015|0.12269|-0.45354 => 55.2753251285
HOST|-0.00032|0.02806|-0.19971|0.03126|-0.08185|0.37248|0.38527|0.17948 => -2.93010928209
SERVER|0.00004|-0.24200|-0.10137|-0.02694|-0.08526|0.61960|-0.12378|0.84576 => -134.247195382
HOST|0.00004|0.60812|-0.30601|-0.15012|0.02245|0.04645|-0.45463|-0.59601 => -13.6375031665
HOST|0.00010|0.03826|-0.00468|-0.01663|0.10574|-0.32197|0.20084|0.31705 => 92.2152228551
HOST|-0.00005|-0.07911|0.02320|-0.07637|-0.00833|-0.33082|-0.03643|-0.63178 => -48.2130665932
SERVER|-0.00005|-0.25083|-0.15856|0.03326|0.21988|-0.37181|-0.48387|0.29346 => -101.158241043
SERVER|-0.00020|-0.25030|-0.02961|-0.00970|0.16087|-0.27874|-0.31324|0.74396 => -104.518388755
SERVER|-0.00015|-0.07895|-0.07164|0.03704|-0.37027|-0.18581|0.06979|0.25801 => -169.943476635
SERVER|0.00007|-0.17451|0.10571|-0.03134|0.15128|-0.08851|0.17062|0.37804 => 59.8412571088
SERVER|0.00028|0.12038|-0.27258|-0.07978|-0.36149|0.37272|0.53793|-0.05392 => 27.4971056847
HOST|0.00011|-0.11175|0.19490|-0.18666|0.18791|0.39923|0.26203|0.38797 => 138.194619083
HOST|0.00007|0.31802|-0.00814|0.07122|0.06811|0.23879|0.01215|-0.16386 => 72.1584727998
HOST|0.00015|0.10235|-0.11452|0.17182|0.14248|0.09985|-0.22633|0.84454 => 17.122373077
HOST|-0.00002|-0.04872|0.04937|0.00288|-0.25491|-0.15938|0.15492|0.68423 => -84.0839111214
SERVER|-0.00007|-0.23818|0.06893|-0.02488|-0.21539|0.27294|-0.20151|-0.58457 => -196.187688978
SERVER|0.00018|-0.36711|0.04261|0.02139|0.34822|-0.54544|0.35631|-0.23692 => 151.931380699
SERVER|0.00002|-0.34032|-0.02219|-0.03723|-0.19727|-0.22521|0.23274|-0.44675 => -87.9409474976
HOST|0.00002|0.06178|0.17518|-0.02238|0.26074|0.16657|-0.29851|-0.31639 => 28.3025261425
HOST|-0.00006|0.27907|0.05315|-0.08808|0.29968|-0.20138|0.01907|-0.02622 => 138.967257411
SERVER|-0.00000|-0.09478|0.02736|-0.03661|-0.35494|-0.22083|0.13946|-0.22700 => -136.210403863
SERVER|0.00012|0.52081|-0.14753|0.01116|0.28646|0.49977|-0.26563|-0.01623 => 106.196531729
SERVER|-0.00001|-0.40482|0.21021|-0.04272|0.20182|0.26184|0.03836|-0.33168 => -8.01984834915
HOST|-0.00011|-0.13535|-0.03449|0.18033|0.29911|-0.00434|-0.51930|0.42875 => -70.4585004785
SERVER|-0.00001|-0.04442|-0.24556|-0.10516|-0.06172|0.10814|0.23070|-0.47182 => -2.99084052003
HOST|-0.00013|-0.01833|-0.11296|-0.04732|-0.12258|-0.30752|-0.16888|0.53961 => -102.902241552
SERVER|0.00007|-0.30966|0.07478|0.08751|-0.20208|0.10727|-0.30307|0.65606 => -197.362468304
HOST|-0.00009|-0.47535|0.14345|0.00121|0.14643|-0.10442|0.26823|-0.27069 => 21.6645318005
HOST|-0.00018|-0.34434|-0.10862|0.00633|0.10329|0.50786|-0.16427|0.33140 => -77.092559447
SERVER|0.00019|-0.08693|-0.10882|-0.02945|0.28135|-0.05599|-0.52474|0.78620 => -21.2988435829
SERVER|0.00004|-0.37113|0.01279|0.08940|-0.13895|-0.27037|-0.97614|0.46842 => -353.674051553
HOST|-0.00008|0.13912|-0.20518|-0.05197|-0.04406|0.09099|0.12343|0.41271 => 4.18728321441
SERVER|-0.00009|0.08647|-0.07386|-0.07550|-0.08635|0.53250|0.10256|0.01184 => -42.5564113331
SERVER|-0.00006|-0.03583|0.01971|0.19850|-0.18641|-0.00203|0.37285|0.09920 => -34.1466874399
SERVER|0.00011|0.01064|-0.01727|0.23283|0.13389|0.25838|0.29615|-0.16380 => 108.019208669
HOST|0.00024|-0.47046|0.19130|-0.00326|-0.04302|0.05415|0.11481|0.11189 => -36.4185446274
HOST|-0.00000|-0.43703|-0.12391|0.12472|0.13203|-0.37949|-0.21916|-0.14259 => -77.6506450418
SERVER|0.00014|0.26547|0.15102|0.12435|0.20980|-0.12649|0.25411|-0.26926 => 168.207950205
HOST|0.00013|0.21430|-0.00228|-0.00562|0.00277|0.21715|0.19056|0.03070 => 83.1862124014
SERVER|0.00000|0.43420|0.02390|0.08274|-0.24057|-0.26467|-0.01522|-0.30665 => -70.4588287143
HOST|-0.00015|0.13695|-0.00275|0.06710|-0.20287|-0.67205|0.07064|-0.69959 => -71.0342064784
HOST|0.00006|-0.27180|-0.04636|0.00818|-0.09182|-0.20064|0.49190|0.16255 => 39.7343668087
SERVER|-0.00010|0.05685|0.38618|-0.12478|-0.08505|-0.77026|0.17675|-0.13030 => -18.372954018
HOST|0.00002|-0.02761|-0.06293|-0.02184|-0.33834|0.02501|-0.54123|0.18560 => -248.36138482
SERVER|-0.00000|0.12657|0.04772|0.01760|0.04857|-0.14545|-0.45441|-1.41662 => -91.0174466639
HOST|0.00005|-0.32717|0.29022|-0.12021|-0.13773|-0.80937|-0.47799|0.18048 => -204.297213844
SERVER|-0.00005|-0.13807|-0.10693|0.04728|0.24385|0.27507|-0.20084|-0.33813 => -8.12549421841
SERVER|0.00011|0.05743|-0.04818|0.14565|0.05565|0.68470|-0.41123|0.43139 => -66.1042982226
SERVER|0.00005|0.91926|-0.10537|-0.08076|0.00696|0.53640|-0.99746|-0.23299 => -102.799690917
HOST|-0.00003|0.03903|0.18466|-0.06436|-0.25223|0.15385|0.04435|0.13863 => -94.1534080388
SERVER|-0.00008|0.04403|0.04888|0.02312|-0.23984|-0.53809|0.11461|-0.16235 => -112.273700905
SERVER|-0.00006|0.28854|0.15403|-0.01536|0.09261|0.42557|-0.55940|0.55567 => -80.8662458479
SERVER|-0.00007|0.37991|0.02324|-0.02846|-0.05520|-0.48835|-0.06250|0.16257 => -22.1254839303
SERVER|0.00008|0.02547|0.16058|-0.09344|0.00903|0.76799|-0.13142|0.19833 => -44.2403476726
HOST|-0.00018|-0.43795|0.07525|-0.09000|-0.09533|-0.08184|-0.03457|0.41849 => -138.568097147
HOST|0.00010|-0.10409|-0.02390|-0.02229|-0.27576|0.79347|0.70364|0.06049 => 45.0783736665
HOST|-0.00011|-0.16472|0.08198|0.12954|0.35450|-0.14688|-0.33966|-0.14766 => -12.4558116866
SERVER|-0.00014|0.00816|-0.07638|0.08165|0.43000|0.62234|-0.12135|-0.29717 => 81.3035173944
HOST|-0.00029|0.02181|0.32808|0.01903|-0.03409|0.66346|0.09407|0.11099 => -46.7537642935
SERVER|-0.00008|-0.17179|-0.08984|0.13309|0.24962|0.35850|-0.20649|-1.34227 => -25.6047631891
SERVER|-0.00011|-0.57350|-0.00745|-0.02865|0.00383|-0.96159|-0.00803|-0.92281 => -126.148091776
HOST|-0.00005|-0.36022|0.14074|0.04506|0.35710|0.24540|0.12946|0.82568 => 84.5909102897
HOST|-0.00013|0.40750|0.06343|0.07053|0.22378|-0.17691|-0.23521|0.30865 => 45.9934985977
SERVER|0.00002|-0.15328|-0.11523|0.05637|-0.16467|0.18107|-0.29007|1.35145 => -174.780914941
HOST|0.00008|-0.21438|-0.02692|0.04476|-0.04971|-0.50812|-0.28599|-0.24831 => -114.23257444
SERVER|-0.00019|-0.25822|0.03981|-0.18624|0.16770|-0.13208|-0.19876|-0.40401 => -72.7089357279
HOST|0.00001|0.40585|-0.02152|-0.05278|-0.38198|0.13212|0.04845|0.87154 => -69.879122344
SERVER|-0.00016|-0.14126|0.07370|0.05483|-0.12813|-0.11393|0.70688|-0.31814 => 38.5818165698
HOST|0.00008|0.36150|0.02451|0.19495|0.02483|-0.06500|0.71589|0.32233 => 213.627278531
HOST|0.00015|0.38135|-0.04078|0.05344|-0.02717|-0.32719|0.40038|0.64557 => 155.633847635
HOST|0.00002|0.14953|0.16389|0.05009|-0.26934|-0.65515|0.06447|0.80126 => -76.1945024064
SERVER|-0.00013|-0.32418|0.21773|-0.03316|-0.03546|-0.16007|-0.67580|0.15995 => -272.262526382
SERVER|-0.00007|0.21083|-0.14119|-0.14888|-0.30622|-0.14732|0.16345|-0.60154 => -75.0055708497
SERVER|-0.00005|0.02707|-0.02396|0.07612|-0.18675|-0.32669|-0.32316|0.85012 => -183.601389345
SERVER|-0.00012|0.16838|0.08997|0.02579|-0.35024|-0.24933|-0.06004|-0.26961 => -162.682604807
HOST|-0.00009|0.29754|-0.01496|-0.12432|-0.01789|0.72869|-0.03706|-0.74339 => -3.30452182374
SERVER|0.00003|0.15214|0.05690|-0.03488|-0.11528|-0.16374|0.25086|0.09332 => 26.3452943714
SERVER|-0.00001|-0.18764|0.21205|-0.09774|-0.05550|-0.67844|0.58626|-0.32563 => 60.3854213273
HOST|0.00005|-0.34760|0.13558|-0.12419|-0.27234|-0.10087|0.12275|0.09529 => -129.828782804
SERVER|-0.00004|-0.20245|0.23271|0.05748|0.13119|0.03286|-0.01538|-0.25961 => -15.3914434152
SERVER|-0.00004|0.20617|-0.05041|0.00688|0.12472|-0.18339|-0.29974|-0.51898 => -38.5411655692
HOST|-0.00019|-0.52261|0.14554|-0.06016|0.21335|0.51147|-0.32504|0.32735 => -125.013209978
HOST|-0.00024|-0.64559|0.07837|-0.08143|-0.25467|-0.26291|-0.49181|0.65309 => -355.147420557
SERVER|0.00005|0.13376|-0.29719|-0.03523|0.00342|-0.04335|-0.47560|-0.46146 => -105.36876591
HOST|-0.00014|0.11348|0.13722|0.04106|-0.12715|0.41329|0.37031|-0.10680 => 11.0521226406
SERVER|0.00017|-0.21082|-0.08189|-0.14688|-0.02101|0.56036|-0.27892|1.00740 => -103.972325482
SERVER|0.00028|0.60138|-0.05337|-0.04017|0.17646|-0.23173|-0.14022|-0.44681 => 133.63022737
HOST|0.00002|0.47317|-0.16648|0.07341|-0.04147|0.39155|-0.07328|0.48216 => 25.5951990203
SERVER|-0.00013|-0.51478|0.00482|0.08676|0.12571|0.27186|0.38334|0.13766 => -2.98080494403
SERVER|-0.00005|0.13628|0.13075|-0.15754|0.05508|-0.06440|0.00054|0.86271 => 4.3524482229
HOST|-0.00012|-0.25687|0.07311|0.01534|-0.22033|0.52316|0.03759|0.30923 => -130.058321653
SERVER|-0.00010|-0.28560|-0.33238|-0.06807|0.22735|0.18949|-0.40564|0.31563 => -85.8657479567
SERVER|-0.00016|0.06922|0.06411|0.03974|-0.19411|-0.07818|0.05958|0.90972 => -115.320521702
SERVER|-0.00012|-0.32917|0.23442|0.05275|-0.07587|-0.21161|-0.15792|-0.23419 => -171.955785332
SERVER|0.00008|0.04769|-0.03519|-0.01831|-0.28109|0.28089|-0.10401|-0.40456 => -128.547345348
SERVER|0.00004|0.23403|-0.08714|-0.02905|-0.06789|0.39722|0.60775|-0.47199 => 107.03322055
HOST|-0.00009|0.14365|0.07418|-0.04901|-0.11590|0.61698|-0.28753|0.36262 => -112.69620465
HOST|0.00006|-0.20385|0.01268|-0.01943|-0.01674|-0.38145|0.73926|-0.51944 => 120.629352933
SERVER|-0.00004|0.00006|-0.02753|0.20515|-0.09319|-0.40561|-0.29037|0.84366 => -128.287087915
HOST|-0.00020|0.23958|0.00111|0.08139|0.20727|0.17594|-0.38343|-0.47589 => -15.0433060103
SERVER|0.00005|0.30842|-0.09594|0.08739|0.10483|-0.02797|0.00563|-0.26621 => 68.7509094762
HOST|-0.00015|-0.19453|-0.12699|0.04678|0.10002|-0.22141|-0.02558|0.61637 => -40.6451343935
SERVER|0.00004|0.02821|0.06892|-0.06112|0.24159|0.35253|0.35109|0.14863 => 149.595072839
SERVER|-0.00005|-0.86569|-0.24227|-0.00361|-0.03832|-0.08764|-0.80533|-0.09678 => -361.578734405
SERVER|0.00005|0.50622|-0.02050|-0.00018|0.06366|-0.44579|-0.28877|0.00151 => 14.5053596008
HOST|-0.00022|0.26132|-0.34434|0.11385|0.06592|-0.31508|0.26588|-0.27259 => 72.9456524251
HOST|-0.00000|0.13182|0.00766|0.06549|0.14087|0.29376|0.32900|-0.05531 => 117.682823576
SERVER|-0.00020|0.22073|0.00491|-0.06776|0.01479|0.30710|0.04640|-0.12926 => -22.516730541
SERVER|-0.00002|0.12227|0.17005|0.00317|0.06820|0.08347|0.48829|-0.37737 => 130.26543821
SERVER|0.00004|-0.14418|-0.06075|0.13126|-0.36060|-0.42560|0.05319|0.07524 => -151.503895441
HOST|0.00001|-0.31227|0.14181|0.17664|0.15474|-0.52325|0.54767|0.02882 => 139.599010539
SERVER|-0.00036|0.03356|-0.27005|-0.10568|0.05367|-0.12005|-0.03015|0.08815 => -64.0510258336
SERVER|-0.00000|0.21302|0.22789|-0.08244|0.15237|-0.52684|0.13649|-0.22726 => 86.8363359699
HOST|0.00011|-0.02032|-0.09063|0.09457|0.15630|0.17890|0.48390|0.24417 => 175.234706485
SERVER|-0.00000|0.09381|-0.27941|0.01969|0.10978|-0.98976|0.58668|-0.33619 => 166.122747548
SERVER|0.00011|0.21163|-0.16382|0.12165|-0.15688|-0.31068|-0.35345|0.58053 => -120.277159259
SERVER|0.00005|0.13186|-0.11962|0.00782|0.14763|-0.03504|0.51876|0.15036 => 164.939084615
SERVER|-0.00017|0.07132|-0.18676|-0.02577|0.08666|-0.74807|0.21948|-0.57863 => 36.0119576691
SERVER|0.00003|-0.08763|0.18427|0.05084|-0.02345|-0.22704|-0.12899|-0.16309 => -68.9873943121
HOST|-0.00000|-0.00004|0.15657|0.05774|0.19400|-0.61372|0.52493|-0.50782 => 165.130179881
SERVER|-0.00007|0.15720|0.11745|0.09780|-0.26633|0.63436|0.08999|-0.26945 => -91.5041217016
SERVER|0.00004|0.53546|-0.17575|-0.24898|0.03032|0.16491|0.72829|0.24478 => 239.717025456
SERVER|-0.00005|-0.27104|-0.19623|-0.11119|-0.01410|0.58402|0.78550|-0.22482 => 108.90034281
SERVER|0.00009|0.27495|-0.10497|-0.04555|-0.29476|-0.03207|0.01502|0.41757 => -79.2251527988
SERVER|0.00004|0.25115|-0.19491|-0.08965|0.33209|-0.15169|-0.58545|-1.22212 => 5.73035563332
HOST|-0.00022|0.17561|0.15941|-0.11591|-0.33652|-0.31106|0.21641|-0.20055 => -87.0218850729
SERVER|-0.00009|-0.07161|0.05498|-0.06835|-0.04168|-0.08506|-0.40851|-0.44185 => -169.825887715
SERVER|-0.00006|-0.11045|0.19068|0.12404|-0.44387|-0.24824|-0.16065|0.09450 => -248.094797989
SERVER|-0.00007|-0.11705|0.18673|-0.07780|-0.27105|-0.14345|-0.04367|-0.02931 => -164.734421592
SERVER|0.00020|0.09016|-0.15599|0.04099|0.37813|0.10419|0.66012|0.42579 => 300.199936493
HOST|-0.00013|0.03114|0.17400|0.07360|-0.37793|-0.07000|0.27665|0.73009 => -99.5550797792
SERVER|0.00006|-0.23038|0.08258|-0.09934|-0.01016|0.17555|-0.61169|-0.52422 => -204.149689019
SERVER|0.00007|-0.14425|-0.05136|-0.08418|0.12750|0.21284|0.45797|0.91920 => 109.817610972
SERVER|0.00020|0.15020|-0.31604|0.06525|0.19902|-0.10222|0.22822|0.20612 => 162.520639923
SERVER|0.00005|0.43078|0.17662|-0.02298|0.17857|0.06192|-0.19236|-0.38605 => 71.1445028146
SERVER|0.00005|0.03341|-0.27986|-0.11647|0.11489|-0.04628|-0.14461|-0.03956 => -7.46120867936
HOST|0.00025|0.38444|-0.18478|0.02250|-0.16686|-0.00529|-0.08325|-0.01103 => 14.9799173517
HOST|0.00002|-0.12097|0.12042|-0.06073|0.15184|-0.16903|-0.35040|-1.11800 => -38.4351848541
SERVER|0.00011|0.41995|-0.01055|0.20541|0.17382|-0.50062|0.11731|-0.67221 => 151.880022
SERVER|0.00002|0.13688|0.37044|0.04554|0.05245|0.24325|0.54264|0.29720 => 142.509058268
HOST|0.00023|-0.42703|-0.22177|-0.04027|-0.17855|0.67223|0.27742|-0.22323 => -37.0957626785
HOST|0.00037|-0.18491|-0.10081|-0.12100|-0.04457|0.25513|-0.56413|-0.35888 => -125.881702331
HOST|0.00001|0.02276|-0.17838|0.03312|-0.06020|0.16059|0.75783|-1.17239 => 139.580213569
SERVER|-0.00001|0.30082|-0.08977|0.01282|0.00423|0.01230|0.12535|0.37245 => 42.7297984998
SERVER|-0.00019|0.40774|0.12374|0.07583|0.28606|0.36018|-0.01349|0.50973 => 89.1532085961
HOST|0.00001|0.34944|-0.09619|0.16331|0.22191|-0.18659|-0.09256|0.55065 => 108.052937173
SERVER|-0.00005|-0.53202|0.24970|0.10773|-0.00709|0.04381|0.13663|0.12107 => -77.4350487836
SERVER|-0.00024|-0.20460|-0.12089|-0.06328|0.01494|0.05743|0.23898|0.16265 => -27.0030001507
HOST|0.00001|-0.09788|-0.03868|-0.11461|0.22946|0.13847|-0.14595|-0.17691 => 21.697072905
SERVER|-0.00020|0.26460|0.15001|-0.08245|0.11423|-0.01093|0.99498|-0.26305 => 237.651472602
HOST|0.00011|0.06734|0.01724|0.12265|0.13265|-0.22500|0.65669|0.47509 => 209.657037155
HOST|0.00008|-0.37362|0.22881|-0.10973|0.04238|-0.37838|-0.34177|-0.63686 => -98.8729709367
SERVER|-0.00013|-0.17008|0.05076|0.05047|-0.09139|-0.32957|0.68050|0.41956 => 30.9116720432
HOST|0.00006|0.05975|-0.03124|-0.02711|-0.11948|-0.19405|0.04144|-0.67004 => -15.4639356695
SERVER|-0.00016|-0.17228|-0.09382|-0.18421|0.25660|-0.33914|0.40230|0.28297 => 102.808701717
SERVER|-0.00013|-0.04928|0.04398|0.03001|-0.03780|-0.39539|-0.30112|-0.60429 => -125.721140318
HOST|0.00008|0.17572|0.23167|-0.03835|-0.03311|-0.05504|-0.26890|0.31691 => -47.212436334
HOST|-0.00002|0.04737|-0.00924|-0.06228|0.18369|-0.28493|-0.11973|-0.12984 => 33.3904083531
HOST|0.00001|-0.54843|-0.08672|0.08020|0.30485|-0.26291|-0.32818|-0.83181 => -46.9349539288
SERVER|-0.00012|0.12598|0.21845|-0.08528|0.13877|0.17403|-0.37340|0.21724 => -89.4313677805
SERVER|-0.00003|0.50369|-0.04180|-0.08136|-0.07699|-0.30783|-0.58747|-0.15785 => -117.011210294
HOST|-0.00009|0.68807|0.09143|0.06192|-0.08163|0.08004|0.24319|-0.00806 => 90.8935550999
SERVER|-0.00002|-0.08151|-0.03237|0.02325|0.16821|-0.16897|-0.72319|1.15317 => -140.494650754
HOST|-0.00009|0.13337|0.01157|-0.07442|0.02907|-0.36545|0.17844|-0.16186 => 37.2514908384
SERVER|-0.00006|-0.25611|0.27220|0.21317|0.00733|-0.09327|-0.13199|-0.06973 => -108.28820515
SERVER|-0.00029|-0.08138|0.03786|-0.07873|0.26181|0.03376|0.09177|0.77838 => 24.8576289653
SERVER|0.00017|-1.12662|-0.07683|0.18495|0.30950|-0.31304|-0.40762|-0.01677 => -157.039675874
SERVER|-0.00001|-0.74943|0.11664|-0.00470|-0.14881|0.70050|0.16242|-0.01732 => -155.323345464
SERVER|0.00006|-0.17832|-0.06019|-0.06028|0.25846|-0.14042|0.26931|0.08850 => 101.318878166
HOST|-0.00026|-0.03970|0.20780|0.14663|0.00983|0.45219|-0.07562|-0.03878 => -76.7332611705
HOST|-0.00009|-0.12874|0.11927|0.21907|-0.04904|-0.06858|-0.30410|-0.59599 => -120.004918238
HOST|0.00012|-0.65596|0.24864|-0.05457|-0.10405|-0.16407|-0.07972|-0.40916 => -143.693352573
SERVER|0.00018|0.11772|-0.15327|-0.08926|0.39113|-0.01290|0.40179|0.08952 => 237.230104869
SERVER|0.00002|-0.38714|0.20042|-0.06517|0.16305|-0.26441|0.21462|-0.75416 => 35.6701519465
SERVER|-0.00008|-0.03900|-0.34573|0.07646|0.08405|0.06804|0.13201|0.35156 => 11.4298404181
HOST|0.00013|0.23083|0.07680|-0.12301|0.14350|0.24557|-0.84016|0.01559 => -96.294349554
SERVER|-0.00004|0.41215|-0.09663|-0.05051|-0.30880|-0.30874|0.58386|-0.35153 => 53.0104309163
SERVER|-0.00022|0.01238|-0.05359|0.14408|-0.41530|0.29623|-0.64936|0.43954 => -381.717033209
HOST|-0.00026|-0.08792|0.09146|-0.15402|0.22924|-0.22597|0.13740|0.31593 => 55.3498841017
SERVER|0.00010|-0.32151|0.18400|0.05124|-0.05383|-0.39459|0.15086|0.00240 => -36.6751194317
SERVER|-0.00018|0.60349|0.29318|-0.20593|0.27927|0.66605|-0.23152|0.78714 => 64.1869332107
HOST|0.00005|0.26794|-0.06358|-0.10552|-0.46146|-0.19937|-0.46821|0.56807 => -243.742700997
HOST|-0.00013|0.37247|0.21833|-0.02886|0.00574|0.18774|-0.36482|-0.46037 => -60.5422204959
HOST|-0.00012|-0.33139|0.03230|-0.00934|0.23754|-0.15980|-0.12160|0.19060 => -20.318792943
SERVER|0.00005|-0.27190|-0.18589|0.03666|0.01600|-0.51557|-0.42185|-0.98000 => -149.964058025
HOST|0.00008|0.25253|0.07416|-0.01107|0.38521|0.27707|-0.82291|0.66684 => -10.319489965
HOST|-0.00008|-0.03672|-0.00378|-0.16896|0.25420|0.46351|0.19191|-0.20696 => 109.930407441
SERVER|0.00003|-0.38588|0.07043|-0.05333|-0.18873|0.22295|-0.34506|-0.72903 => -208.57888131
SERVER|0.00009|0.13286|0.31796|0.18071|0.08970|-0.46841|0.11639|-0.06191 => 65.6298885558
SERVER|0.00005|0.20923|0.03852|-0.06980|-0.07699|0.31245|0.39596|-0.43738 => 64.5611086574
SERVER|0.00019|0.25569|0.19634|-0.02177|0.12614|0.63609|-0.14460|-0.23249 => 54.0491679538
SERVER|0.00014|0.37009|0.16345|-0.06488|0.10352|0.29763|0.94705|-0.48849 => 295.4470533
SERVER|0.00001|0.14282|-0.07707|-0.00042|-0.10726|0.43957|0.28492|0.04520 => -0.463333151569
HOST|0.00002|0.01674|0.01890|0.10587|0.35553|-0.10329|0.33639|0.24538 => 202.615213585
SERVER|0.00015|-0.07504|-0.05454|-0.01054|0.03549|-0.25120|-0.12980|-0.60214 => -26.8596215634
HOST|-0.00015|-0.03190|0.10327|0.02985|-0.05478|0.30436|0.41256|0.21595 => 51.6630680584
SERVER|0.00010|-0.01614|-0.18039|0.05320|-0.27249|-0.01331|0.08256|0.30545 => -87.3903750363
SERVER|-0.00011|0.19401|0.04649|-0.11981|0.28483|0.10376|-0.51497|0.19362 => -30.6467032962
SERVER|-0.00019|0.11277|-0.04994|-0.03604|0.10621|-0.02177|0.36634|-0.55879 => 76.8839950407
SERVER|-0.00008|-0.25904|-0.24441|-0.00004|0.03038|0.78652|1.12969|-0.24110 => 191.049639655
SERVER|-0.00012|0.67908|-0.00621|0.11648|-0.01764|0.11373|0.38626|0.12540 => 142.996516102
SERVER|0.00003|0.03366|0.03676|0.05978|0.28239|-0.21919|-0.23810|-0.37820 => 22.6610238686
SERVER|-0.00008|0.15933|0.11090|0.09255|-0.03452|-0.36424|0.23638|-0.01097 => 12.4219867814
SERVER|0.00010|-0.28586|-0.04075|0.03420|0.26967|-0.08737|0.12829|0.02043 => 80.2705278002
SERVER|-0.00003|-0.10852|0.09906|-0.12004|0.02290|-0.00321|-0.57644|-0.89415 => -183.264805561
SERVER|-0.00026|0.05835|-0.02551|0.01159|0.25897|-0.17512|-0.31110|-0.20552 => -32.9378141839
SERVER|0.00006|-0.03512|-0.27660|-0.09134|-0.19012|-0.55084|-0.09214|-0.40761 => -114.082188455
SERVER|-0.00001|-0.22919|-0.01700|-0.12286|0.21228|-0.38144|-0.64042|-0.81587 => -136.310315707
HOST|-0.00008|0.04339|-0.00700|-0.04722|0.14715|-0.07690|0.22670|-0.14980 => 77.138612267
SERVER|0.00001|0.19696|0.13415|0.00957|-0.33768|-0.14308|0.43109|0.35042 => -20.6792740602
HOST|-0.00006|0.50764|-0.11785|-0.15917|-0.03773|-0.03750|0.26351|-0.56522 => 102.122116234
SERVER|-0.00006|-0.45180|0.13664|-0.05344|0.13181|-0.00307|-0.76676|-0.62818 => -233.583968438
SERVER|-0.00016|0.49517|0.04576|0.03424|0.00770|0.00103|0.20238|-0.80129 => 63.1498260794
SERVER|0.00009|0.04246|0.04549|-0.13764|-0.12414|0.44126|0.64680|-0.26195 => 79.5056463504
SERVER|-0.00016|-0.19089|0.06768|-0.11523|-0.04656|-0.48902|-0.55340|0.45179 => -226.724442181
SERVER|0.00012|-0.17519|0.13012|0.02157|0.06586|-0.69052|0.51656|-0.72207 => 113.633199781
HOST|-0.00013|0.64308|0.20658|0.04081|-0.05740|0.12519|-0.08943|0.08112 => 6.32538252431
HOST|-0.00012|0.64329|-0.16398|-0.19061|0.17941|0.24268|-0.04096|-0.49173 => 119.308862898
HOST|0.00024|0.18133|0.16462|-0.07087|-0.20379|-0.34637|-0.08839|0.41629 => -37.4603219979
HOST|0.00008|-0.70551|0.02640|-0.00315|0.20698|-0.05437|0.32742|-0.88609 => 62.0185269138
HOST|-0.00003|-0.23580|-0.24726|0.10821|0.01853|0.54352|-0.69696|-0.86045 => -200.637927069
SERVER|0.00003|-0.04501|0.03686|-0.00170|-0.33547|-0.25476|0.19357|0.86135 => -100.314211005
HOST|0.00005|-0.43871|0.14778|-0.03545|0.03842|-0.18908|0.27040|-0.97894 => 14.7603291594
HOST|-0.00001|-0.59037|-0.18134|0.14407|0.17150|0.14365|-0.31165|-0.04402 => -103.785733266
HOST|-0.00029|0.05982|-0.30612|0.12840|0.18910|-0.30710|-0.05405|0.44878 => 7.06679695981
HOST|-0.00011|0.20654|-0.02382|0.16951|-0.11670|-0.04940|-0.17832|-0.49605 => -66.8573917743
HOST|-0.00001|-0.10154|0.04321|-0.14997|0.52300|-0.03590|-0.02907|-0.37260 => 162.10803801
SERVER|0.00027|0.06136|-0.40814|0.13201|0.10686|-0.13450|-0.02216|0.51415 => 54.6771139535
HOST|-0.00000|0.15771|-0.25786|0.01897|-0.04181|0.77226|0.51500|-0.16882 => 114.429092863
SERVER|-0.00003|-0.04731|0.08273|0.10557|-0.34158|-0.05299|0.55612|0.31107 => -32.4114530065
HOST|-0.00008|-0.00665|0.00083|0.07410|-0.11035|0.20373|-0.04309|-0.48825 => -64.0538240638
SERVER|0.00021|-0.26411|-0.24506|0.13209|-0.09736|-0.23059|0.34708|-0.22078 => -4.55842440793
HOST|-0.00026|0.05614|0.25369|0.04725|0.42151|0.32621|-0.62644|0.15035 => -45.3942724198
HOST|-0.00004|0.15058|0.14775|-0.08745|-0.17527|-0.37751|0.16747|-0.56689 => -13.4546415984
SERVER|0.00005|0.61373|0.07808|-0.01874|0.24489|-0.07492|0.82328|0.12012 => 335.280623227
SERVER|-0.00002|-0.19986|-0.32414|-0.17469|0.11163|-0.25433|-0.01145|0.54867 => -19.3197075595
SERVER|0.00004|-0.37696|0.14410|-0.17107|-0.13340|-0.12225|-0.03619|0.13088 => -166.148369494
HOST|-0.00010|0.42692|0.00504|0.03809|-0.26820|-0.54718|-0.14353|0.89810 => -95.7245988514
HOST|-0.00016|-0.31188|-0.09200|-0.21645|0.18762|0.12076|0.16362|-0.22564 => 16.1826314437
HOST|0.00006|-0.21973|-0.14114|-0.00644|0.08088|-0.18102|-0.11944|0.39147 => -31.0100002967
SERVER|0.00022|-0.64410|0.02036|0.12812|0.18841|-0.27203|-0.39687|0.48607 => -107.064301907
SERVER|0.00013|-0.06319|0.20352|0.05999|0.00699|0.08810|-0.10629|-0.44490 => -31.4032096505
HOST|0.00006|0.32304|-0.23038|0.08733|0.08801|0.82204|-0.34207|-1.20062 => -7.84138180913
SERVER|0.00011|-0.05121|-0.00625|0.00569|-0.19599|0.08403|0.09484|-0.25152 => -68.4539131188
HOST|-0.00001|0.24448|-0.12588|-0.02392|-0.03988|0.13901|0.47901|0.38683 => 125.142653118
SERVER|0.00003|-0.13540|-0.05434|0.07073|0.01509|0.08810|-0.45039|-0.93468 => -158.998387031
HOST|0.00006|-1.05443|0.34621|0.04465|-0.15702|-0.00415|-0.19489|0.52647 => -258.130878562
HOST|-0.00000|0.24738|0.12447|0.06968|-0.03284|0.09985|-0.58544|-0.22525 => -123.733706677
SERVER|0.00019|-0.08654|0.03878|0.00080|0.04408|0.56120|-0.31985|-0.17620 => -70.1091996157
HOST|-0.00001|0.22278|0.10806|0.10434|0.08287|-0.41751|-0.15609|0.41119 => 12.5883715471
HOST|0.00011|-0.21746|0.06704|-0.12430|-0.07941|-0.30032|-0.15386|-0.49575 => -87.6049551336
HOST|-0.00012|-0.18847|0.02173|0.10866|0.04814|0.33040|0.44454|0.79533 => 60.3415989746
HOST|0.00009|0.20555|0.04009|0.00644|0.01145|-0.40238|-0.51456|-0.45506 => -82.4484040031
HOST|-0.00007|0.06107|-0.06384|0.11574|-0.12398|0.02431|0.27597|-0.84765 => -10.6669644023
HOST|0.00005|-0.10287|0.09777|-0.16863|0.12314|0.11898|-0.33859|-0.96199 => -54.5357229966
HOST|-0.00008|-0.29562|0.07530|0.09056|-0.12053|-0.11163|0.12980|-1.28379 => -78.677461292
SERVER|-0.00018|-0.36250|0.12342|0.01565|0.22462|-0.55978|0.02605|-0.89517 => -8.39533172872
HOST|-0.00008|-0.58009|-0.12484|0.02676|0.16558|0.31029|0.05357|0.31862 => -39.624834727
HOST|0.00014|-0.21430|0.29917|0.02875|0.01714|-0.26928|-0.26554|0.18366 => -70.5435989253
SERVER|-0.00003|-0.05700|-0.08713|-0.15597|0.13917|-0.10209|-0.43851|0.08363 => -94.4369156781
SERVER|0.00010|0.21860|0.13664|0.14731|0.10606|-0.53766|-0.14601|-0.58757 => 25.2756812278
HOST|0.00002|0.39132|0.21101|0.01107|-0.01995|0.66573|0.10833|-0.38662 => 61.223052945
SERVER|0.00002|0.26005|-0.06916|-0.20632|0.21650|0.21685|0.77185|-0.48468 => 279.969862796
HOST|-0.00002|0.34372|0.00468|0.05850|-0.17159|-0.04944|0.13299|-0.00397 => -0.872812203987
SERVER|0.00002|0.19394|-0.09506|-0.11083|0.01839|-0.08315|0.25912|0.16101 => 69.7588285083
SERVER|-0.00017|-0.53496|-0.14982|0.10967|-0.10446|-0.60634|-0.06502|-0.13464 => -191.354009656
SERVER|0.00006|0.35864|0.08944|0.06471|-0.30471|-0.06119|-0.51794|-0.28839 => -193.816404509
HOST|-0.00012|-0.17320|0.27320|-0.08105|-0.04071|0.44350|0.59323|-0.48608 => 64.6150474999
SERVER|-0.00009|0.07201|-0.26861|-0.10450|-0.20047|-0.15818|-0.25990|-0.59591 => -148.580016273
SERVER|0.00024|-0.02399|0.01443|-0.04290|-0.17023|0.01811|0.26388|-0.31873 => 3.17518037407
HOST|-0.00005|0.33608|-0.00899|0.10444|0.04025|-0.42118|-0.53030|0.24259 => -81.7692061544
SERVER|0.00009|-0.02464|0.05821|-0.07610|-0.07163|-0.23953|-0.03937|-0.34497 => -47.0618020835
SERVER|0.00010|-0.39114|-0.16545|0.01447|0.07855|0.02819|-0.28145|0.72605 => -94.2056264475
SERVER|0.00016|-0.33792|-0.06012|0.08436|-0.06316|-0.37081|-0.15477|0.13967 => -98.1351365842
HOST|0.00005|0.00314|-0.04223|-0.06118|-0.08492|0.41149|0.01155|-0.18960 => -19.9981866107
HOST|-0.00005|0.03515|-0.17398|0.14191|-0.03088|0.07355|0.06689|0.61147 => -9.61637790111
HOST|-0.00010|0.21458|-0.17968|0.00400|-0.10523|-0.21748|-0.17110|0.83995 => -73.8946448183
HOST|-0.00000|0.03310|0.03344|-0.15396|-0.01302|-0.32042|-0.26168|0.11129 => -64.2535445391
HOST|-0.00015|0.48250|-0.10431|-0.13733|0.34927|-0.45054|-0.19281|0.65160 => 102.262127216
HOST|0.00006|0.50231|0.28467|0.15650|0.14091|-0.61405|0.12307|0.01311 => 170.09577505
HOST|0.00010|-0.13210|0.05911|0.04071|-0.21413|0.11088|0.55912|0.06706 => 37.4792087227
SERVER|0.00005|0.18122|0.07801|0.15589|0.07270|0.23140|-0.53826|0.75911 => -99.7303776957
HOST|-0.00009|-0.38635|-0.01885|-0.04127|-0.34421|-0.15802|-0.25884|0.12957 => -254.368867841
SERVER|0.00007|0.32831|0.04284|0.03967|0.08009|0.32924|0.30571|0.89298 => 119.565119427
HOST|-0.00002|-0.28297|0.14419|-0.07691|-0.00093|0.52698|-0.50358|-0.10707 => -161.408969906
SERVER|-0.00004|0.22122|0.00026|-0.04807|-0.08424|0.68039|-0.46714|-0.46262 => -157.058807149
SERVER|0.00001|-0.09797|-0.28628|0.02372|0.21475|-0.31181|-0.45731|0.20241 => -68.2638798338
SERVER|-0.00010|-0.12308|0.04883|-0.00806|-0.10916|0.21607|-0.16111|-0.21754 => -134.49309918
HOST|-0.00015|-0.00362|-0.01083|0.13833|-0.04329|-0.04870|-0.03228|0.12294 => -39.5206742799
HOST|-0.00031|0.17684|0.04079|-0.10142|-0.07726|-0.27220|0.29890|0.63528 => -2.62235432565
SERVER|-0.00003|-0.00680|0.07980|0.00736|0.09819|-0.12680|0.76546|0.53587 => 174.34388419
SERVER|0.00002|0.04228|0.06151|-0.01067|0.15400|0.17013|0.24764|0.54525 => 92.6666145429
SERVER|-0.00009|-0.20868|0.00515|0.10515|0.12974|0.28311|-0.01032|0.26561 => -38.6683380559
HOST|0.00007|0.43706|0.19254|-0.02580|0.02853|0.29950|-0.24247|-0.21878 => 19.0294926272
HOST|0.00011|0.02204|0.23905|-0.03185|0.10710|-0.11467|-0.65591|-0.33851 => -108.679924021
HOST|0.00020|0.00329|-0.08419|-0.05202|-0.10766|-0.33182|0.52122|0.68957 => 131.725520368
SERVER|0.00005|0.25507|-0.18792|0.10895|-0.04592|-0.23092|0.53041|0.26231 => 132.919414779
HOST|-0.00007|-0.08499|-0.00686|-0.09695|0.05796|0.30896|-0.50058|-0.16117 => -137.382361437
HOST|0.00004|-0.23612|0.18357|0.06026|-0.18552|-0.48474|-0.32155|0.90463 => -156.62728487
HOST|0.00008|0.48543|0.13180|-0.10010|-0.10962|-0.35065|0.19022|-0.52945 => 61.2210261618
HOST|0.00006|-0.13220|0.08198|0.03625|-0.07775|-0.08874|-0.05285|-0.75474 => -50.1052122813
SERVER|0.00016|0.19543|0.20598|0.07566|-0.02270|0.10795|-0.23652|-0.01419 => -34.8563346365
HOST|0.00017|-0.03436|-0.09700|0.05895|-0.18588|0.42724|0.55666|-0.67594 => 74.7936178044
SERVER|0.00007|-0.23096|-0.03750|-0.02527|-0.00298|-0.33908|0.13771|0.16245 => -30.766814518
SERVER|-0.00011|-0.11578|-0.05130|-0.04959|0.34223|-0.19822|0.03387|0.93689 => 76.9866263196
SERVER|0.00002|0.07167|0.19907|0.08756|0.17823|-0.55333|-0.46469|-0.04448 => -65.0233684711
SERVER|-0.00000|0.34783|-0.11677|0.17267|0.56924|-0.15774|-0.72585|0.17780 => 50.3853864942
SERVER|0.00001|0.92920|0.18878|0.17938|-0.11677|-0.55087|0.44040|-1.02835 => 161.2420694
HOST|0.00013|0.02649|-0.24887|0.00516|0.30799|0.02888|-0.14998|0.13453 => 87.6066647705
HOST|-0.00001|0.09260|0.09137|-0.02077|-0.14260|-0.00465|-0.00789|0.93992 => -54.9784949548
SERVER|0.00001|0.14665|-0.07974|-0.05569|0.08761|-0.05293|-0.03823|0.69387 => 22.5599788211
SERVER|0.00005|0.25981|-0.01051|-0.05839|-0.09125|-0.29181|-0.38513|-0.22824 => -92.7048656349
SERVER|-0.00018|-0.07908|0.14019|0.14155|-0.08646|-0.43753|-0.11223|-0.21689 => -130.415455739
HOST|-0.00003|0.78706|-0.08050|-0.09497|-0.19675|0.43751|-0.12214|1.25996 => -14.8460464036
HOST|-0.00004|-0.63458|-0.18933|-0.14593|-0.13392|0.39041|0.09943|-0.45763 => -140.251787774
SERVER|-0.00013|-0.36117|-0.16423|0.01490|0.19985|-0.24657|-0.19024|0.07835 => -87.7353817029
HOST|-0.00003|0.27066|0.00874|-0.02527|0.32315|-0.40230|0.03824|-0.29481 => 150.306706392
HOST|0.00021|-0.53149|0.13048|-0.17191|0.10849|0.20713|-0.52784|-0.35112 => -123.714455373
HOST|-0.00010|0.17370|-0.30099|-0.06494|0.19291|-0.41627|-0.22325|-0.10787 => 15.4392798045
HOST|0.00026|-0.61529|0.34604|-0.10648|0.20617|0.18594|0.27780|-0.67363 => 102.156384489
HOST|-0.00015|-0.14412|-0.08143|0.02772|-0.01502|0.16520|-0.25183|0.99714 => -131.442531619
HOST|0.00002|-0.39833|0.05570|0.01870|-0.12878|0.30324|0.16981|-0.30869 => -64.1512291148
HOST|-0.00014|-0.16892|0.14023|-0.11078|0.05944|0.57525|-0.28672|0.25959 => -96.91663748
HOST|-0.00015|-0.09428|0.02908|0.13749|-0.03675|-0.00773|-0.09066|0.14794 => -87.6082856218
SERVER|-0.00011|0.03020|-0.03827|0.07894|0.22798|0.76531|0.05568|-0.08326 => 50.2528438533
HOST|-0.00008|0.10094|-0.25735|0.00304|0.03574|0.08865|0.29108|-0.01484 => 63.06084971
HOST|-0.00006|0.27904|-0.19499|0.16308|0.02139|-0.20106|0.06105|-0.28285 => 40.978139306
SERVER|0.00009|-0.24989|0.13391|-0.13423|-0.05271|-0.11255|-0.73491|0.40155 => -238.615729059
HOST|-0.00006|0.39680|-0.06404|0.05936|0.15211|-0.47043|-0.08501|-0.46487 => 68.9913428975
HOST|0.00002|0.21522|0.09468|-0.13395|-0.14712|0.44195|0.38083|-0.98691 => 76.8740801479
SERVER|-0.00014|-0.26161|-0.01526|0.10594|-0.13423|0.09302|-0.17181|-0.57401 => -174.993976049
HOST|0.00011|-0.53001|0.10815|0.06861|0.26113|0.26789|-0.10512|0.74630 => -4.20046986101
SERVER|-0.00015|0.05814|-0.00021|0.04671|-0.35459|-0.11366|-0.19236|-0.59386 => -207.578343692
SERVER|-0.00013|-0.21499|0.08796|0.19504|-0.20081|0.24087|0.03296|0.39159 => -149.357605953
HOST|0.00013|-0.37641|0.12844|0.04118|-0.20669|-0.13311|-0.24367|-0.11398 => -176.03870635
SERVER|0.00007|-0.29252|-0.08408|-0.07441|-0.11449|-0.84575|0.70952|0.04615 => 56.0753635908
HOST|-0.00005|-0.19445|0.02920|0.07846|-0.08404|-0.09025|-0.18346|-0.67733 => -108.459415556
HOST|0.00017|-0.14173|0.08689|-0.06699|-0.01017|-0.57020|0.14388|-1.11653 => 35.9515658012
HOST|0.00004|-0.42203|0.03230|-0.09075|0.18261|-0.33334|0.21587|-0.28090 => 51.4761492259
SERVER|0.00000|0.04980|-0.36607|-0.17195|0.44940|0.38250|-0.20291|-0.24384 => 111.587529251
HOST|0.00001|-0.16283|-0.20357|-0.21525|0.06293|-0.17552|0.14799|0.89426 => 15.6864581901
HOST|0.00008|-0.24130|0.07953|-0.03316|-0.00308|0.39147|0.17881|0.33046 => 18.7205588305
HOST|-0.00015|0.05927|0.05919|0.03615|-0.06690|0.19828|-0.67895|0.16635 => -208.46546995
HOST|0.00011|0.18611|0.19024|-0.01651|0.19695|-0.18730|0.31320|-0.68536 => 172.216066022
SERVER|0.00005|-0.26832|-0.05527|-0.12494|0.16384|0.46927|-1.04934|-0.16639 => -234.29119631
HOST|-0.00011|0.35933|0.28978|-0.07935|-0.34116|0.59830|0.48692|-0.23191 => 26.1892490956
SERVER|-0.00008|-0.03613|-0.09042|0.14093|0.08133|0.22576|-0.27628|0.50263 => -85.5477545933
HOST|0.00006|0.25597|-0.07200|-0.03321|0.02767|0.45678|1.07019|0.17950 => 298.985231665
HOST|-0.00001|-0.20954|0.06381|-0.07501|0.09246|0.20753|-0.25383|0.00470 => -68.3646147225
SERVER|0.00026|-0.00988|0.06857|-0.04933|-0.15212|0.45958|-0.03936|-0.24512 => -44.6221085698
HOST|0.00006|-0.05384|0.14861|-0.05647|0.00698|-0.48587|0.04118|0.82688 => 6.26316857468
HOST|-0.00001|-0.34149|-0.04140|-0.00773|0.13948|0.20716|0.28020|-0.80023 => 53.4421923759
HOST|0.00004|0.16294|0.08435|0.12317|-0.25803|0.26809|-0.01799|0.38882 => -84.3078013866
HOST|-0.00018|0.02223|-0.04270|0.10649|0.46110|-0.20420|-0.71311|0.68259 => -34.4677327507
SERVER|0.00018|-0.02392|0.10417|-0.05907|-0.18700|0.11660|0.45435|-0.03583 => 32.7134651805
SERVER|0.00019|0.11289|0.16353|0.06853|0.02075|-0.11379|0.50364|0.27338 => 125.776029693
HOST|0.00006|-0.32027|0.05149|-0.14162|0.17332|0.32573|-0.05961|1.42168 => 1.91371855022
SERVER|-0.00010|-0.01209|-0.15312|-0.06731|-0.03205|0.19195|0.30537|-0.27031 => 23.1019271603
SERVER|-0.00006|0.09754|-0.01974|-0.04661|-0.04497|-0.47302|-0.76728|-0.77091 => -222.235449799
HOST|-0.00018|-0.23069|-0.10517|0.00281|-0.20134|-0.22843|-0.21221|0.69056 => -194.211769569
HOST|0.00003|0.10769|-0.13767|-0.10489|0.02475|0.17616|0.42485|0.49594 => 121.059516581
SERVER|0.00007|-0.09076|-0.10698|0.00632|0.12691|-0.16784|-0.37783|-0.06848 => -73.5014655514
SERVER|-0.00010|-0.15056|-0.23665|-0.14801|0.05230|0.72926|0.41109|-0.41001 => 48.0458143599
HOST|-0.00005|0.32046|-0.28631|0.00556|-0.06424|-0.64272|-0.27883|0.09102 => -44.9784160294
SERVER|0.00012|0.28091|-0.11928|-0.17192|0.04289|-0.20563|-0.93254|0.08378 => -153.045966825
HOST|0.00008|-0.52233|-0.03591|0.07016|-0.14192|0.19060|0.47030|0.14498 => -9.48153304708
HOST|-0.00002|0.54044|0.06080|0.04557|-0.09158|0.13616|0.01278|-0.03638 => 33.3541840807
HOST|-0.00007|-0.36145|-0.11929|0.09602|-0.11354|0.26893|-0.13672|-0.21822 => -152.461336858
HOST|-0.00018|0.08130|-0.03440|0.06710|0.12595|-0.08032|0.46132|0.25100 => 125.64162102
HOST|-0.00012|0.17968|0.27410|0.09591|-0.31106|0.79602|0.45224|-0.00404 => -11.164874933
HOST|-0.00019|0.05512|-0.01177|-0.11287|0.11453|-0.38721|-0.71955|0.04454 => -145.894444139
HOST|0.00015|0.30923|-0.41582|0.02744|-0.03527|-0.38408|-0.24772|0.65597 => -2.71145700334
SERVER|-0.00003|-0.24157|0.13774|0.17246|-0.05221|-0.27660|0.15296|0.21500 => -42.4089531656
HOST|-0.00004|-0.18345|-0.19303|0.15104|0.02931|0.35711|0.17821|-0.51592 => 2.46093616816
SERVER|0.00009|-0.16587|0.10267|-0.11295|-0.10729|-0.27450|0.02332|-0.67669 => -71.6713330499
HOST|0.00009|-0.27987|-0.07235|-0.06689|0.16524|0.13141|-0.09061|-0.52112 => 5.67838807265
HOST|-0.00009|-0.01202|0.05648|0.00483|0.03864|-0.94839|0.20159|-0.02407 => 14.2817799903
HOST|-0.00001|0.04705|-0.18689|-0.00106|0.30736|0.12186|-0.32135|-0.17137 => 37.4841616451
HOST|-0.00002|0.12160|0.05936|-0.06291|0.29999|-0.47039|0.42237|-0.50952 => 202.493706307
HOST|-0.00016|-0.15417|0.11687|-0.02341|0.34094|-0.19295|-0.52920|0.13220 => -43.9410778576
HOST|0.00015|0.52247|-0.10195|0.05170|-0.02580|-0.44156|-0.10674|-0.18468 => 57.7215380408
SERVER|0.00019|0.20715|-0.19630|-0.10380|-0.28160|-0.50177|-0.78023|0.83562 => -250.113983169
SERVER|-0.00002|-0.25356|-0.17232|-0.05118|-0.17688|-0.11461|0.61235|0.75742 => -4.20507422593
SERVER|0.00017|0.18658|0.15541|0.00908|-0.28443|0.56358|0.07236|0.10496 => -59.9920379892
HOST|0.00021|-0.09795|0.03690|-0.15282|-0.14857|-0.06454|-0.64008|-0.00024 => -190.551126138
HOST|0.00008|-0.30584|-0.20824|-0.00034|-0.08011|-0.24424|-0.41970|0.62462 => -182.800170572
HOST|0.00001|0.29382|0.10340|0.27336|-0.00526|-0.03410|0.10942|0.82734 => 72.0242133943
SERVER|0.00006|0.01568|-0.06900|-0.04611|-0.11878|0.18044|-0.46721|0.01804 => -173.12045876
SERVER|0.00003|-0.06385|-0.06831|0.00627|0.06307|0.11236|-0.16382|0.74861 => -47.0855590872
HOST|0.00005|-0.19468|-0.33173|0.11208|0.22459|0.18885|0.42364|-0.62576 => 136.599818164
SERVER|-0.00011|0.46884|0.00226|0.05156|-0.00935|-0.65369|-0.12949|-0.28479 => -17.5866033203
SERVER|-0.00000|0.51023|-0.00386|0.04310|-0.07857|0.44854|0.37395|0.69542 => 99.476390302
HOST|0.00006|-0.19124|0.03351|0.07881|-0.06620|-0.75852|0.09936|-0.36039 => -24.3594250551
HOST|0.00009|-0.24895|-0.25698|0.00884|0.15306|0.03956|-0.10973|-0.21360 => -9.85653638027
SERVER|0.00004|0.07015|-0.24809|-0.13812|-0.10967|-1.03996|0.08969|0.15016 => -42.3631972213
SERVER|-0.00003|0.27022|-0.25271|0.09815|0.00242|-0.32292|0.56120|0.23681 => 124.177661601
SERVER|-0.00013|-0.20849|0.26107|-0.03204|0.11617|-0.25009|-0.28254|1.05738 => -105.214340344
SERVER|0.00004|-0.50825|0.01533|0.05447|-0.18109|-0.29978|-0.55702|0.22089 => -297.045543315
HOST|-0.00003|-0.17607|0.22519|0.01215|0.04590|0.12674|-0.03566|0.29288 => -43.062119893
SERVER|-0.00001|0.17617|-0.11384|0.18971|-0.33142|-0.39652|0.03349|-0.12208 => -126.202970728
SERVER|0.00004|0.26951|0.09670|0.12772|-0.17374|0.61492|0.36631|-0.33112 => 28.7730699497
HOST|-0.00001|-0.01109|-0.01620|0.01349|-0.14810|0.00134|-0.13946|0.94056 => -86.0866241457
SERVER|0.00009|-0.14944|0.09462|0.06403|0.17665|0.39854|-0.10668|-0.13234 => 17.4316394246
SERVER|0.00003|0.38491|0.07761|-0.03973|0.14193|-0.10853|-0.36006|0.35557 => -16.391759023
HOST|0.00004|0.07520|0.11200|0.11474|-0.21478|0.06608|0.23821|-0.67337 => -13.9149644242
HOST|-0.00022|0.27860|0.00955|-0.00711|0.02306|-0.07957|0.00995|0.31220 => 15.4460967288
SERVER|0.00008|-0.17794|0.04012|-0.08801|0.25120|0.05527|-0.58168|0.70158 => -82.4972983909
HOST|-0.00018|-0.29114|-0.12564|-0.06390|0.10297|-0.15051|-0.30627|-0.72867 => -102.185534709
SERVER|0.00006|-0.25126|0.03229|0.02888|-0.21344|-0.35681|-0.43151|-0.33535 => -229.712218869
SERVER|-0.00003|-0.41990|-0.05831|0.03187|0.10615|0.19794|-0.36076|0.32598 => -144.817513662
HOST|-0.00008|-0.44494|0.00389|0.03273|-0.07596|-0.00084|0.11701|-0.58057 => -83.816592282
SERVER|0.00000|-0.06946|0.18116|0.06043|-0.08552|0.07177|-0.32453|0.81452 => -153.519991708
SERVER|-0.00003|-0.06633|-0.28767|-0.01189|0.34505|-0.15517|1.35162|0.30072 => 380.369307309
SERVER|0.00012|-0.45453|0.36224|0.09501|0.00125|-0.25433|-0.17310|-0.22660 => -113.51175882
SERVER|0.00003|-0.56898|-0.09463|-0.00241|0.09379|0.01163|0.99011|0.05083 => 153.16962541
HOST|0.00007|-0.23363|0.01512|0.03198|-0.15745|-0.22536|-0.10995|0.64954 => -124.135461717
SERVER|-0.00010|-0.43371|-0.00056|0.09032|-0.17932|0.21408|-0.02640|-0.49739 => -172.99608017
HOST|-0.00016|-0.12057|0.08015|0.02438|0.13546|0.32247|-0.62657|0.43520 => -154.890623233
SERVER|0.00005|0.12891|-0.02126|-0.04559|-0.06861|-0.05453|0.35049|-0.50657 => 38.5728639002
SERVER|-0.00014|-0.17974|-0.19163|0.14679|0.10330|-0.22656|0.22872|0.25486 => 1.61739541431
SERVER|0.00014|0.35132|0.24167|0.06520|-0.12120|-0.03852|-0.07972|-0.91341 => -6.52066521685
HOST|0.00013|-0.04154|-0.12396|0.09186|0.05638|0.27634|-0.29269|-0.31014 => -35.4682392469
HOST|-0.00016|-0.09044|0.25510|-0.04183|0.08732|-0.20887|0.56501|-0.02839 => 108.536434483
SERVER|-0.00007|-0.00192|0.03036|0.10252|0.11112|0.63221|-0.34655|1.18269 => -80.8165429022
HOST|0.00010|0.46503|-0.00966|-0.07235|0.18120|-0.07499|0.35150|0.50340 => 239.431766842
HOST|-0.00009|-0.20457|0.01025|-0.11014|0.02747|0.46209|0.34679|-0.08892 => 46.5951203211
HOST|-0.00014|-0.18567|-0.09539|-0.08253|-0.07473|0.41457|0.93040|-0.55990 => 129.431970877
HOST|-0.00012|0.56435|-0.03570|-0.03803|0.03428|0.10256|0.24479|0.09919 => 113.814491821
SERVER|-0.00007|0.03493|-0.04885|-0.00292|-0.12664|0.04596|-0.10682|-0.05930 => -110.519664023
HOST|0.00013|-0.08452|0.06158|-0.09002|0.10876|0.03301|-0.19625|-0.39874 => -4.7952919195
SERVER|0.00012|0.02706|0.18515|-0.12761|0.20553|-0.09916|0.21316|1.46455 => 117.497633034
SERVER|-0.00023|-0.06358|0.11638|0.04996|0.01978|0.99170|0.49051|-0.10530 => 56.4844419014
SERVER|0.00001|0.56620|0.05116|0.16341|0.09204|-0.22583|-0.25219|-0.29932 => 22.5652270593
SERVER|-0.00007|0.38310|0.03579|0.03397|0.45250|0.01613|-0.05624|-0.34213 => 177.658126263
SERVER|-0.00008|-0.40105|0.11559|-0.02272|0.00749|0.14108|0.08968|-0.87013 => -78.9864990111
HOST|0.00005|0.11386|0.06389|0.01797|0.00505|-0.24301|-0.63832|0.60108 => -134.720885718
HOST|0.00013|-0.03752|-0.18225|0.07506|-0.33245|-0.34292|-0.27071|-0.40152 => -180.659105778
HOST|-0.00005|-0.46429|-0.13508|-0.06657|-0.03780|-0.04133|-0.03688|-0.24104 => -104.284519457
SERVER|0.00007|-0.18048|0.03831|0.01466|-0.17144|-0.01542|-0.36442|0.80844 => -173.520262126
SERVER|0.00021|0.42526|-0.12405|-0.07290|-0.00191|-0.42734|0.29501|0.21524 => 144.826295607
HOST|-0.00016|-0.05000|-0.24237|0.06263|0.06471|-0.00305|0.11690|0.32994 => 4.45915378106
SERVER|0.00005|0.35142|-0.12250|0.04315|0.00283|-0.30379|-0.39309|0.54682 => -65.0110750233
HOST|-0.00017|0.00718|0.13490|0.14817|0.16985|0.03892|-0.14824|-0.14201 => -8.42287678651
SERVER|-0.00007|-0.15095|0.25914|0.02405|-0.04498|0.26660|0.28183|0.64252 => -1.70079527813
SERVER|-0.00002|-0.25233|-0.21890|0.10353|-0.19981|-0.08468|-0.17875|-0.89182 => -167.601874601
HOST|0.00012|0.22621|-0.13794|-0.01499|0.05025|-0.20841|-0.14177|0.35004 => 41.661226603
HOST|0.00011|-0.30848|-0.15974|-0.07275|-0.50555|-0.23799|0.35886|0.00990 => -146.595603616
HOST|-0.00011|-0.20464|0.15969|-0.01817|0.13532|-0.31200|-0.26116|0.04784 => -75.6172688571
SERVER|0.00019|-0.37622|-0.23539|0.02687|-0.17538|-0.58629|0.02007|-0.55980 => -106.220660043
HOST|0.00015|-0.19267|0.03422|-0.00584|-0.17044|-0.22565|-0.14005|0.11029 => -103.613611182
HOST|0.00026|0.30285|0.19416|0.04322|-0.26431|-0.28917|0.65726|-0.01376 => 139.872818241
HOST|0.00008|-0.14157|0.07233|0.06950|-0.23408|-0.54849|-0.19423|0.14977 => -147.500073188
HOST|0.00006|0.42618|-0.04467|0.03286|0.03411|-0.42336|-0.32222|-0.50021 => -12.3595281186
SERVER|-0.00012|-0.16684|-0.07997|0.03986|0.07756|0.05868|-0.18377|-0.35405 => -80.5030964329
SERVER|-0.00001|0.03486|-0.00296|-0.18180|0.17734|0.47228|-0.20083|-0.55089 => -5.88654554176
HOST|0.00005|-0.16684|0.19509|0.03260|0.18238|-0.71345|0.01081|1.25868 => 46.4558528968
SERVER|-0.00000|-0.06468|0.19394|-0.09534|0.03349|0.01609|0.43534|-0.31535 => 68.8325261232
HOST|-0.00002|-0.33917|0.15408|-0.01427|0.43652|0.17108|-0.32835|-0.16199 => 11.6030163075
HOST|0.00009|-0.62800|-0.18312|-0.01442|-0.09021|-0.12209|0.17154|-0.62166 => -71.9811223809
HOST|0.00023|-0.29149|-0.07751|-0.01951|0.05506|-0.18966|0.23883|1.01064 => 74.8091100749
SERVER|0.00014|-0.26991|0.07013|0.02348|-0.31386|-0.55073|0.31860|-0.00013 => -75.9236668134
SERVER|-0.00014|-0.08012|-0.28448|0.13778|-0.19369|0.14034|-0.35418|-0.44501 => -208.881970024
SERVER|-0.00017|0.44084|0.01970|0.01205|-0.30768|0.10351|0.40887|-0.03835 => -8.42543195636
SERVER|-0.00004|0.48673|0.05330|0.02800|-0.19048|0.16851|0.42191|-0.46770 => 56.0440062809
HOST|0.00006|0.26240|-0.01832|-0.03975|0.11257|-0.24290|0.00552|0.10293 => 83.0137625578
SERVER|0.00000|0.09505|-0.16858|-0.01698|-0.07080|0.31562|0.10113|-1.28340 => -14.5889291895
SERVER|-0.00006|0.48377|-0.09291|-0.01031|-0.05541|0.17688|-0.34434|-0.19814 => -63.4086799743
SERVER|0.00010|-0.13909|-0.05578|0.13198|0.14045|-0.54987|0.13624|-0.33051 => 52.2656799622
HOST|-0.00002|-0.28549|0.05621|-0.20801|-0.23750|0.37998|-0.11761|-0.48520 => -179.346455132
HOST|0.00007|-0.15540|-0.11262|0.00714|0.12818|-0.18108|0.68827|0.27072 => 174.029930359
SERVER|0.00026|0.31567|-0.12060|-0.15108|-0.02698|-0.24162|-0.39068|-0.57524 => -28.3950336421
SERVER|0.00006|-0.18822|0.11107|-0.02490|0.39454|-0.18141|0.09129|-0.84688 => 121.84549547
SERVER|-0.00004|-0.22737|-0.13483|-0.03322|-0.16160|-0.19646|0.60703|0.12491 => 17.0135108525
HOST|0.00003|-0.29022|-0.26207|0.06162|0.19131|0.49848|-0.05903|-0.05846 => 4.0755923155
HOST|0.00008|0.10863|0.01577|-0.13404|-0.29538|0.13934|0.30490|1.11668 => -23.2589451082
SERVER|0.00012|0.23817|-0.21262|0.08049|0.15851|0.09908|0.56799|1.00230 => 220.177744575
SERVER|-0.00002|-0.23318|0.22683|-0.10567|0.05240|0.51780|-0.02220|0.33595 => -59.1556538212
SERVER|-0.00023|0.30918|-0.00162|0.14899|-0.21596|0.10986|0.22470|-0.24846 => -61.9468480543
HOST|-0.00023|-0.34141|-0.00981|-0.06639|0.03936|0.19180|-0.02699|0.50132 => -96.4342435454
SERVER|-0.00004|-0.05721|0.32849|-0.10240|-0.08872|0.58138|-0.66933|-0.36182 => -226.920105917
SERVER|0.00006|-0.11052|0.57538|-0.06794|-0.11250|0.14691|0.17132|0.64458 => -29.3579250077
SERVER|-0.00007|0.18325|-0.30570|-0.08394|-0.02354|-0.38827|-0.15941|0.25198 => -54.4368176248
HOST|-0.00006|-0.28641|0.29251|-0.15768|-0.04245|-0.02092|-0.21192|-0.28104 => -114.858103526
SERVER|0.00011|0.23051|0.02114|-0.03350|0.11097|-0.15172|-0.45497|0.38956 => -31.875255436
HOST|0.00025|0.33304|0.14508|-0.05612|0.27220|-0.26958|-0.00385|-0.55316 => 188.394661472
SERVER|-0.00004|0.80545|0.19039|-0.24057|0.24285|-0.18677|0.21401|-0.09330 => 221.688243915
HOST|-0.00016|0.15429|0.01839|0.04950|0.25148|-0.00527|-0.18260|0.53283 => 31.0868132813
HOST|-0.00008|-0.30947|0.05826|-0.09924|-0.23953|-0.40959|-0.51585|0.05948 => -258.913718381
SERVER|-0.00014|0.12835|0.06158|-0.01513|0.07496|-0.13587|-0.07681|0.94031 => -13.2082695413
HOST|-0.00005|-0.21005|-0.03167|-0.07167|0.10912|0.57962|-0.24973|0.04832 => -58.9030692273
SERVER|-0.00013|-0.29159|0.03158|-0.17671|-0.35433|-0.02554|-0.04273|-0.34413 => -237.885545651
HOST|0.00009|0.24468|0.04504|-0.05656|-0.35229|-0.04259|0.34280|-0.37985 => -1.31753644533
SERVER|-0.00012|-0.19994|0.04254|0.07994|-0.06823|-0.28051|-0.54780|0.01515 => -231.644958582
SERVER|-0.00001|0.24067|0.05690|-0.00427|-0.09018|-0.11938|-0.49224|1.23545 => -156.341764201
SERVER|0.00011|0.25946|-0.43823|-0.05167|-0.13979|0.77253|0.05597|0.49868 => -12.367105635
SERVER|-0.00008|-0.19690|-0.14092|0.08310|-0.27162|0.10505|-0.02599|-0.25267 => -165.365907289
HOST|-0.00012|0.02070|0.07444|-0.05981|0.30192|-0.27219|0.20822|1.01257 => 118.872197056
HOST|-0.00003|-0.05936|0.25236|-0.09249|0.12248|0.31502|0.04681|0.62244 => 29.8390305625
SERVER|0.00028|-0.19555|0.06733|-0.12865|0.21708|-0.01631|0.28992|0.35327 => 139.834830737
SERVER|-0.00014|-0.05992|-0.18753|0.02828|-0.18737|-0.01755|-0.34778|0.01732 => -210.193816997
SERVER|0.00018|0.59663|-0.19455|0.04126|0.25858|0.18156|0.88266|0.54671 => 382.344112532
HOST|-0.00012|0.28669|-0.13542|-0.03550|-0.00641|-0.08321|0.05353|0.39710 => 18.7742471354
HOST|-0.00007|-0.25283|0.13161|-0.14354|0.11680|-0.11472|-0.19022|-0.18773 => -75.409619103
HOST|0.00013|-0.20565|0.00318|-0.08448|0.05476|-0.08346|0.47947|0.31775 => 109.172804491
SERVER|0.00008|-0.18220|-0.20521|-0.02526|0.20085|-0.32156|-0.97308|-0.20617 => -188.412947624
HOST|0.00000|-0.02409|0.03443|-0.04250|-0.08809|-0.19557|-0.27103|-0.39636 => -115.674857752
SERVER|-0.00000|0.33076|-0.18185|0.09219|0.13543|0.30594|-0.54157|-0.26400 => -51.2487527954
SERVER|0.00000|-0.06621|0.06767|-0.05889|-0.09766|-0.34820|0.05359|0.78101 => -49.5995589892
SERVER|0.00001|0.63672|0.17304|0.08431|0.15497|0.26833|-0.17190|0.08082 => 85.6162880348
HOST|-0.00011|-0.15416|-0.00916|0.02003|-0.03589|-0.07230|0.66140|0.02977 => 75.7719107606
SERVER|0.00000|0.28300|0.13294|0.11808|-0.30145|-0.54220|-0.23716|0.17206 => -143.830103324
HOST|0.00005|0.46408|-0.39182|0.18561|-0.20277|0.02269|-0.14612|0.56597 => -37.3073987369
HOST|-0.00008|-0.03363|0.05094|0.00367|-0.10924|0.34677|0.27242|-0.48654 => -7.98004125144
HOST|-0.00006|0.21982|0.01482|-0.08449|-0.01996|-0.74333|-0.74815|-0.68046 => -166.851618986
HOST|-0.00004|0.45167|-0.04415|-0.09449|-0.13950|-0.07996|0.92367|-0.37533 => 213.635452782
SERVER|0.00002|0.08793|-0.11287|-0.02443|-0.18599|0.57134|0.13744|0.97967 => -45.936682206
HOST|-0.00013|0.50955|0.37373|0.14653|-0.05778|0.27128|0.08639|-0.47141 => 42.2715006579
HOST|-0.00019|0.25683|-0.09538|0.02180|-0.18616|-0.21504|-0.33729|-0.00322 => -141.971366691
HOST|-0.00003|-0.23621|-0.16177|0.01224|0.09278|0.08093|0.02735|-0.38082 => -13.3574402317
HOST|0.00012|0.38241|0.17323|-0.03486|0.00140|0.11196|-0.07958|0.80650 => 57.4735524542
HOST|-0.00011|0.11018|-0.02498|0.08781|-0.07580|0.14898|0.23758|-0.15832 => 6.73545970128
HOST|0.00016|0.14996|-0.03959|0.11328|-0.35601|-0.15825|-0.68228|-0.65516 => -249.991699301
SERVER|-0.00008|0.11374|-0.00283|0.07916|0.33740|-0.00508|-0.12703|0.47734 => 73.465755156
HOST|0.00002|-0.41067|0.03777|0.09060|0.01501|0.17262|0.27217|0.44643 => 0.407793658744
SERVER|0.00007|0.15323|0.04144|0.02543|-0.01387|-0.10198|-0.23522|-0.97847 => -45.0767338017
HOST|-0.00003|-0.48058|-0.08448|-0.04144|-0.01336|0.11661|0.31912|1.49295 => -25.5030832122
SERVER|-0.00007|0.23136|-0.04081|0.03579|-0.06742|0.07903|0.34030|-0.20346 => 53.5840356372
HOST|0.00004|-0.21449|-0.02523|-0.11676|0.04729|-0.57455|-0.14638|-0.48784 => -59.3390385556
SERVER|0.00007|-0.01671|0.00504|-0.09736|0.22051|0.39456|0.88150|0.02808 => 266.266481182
SERVER|0.00007|0.41610|0.04225|0.07843|0.07903|-0.30349|-0.00347|-0.23994 => 77.2959462644
HOST|0.00003|-0.04082|-0.20239|0.00013|-0.13813|0.09409|0.04512|-0.08247 => -53.0813425388
HOST|-0.00012|-0.61119|0.04349|-0.09243|-0.06761|0.75856|-0.33250|-0.49413 => -229.511582949
SERVER|0.00003|0.31811|-0.22303|-0.03726|0.33117|-0.38392|0.80894|-0.78123 => 320.891330477
HOST|0.00006|-0.19176|-0.16691|0.06972|-0.23129|0.14307|-0.41089|0.44751 => -204.230309022
HOST|0.00005|-0.03164|-0.04697|-0.07637|0.15019|0.27658|-0.20523|1.76156 => 3.78572793459
SERVER|0.00027|-0.34382|0.16127|0.01498|0.06279|-0.02615|0.25947|0.71388 => 52.8736315166
HOST|-0.00007|0.10634|-0.07419|0.02798|0.17882|-0.31109|-0.53301|-0.48139 => -68.9370048776
HOST|0.00002|0.41358|-0.18001|0.08561|-0.33369|-0.37934|0.20514|-0.33543 => -7.5996939772
SERVER|-0.00007|0.23417|0.13175|-0.02388|0.32851|0.26137|0.72505|0.03444 => 270.766673078
SERVER|-0.00007|-0.15544|-0.16079|-0.07887|0.21980|-0.30671|-0.04154|-0.94780 => 2.58465234959
HOST|-0.00000|0.12828|-0.07929|-0.03030|-0.26683|-0.17987|-0.12396|0.50230 => -119.975763259
SERVER|-0.00011|0.01735|0.17466|-0.03048|0.12192|-0.23370|0.28478|-0.34370 => 70.4419551698
HOST|0.00005|-0.03156|0.13633|-0.02940|0.02526|0.28270|0.14790|0.52803 => 39.1224063298
SERVER|0.00013|0.09826|0.07825|-0.00534|0.50975|0.03180|-0.56497|-0.79419 => 63.348095214
HOST|-0.00004|0.30974|-0.18924|0.11240|0.06672|-0.31624|0.36926|-0.26232 => 128.028353201
SERVER|-0.00007|0.20422|-0.03008|-0.07956|0.37746|-0.08684|-0.43117|-0.30950 => 21.510221209
SERVER|0.00009|-0.21221|0.01487|-0.14515|-0.03382|-0.27079|0.22462|0.47776 => -0.5786997031
HOST|-0.00005|0.21156|-0.01545|0.01476|-0.07347|-0.09612|-0.00148|-0.51273 => -9.14946042146
SERVER|-0.00016|0.23085|0.06678|-0.07487|0.23250|-0.55763|-0.08266|-0.19605 => 26.6255435912
SERVER|0.00005|-0.08246|0.00995|-0.06721|-0.00566|0.07975|-0.06897|-0.76129 => -43.9059555862
HOST|0.00009|0.30494|0.10904|-0.10374|0.11674|0.01362|0.82913|-0.73722 => 273.172306279
HOST|0.00006|0.50099|-0.08668|-0.12554|-0.01393|0.11045|-0.00397|0.63209 => 55.6897546974
SERVER|-0.00005|0.11585|0.14902|0.06093|-0.38293|-0.65371|0.50343|-0.47025 => -41.8636991121
SERVER|0.00001|-0.26983|0.13606|-0.18077|0.18850|-0.61331|0.05706|-0.94335 => 6.26374253779
HOST|0.00008|-0.12332|0.02865|-0.19169|0.04875|0.09870|-0.04679|-0.67001 => 11.9303450042
HOST|0.00005|-0.56690|-0.26432|-0.05101|0.07785|0.44137|0.31328|0.75777 => 18.4405581872
SERVER|0.00001|0.23544|0.05294|-0.14711|0.12882|-0.05337|0.38505|-0.29922 => 138.655537774
SERVER|-0.00013|0.27513|-0.11958|-0.09170|-0.25415|-0.16195|-0.05177|-0.08734 => -102.354678394
SERVER|-0.00010|0.22366|0.09215|0.02596|-0.10383|-0.24800|-0.50050|-0.26534 => -178.395982573
HOST|-0.00024|-0.46166|0.08582|-0.09572|-0.39186|-0.17108|-0.15111|-0.56977 => -296.414574048
SERVER|0.00002|0.24380|-0.02121|0.04931|-0.25183|-0.16216|0.57974|-0.15528 => 63.2755574991
SERVER|-0.00002|0.39443|0.00780|-0.02810|0.26129|-0.13940|-0.51008|0.31288 => 8.12018249786
HOST|0.00004|0.15696|-0.05211|0.16611|-0.33835|0.18214|0.34239|0.20756 => -14.9968320383
SERVER|-0.00005|-0.13738|0.30366|0.02124|0.06610|-0.10788|0.15821|-0.24555 => 4.39459020101
SERVER|0.00008|0.08862|0.02927|0.15445|-0.12129|0.18681|-0.85972|-0.09931 => -248.482578948
SERVER|0.00013|-0.30541|0.08718|0.08253|-0.16169|-0.28444|0.00268|1.31109 => -113.94905071
SERVER|0.00012|-0.13257|0.08102|-0.06444|0.06404|-0.56427|0.30019|-0.93689 => 71.4194073782
HOST|0.00003|0.21082|0.21756|-0.07936|-0.23015|-0.02664|0.21426|-0.24653 => -9.54041284994
HOST|0.00006|-0.32328|0.14700|-0.02180|-0.07025|0.10477|0.18389|-0.43615 => -30.7501985135
SERVER|-0.00017|0.45684|-0.10383|0.02942|0.29523|0.67149|-0.47003|-0.10244 => -2.29571678156
SERVER|0.00013|0.38473|0.30546|0.05268|0.17759|-0.24720|-0.28904|0.01187 => 35.3169124149
SERVER|0.00017|0.22651|0.07743|-0.09869|0.08505|0.20520|0.21937|-0.95366 => 107.551266319
SERVER|0.00005|0.29076|-0.03564|-0.17205|0.01644|-0.30217|0.00360|0.08258 => 33.4691452677
HOST|-0.00008|0.28988|-0.01497|0.25786|-0.09505|-0.02799|0.06473|0.38550 => 5.17113313347
SERVER|0.00013|0.34839|-0.12666|-0.08806|-0.04043|-0.09847|-0.07815|0.06869 => 16.9361722965
HOST|-0.00007|-0.23210|-0.11721|0.01197|-0.06974|0.17713|0.01410|-0.32647 => -78.3903837397
SERVER|-0.00005|-0.08085|0.15566|-0.02000|-0.34228|-0.05117|1.05126|-0.70830 => 65.4012868844
HOST|0.00001|0.25733|-0.03993|0.13838|-0.21719|0.15491|-0.13961|-1.36376 => -73.3803297827
SERVER|-0.00016|0.06243|0.02541|-0.11443|0.08727|0.50223|0.57152|-0.15613 => 110.919385489
SERVER|0.00008|0.01652|0.17388|-0.15287|-0.02360|-0.23947|-0.24301|0.75365 => -87.8175614368
HOST|-0.00020|-0.21951|-0.00550|-0.13117|0.24146|0.73261|0.06724|0.37377 => 20.4317840431
HOST|0.00009|-0.14482|0.15833|-0.11081|-0.15123|0.48082|-0.34215|0.42625 => -160.243180401
HOST|-0.00012|-0.21909|0.05730|0.12996|0.07014|0.02135|1.08224|0.67517 => 210.790920118
SERVER|-0.00021|-0.00977|-0.18981|-0.02369|-0.04399|0.23765|0.94009|1.52795 => 135.991704703
HOST|0.00018|-0.76002|0.12713|0.19725|0.03233|0.09531|-0.46716|-0.51408 => -188.013636426
SERVER|-0.00005|0.49108|-0.03409|-0.05517|0.04372|-0.14437|0.15774|0.94688 => 71.1894458778
HOST|0.00003|0.08321|-0.01212|-0.04693|-0.09582|-0.43245|0.29114|0.08444 => 33.2246642339
SERVER|-0.00002|0.45230|-0.08202|0.00981|0.32970|-0.42644|0.31411|0.11191 => 218.068307971
HOST|0.00007|0.36509|0.12169|0.04985|-0.09268|-0.13266|-0.32938|-0.29733 => -58.2921418685
HOST|0.00000|-0.33799|-0.10975|0.10850|0.10041|0.00312|0.21880|-0.32122 => 43.6596101635
SERVER|0.00000|-0.68856|-0.05948|0.16661|-0.10804|0.02914|0.07508|0.80258 => -155.107200225
HOST|-0.00013|0.05557|-0.16097|0.01419|0.07951|0.26449|-0.24625|0.73396 => -53.5133914353
SERVER|0.00029|0.28543|0.01125|-0.07707|0.16532|-0.27463|-0.05556|-1.24529 => 107.086629081
HOST|-0.00002|-0.63983|0.00078|0.09587|0.01158|0.42470|-0.56175|-0.03633 => -233.957957815
HOST|-0.00004|-0.36837|0.08277|-0.12518|0.28128|-0.07307|-0.17665|0.65119 => -4.15514359311
HOST|0.00009|0.08887|-0.12973|-0.13256|-0.08902|0.63182|0.55474|0.40382 => 119.684011122
HOST|-0.00021|0.54234|0.01684|0.07936|-0.29632|0.21763|0.32581|-0.71253 => -11.33489933
SERVER|-0.00009|0.74744|0.01415|0.00929|-0.14239|0.12510|0.17455|-0.44013 => 58.5303873196
HOST|-0.00015|-0.29562|-0.08067|-0.13112|-0.03643|0.33057|0.31274|0.12108 => -2.25835513202
SERVER|0.00015|-0.56478|-0.14132|-0.03980|-0.10319|-0.46131|-0.48243|-0.68704 => -226.950728858
HOST|-0.00005|0.58815|-0.32265|0.08251|-0.26483|-0.15610|0.28054|-0.74673 => 45.7941156319
HOST|0.00009|-0.09731|0.09567|0.16271|-0.10630|0.58175|0.18793|0.19569 => -9.52722731155
SERVER|-0.00008|-0.20555|-0.29408|-0.06796|-0.30842|0.37609|-0.31751|-0.40124 => -263.967461353
SERVER|0.00001|0.80514|0.07185|0.14485|0.39901|-0.63407|0.14575|-0.07354 => 269.410974052
HOST|0.00013|-0.22682|-0.22211|0.04395|0.04662|0.01980|0.32125|0.11289 => 64.2483572252
SERVER|-0.00015|0.50757|0.03799|0.10354|0.14321|0.26919|-0.51706|-0.60176 => -45.0894910936
SERVER|-0.00027|0.49832|0.08912|0.08120|0.19935|0.66052|-0.55376|0.95140 => -49.9478438172
SERVER|0.00007|-0.06306|0.09085|-0.06223|0.05301|0.26124|-0.24120|0.16345 => -68.8293038612
HOST|-0.00017|-0.24604|-0.08503|0.09302|0.08344|-0.39166|0.25575|-0.02100 => 9.12011270313
HOST|-0.00001|-0.09160|0.10112|-0.11895|-0.27505|0.44710|-0.41135|0.31744 => -215.584592482
SERVER|-0.00009|0.07901|-0.14181|0.21834|-0.10455|0.37703|-0.10458|0.58794 => -106.430051512
HOST|-0.00002|-0.05939|-0.04727|0.15106|0.04692|0.06181|-0.20932|0.05245 => -57.7616439186
HOST|0.00014|-0.10217|-0.00968|-0.06013|-0.09839|0.08109|-0.22434|1.20222 => -94.2121442863
HOST|-0.00012|0.15052|0.04783|-0.03330|-0.24587|0.37319|-0.24953|-0.04430 => -153.382940655
HOST|0.00003|0.08625|-0.04063|0.18679|-0.10312|0.04813|0.88440|0.20990 => 165.7199782
SERVER|-0.00017|-0.08543|-0.18308|-0.10318|0.11464|0.00382|0.26232|0.11714 => 33.8377391176
SERVER|0.00012|-0.67147|-0.10316|0.01248|0.03666|-0.18328|0.15093|-0.06939 => -55.3623063225
HOST|0.00005|-0.43025|-0.34923|0.19906|-0.13320|-0.69797|0.38506|-0.17821 => -24.2775690615
HOST|0.00009|-0.06754|-0.03618|-0.04240|-0.13838|0.17787|-0.21756|0.48254 => -111.576628281
HOST|0.00010|0.42236|0.04537|0.21238|0.10700|0.12959|-0.61112|-0.17276 => -37.5253999211
HOST|-0.00007|-0.46977|0.02332|-0.06297|-0.15751|0.21967|1.18419|-0.94413 => 123.9705043
SERVER|0.00002|-0.06895|0.35396|-0.07033|-0.19129|0.03014|-0.28125|0.23026 => -167.52241559
HOST|0.00010|-0.46175|-0.29912|-0.08500|-0.01286|-0.05040|0.00519|0.10194 => -79.6516094426
SERVER|0.00018|0.13573|-0.13503|0.01128|0.33249|-0.45163|-0.03427|0.15342 => 136.225352871
SERVER|0.00006|0.10995|0.03754|0.09613|-0.05835|0.18462|0.19349|0.05261 => 12.7054232364
SERVER|0.00007|-0.25265|-0.15749|-0.04663|-0.07732|0.76894|-0.78682|0.05728 => -257.677653166
SERVER|0.00002|-0.24512|-0.04094|-0.12752|0.06664|0.13601|-0.41573|1.05832 => -143.179715932
SERVER|0.00009|0.03746|-0.02372|-0.01621|0.06458|0.22241|0.20445|-0.19932 => 69.4578983172
SERVER|-0.00002|0.09648|0.03226|0.05579|-0.17739|-0.97974|-0.34225|0.37830 => -151.675139537
SERVER|-0.00022|0.22945|-0.10649|-0.02228|0.37964|0.14754|0.58845|-0.64730 => 230.771982675
SERVER|-0.00002|0.07865|0.16552|0.06195|0.00057|0.69261|0.28719|0.05339 => 47.3747800001
SERVER|0.00001|0.71884|0.17422|-0.06043|-0.17814|-0.36916|0.74075|-0.14196 => 182.259805788
HOST|-0.00007|-0.12951|-0.16382|-0.00762|-0.15556|0.04591|0.29078|0.15753 => -37.5770053385
HOST|-0.00003|-0.14608|0.00881|-0.05540|0.18723|-0.58371|0.09429|0.52074 => 44.5756214465
HOST|0.00000|0.12542|-0.08640|-0.07509|-0.13841|-0.30105|-0.28276|-0.17458 => -105.827338584
SERVER|0.00004|-0.03993|-0.18402|-0.02936|0.08382|0.16376|-0.38414|-0.51542 => -88.625158485
HOST|0.00008|0.38501|0.14758|0.02574|0.04498|0.44040|0.42884|-0.46116 => 162.999757965
HOST|-0.00019|0.47846|-0.08812|-0.05354|-0.04506|0.20639|-0.40323|-0.09918 => -88.0720065559
HOST|0.00003|0.18160|-0.04460|0.09639|-0.10441|-0.60797|0.00010|0.28258 => -14.2834024234
HOST|0.00006|-0.24255|-0.04372|-0.06568|0.34170|0.33715|-0.34990|-0.21536 => -0.554922866792
SERVER|-0.00007|-0.09555|-0.04037|0.05838|0.10455|0.31284|0.66217|-0.31621 => 146.876065796
SERVER|0.00002|-0.13399|0.07156|-0.05956|0.21592|-0.10929|-0.03363|0.36147 => 23.0374562384
SERVER|-0.00014|0.47382|0.18499|0.10696|0.15133|-0.08443|0.00618|0.37048 => 64.5509193954
SERVER|-0.00001|-0.37889|0.03014|-0.08180|-0.23914|-0.10954|0.26798|-0.31930 => -104.458358294
SERVER|-0.00010|-0.51671|0.05778|0.07351|0.16732|-0.18634|-0.13864|0.25338 => -76.8376490268
HOST|-0.00016|-0.23557|-0.10307|-0.21084|-0.10427|0.24322|-0.32247|0.69948 => -197.100217225
SERVER|0.00006|-0.18528|0.14368|-0.13362|0.26838|-0.05068|-0.42148|0.57924 => -39.776065604
HOST|-0.00007|-0.43292|-0.14632|0.08356|0.18411|0.10557|0.42460|-0.42576 => 70.5191487479
HOST|0.00012|0.37436|-0.20004|0.03931|-0.16594|0.20903|0.47457|0.33814 => 133.295129799
HOST|-0.00024|-0.16705|0.15166|0.09140|0.21073|-0.42912|0.17535|1.05055 => 41.2867233269
HOST|0.00017|-0.34996|-0.12080|0.00537|0.05520|0.40800|0.25831|0.82530 => 45.2623878728
HOST|-0.00017|0.15189|0.12735|0.05739|-0.37538|-0.37981|-0.56871|-0.04407 => -268.221680941
SERVER|0.00011|0.15135|0.10905|0.10483|-0.00164|-0.09243|-0.10780|0.24839 => -8.95554291482
SERVER|-0.00013|-0.03934|0.01742|0.04960|-0.33648|0.20909|-0.60079|-0.42113 => -314.380664627
HOST|0.00003|-0.11709|-0.25209|-0.00838|0.03759|-0.32452|0.35609|1.17965 => 71.0684447676
SERVER|-0.00006|-0.31982|0.19769|-0.16748|0.28745|-0.42169|0.32722|-0.06334 => 101.29983181
SERVER|-0.00010|0.26244|-0.01029|-0.13738|0.26993|0.12403|0.26781|-0.21681 => 148.858449402
SERVER|-0.00011|-0.75897|0.12755|-0.09330|-0.35736|0.13256|0.28707|-0.02114 => -224.854497606
HOST|0.00005|0.20324|-0.01499|-0.05446|-0.25070|0.35856|0.58217|0.81996 => 69.9569438091
HOST|-0.00012|0.20729|-0.11797|0.05619|-0.03298|-0.28559|0.01168|-0.45484 => -2.23372641659
SERVER|-0.00003|-0.17121|-0.12402|0.07958|-0.05424|-0.57877|-0.18964|0.48675 => -107.765330116
HOST|-0.00003|-0.00596|-0.21548|0.04424|0.04971|0.10716|0.39319|-0.43126 => 93.9590676044
HOST|-0.00006|0.09429|-0.03545|0.11778|-0.10374|-0.02611|-0.44339|-0.08127 => -147.835094163
SERVER|-0.00002|0.18378|0.03061|0.01393|0.24361|-0.17033|0.31842|-0.64555 => 151.664199717
SERVER|-0.00003|-0.18373|0.05328|0.12749|-0.24987|0.19032|-0.13994|-0.33565 => -177.191680387
HOST|-0.00014|0.35381|0.06870|0.05474|0.04175|0.15717|0.34804|-0.14536 => 107.978755258
HOST|-0.00011|0.18072|-0.00489|-0.12325|0.18187|-0.23743|0.33638|0.35971 => 128.069323305
HOST|0.00007|-0.38138|-0.05974|0.01199|0.03105|0.21891|-0.22301|-0.61416 => -93.1605797526
SERVER|-0.00003|-0.11059|0.28420|-0.08451|0.11501|-0.42515|0.58261|-0.27360 => 132.51200555
HOST|0.00012|0.60136|-0.06978|0.08905|0.34366|-0.01894|-0.86400|-0.83315 => 22.0819761516
SERVER|0.00033|-0.66555|-0.03783|0.10774|-0.02668|0.07813|-0.02730|0.15096 => -80.3248425422
HOST|0.00007|0.34985|-0.13459|-0.01381|-0.11305|0.19635|-0.11819|0.10271 => -23.907268714
SERVER|0.00007|-0.11818|-0.15989|0.00036|-0.25535|0.19159|-0.55122|0.02957 => -260.53264588
SERVER|0.00007|0.41227|0.01792|0.01417|-0.07975|0.58362|0.13316|-0.02192 => 54.6266367166
SERVER|-0.00008|-0.77830|-0.06681|0.15444|0.19008|0.39657|0.27833|0.40277 => -18.9277913847
SERVER|-0.00022|0.30186|-0.19536|-0.14194|0.02636|0.24854|-0.54734|0.02729 => -139.028463729
HOST|0.00001|0.24450|0.03834|0.06052|-0.26384|-0.18140|-0.63271|-0.44418 => -203.129710098
HOST|-0.00011|0.23303|0.12170|-0.01529|-0.49480|0.15753|0.96201|-0.64298 => 46.4841924129
SERVER|0.00020|0.55346|0.08103|-0.05232|-0.04877|-0.41320|0.27730|-0.01319 => 129.527852618
HOST|-0.00002|0.01438|0.12997|-0.01789|-0.12163|-0.05993|0.16143|-0.15048 => -26.2631349424
SERVER|0.00011|-0.04763|0.42013|-0.03565|-0.17991|-0.10422|0.02897|0.96234 => -90.8732774244
SERVER|-0.00009|-0.13379|-0.32728|0.07681|-0.16291|0.44895|0.02449|-0.12527 => -115.079934928
SERVER|-0.00015|-0.36140|0.07651|0.03315|0.06231|0.28740|0.57425|0.14456 => 53.8927807931
HOST|0.00010|0.19292|0.18203|0.02061|0.09636|0.71943|1.04541|-0.29863 => 313.517457994
SERVER|0.00004|-0.31914|0.07248|-0.07191|-0.00028|-0.49407|-0.54238|1.20111 => -181.433996293
SERVER|0.00009|0.67393|0.16914|0.02646|-0.43443|0.14572|0.13957|-0.06952 => -29.8656354694
HOST|-0.00000|0.35104|-0.04849|-0.01572|-0.10198|0.27679|-0.04670|0.61186 => 11.4669775054
HOST|-0.00006|-0.22686|0.02830|-0.07128|0.03089|-0.20692|0.59134|-0.28020 => 94.6520249453
SERVER|0.00000|0.32544|-0.01022|-0.05051|-0.05862|0.27071|-0.62322|-0.28630 => -157.248536253
SERVER|-0.00005|-0.07478|-0.20877|0.06584|-0.09097|-0.07889|0.39205|-0.20077 => 8.45805974195
HOST|-0.00003|0.11773|-0.18505|-0.00135|-0.05860|0.02526|0.23605|-1.46626 => 30.7912746077
HOST|-0.00003|0.00129|0.16492|-0.15528|-0.16999|-0.20001|-0.89844|0.65525 => -283.103702577
HOST|-0.00004|0.00255|-0.06400|0.06068|-0.08435|0.18170|0.61471|-0.20514 => 85.2144291248
SERVER|-0.00001|-0.07847|-0.19692|0.04532|-0.00033|0.45417|-0.16295|-0.38401 => -78.4800055419
SERVER|0.00004|-0.75134|-0.09442|0.10322|0.09696|-0.39423|-0.40431|-0.15302 => -187.572932781
SERVER|0.00004|0.43870|-0.11426|-0.19528|0.13909|0.18169|0.48764|-1.14901 => 203.152270504
HOST|-0.00006|-0.09747|0.00782|0.02305|0.11079|-0.37604|-0.09176|-0.37090 => 0.257178119882
HOST|-0.00011|-0.15856|0.04934|0.11411|0.21164|0.45021|0.60105|1.47592 => 158.461586057
SERVER|-0.00006|-0.02905|-0.08346|0.06848|0.14038|-0.13288|0.76008|0.35003 => 170.111595067
HOST|0.00011|-0.44863|-0.06671|0.01516|-0.01594|0.42878|0.38162|-0.36917 => 20.2841398681
HOST|0.00005|-0.23602|-0.10264|-0.08057|-0.11440|0.54254|-0.32155|0.07295 => -148.492716374
HOST|-0.00002|0.09488|-0.13217|-0.17237|-0.05617|-0.20235|0.11283|0.17020 => -1.54389179042
SERVER|0.00021|0.50486|-0.34873|0.07824|-0.25031|0.16820|0.08656|-0.84887 => 15.7875283081
SERVER|-0.00001|0.13581|-0.15208|-0.05923|-0.38287|0.17372|-0.14161|-0.20272 => -177.242733096
SERVER|0.00008|-0.23496|-0.21552|-0.09147|0.04715|-0.66945|0.12575|-0.13519 => 6.2004662706
HOST|-0.00003|-0.25375|0.20528|0.12368|-0.08457|-0.67828|-0.28214|-0.18944 => -156.288724828
HOST|0.00011|-0.34242|-0.33788|-0.03105|-0.28965|0.03958|0.45664|-0.21929 => -41.7279624144
HOST|0.00013|-0.34761|0.22728|-0.11032|-0.27204|0.96566|-0.34761|-0.40657 => -217.507811007
SERVER|-0.00009|-0.32832|-0.19337|0.00985|-0.09097|-0.30199|0.35908|-0.09954 => -55.1133834245
SERVER|0.00012|0.51651|-0.04706|0.04962|-0.10530|0.68750|0.35611|-1.20686 => 121.157057761
SERVER|0.00019|-0.09883|0.14352|0.04268|-0.23923|0.54897|0.17204|-0.69973 => -45.450425568
SERVER|0.00006|0.42158|-0.18631|-0.18046|0.18340|-0.27292|-0.18439|-0.93377 => 58.3496605699
HOST|0.00004|-0.06710|-0.06382|0.13619|-0.24085|-0.02323|-0.20806|-0.23794 => -142.145639334
HOST|0.00009|-0.03190|-0.16332|0.03990|0.02153|-0.59301|0.01105|-0.00605 => 27.9356243097
SERVER|-0.00014|0.27114|-0.13760|0.04301|-0.37173|-0.25347|0.32358|-0.49994 => -61.4542765046
HOST|-0.00002|-0.00179|-0.12937|0.06011|0.17765|-0.10375|-0.07509|0.39147 => 45.2899197093
SERVER|0.00023|-0.33751|-0.08399|-0.19864|0.00692|0.08031|0.11747|-0.81186 => -1.00205176288
SERVER|-0.00005|0.78717|0.05073|-0.09832|-0.02038|-0.25646|0.33487|-0.06031 => 151.877516167
SERVER|0.00003|0.14770|0.03829|-0.00105|-0.25300|-0.13602|0.09996|0.05160 => -69.3832559144
HOST|-0.00007|-0.14700|0.13473|0.03569|-0.25760|-0.39218|0.13073|0.75076 => -115.380921075
SERVER|0.00022|-0.54607|-0.15671|0.08268|0.21626|0.27730|-0.27671|-0.53539 => -53.1536004157
SERVER|-0.00003|0.20033|0.22924|-0.05231|0.04903|-0.27028|-0.53208|0.03157 => -133.353017365
HOST|-0.00012|0.08236|-0.09033|-0.08212|0.29803|0.38303|0.59915|1.00458 => 211.258393381
HOST|-0.00008|-0.01217|0.20426|-0.01913|0.16395|-0.06537|-0.23712|-0.26134 => -19.587827104
HOST|0.00005|0.46836|-0.09527|0.00597|-0.13899|-0.71197|-0.62851|-0.00201 => -130.349882298
HOST|-0.00018|0.49999|-0.19444|-0.07952|-0.10141|0.94543|0.06945|-0.40886 => 6.16272397135
HOST|-0.00001|0.07287|-0.08806|0.11125|-0.21997|-0.13525|-0.54463|0.00602 => -209.84635451
HOST|0.00007|0.01540|0.10392|0.12331|0.28438|0.11292|-0.58112|0.01400 => -15.6842204403
SERVER|-0.00012|0.33033|0.08539|-0.08364|0.08419|0.00290|0.25007|-0.09361 => 89.4476137562
SERVER|0.00010|-0.06393|0.09716|0.12633|0.00629|0.57537|-0.24658|-0.97810 => -69.8063276714
SERVER|0.00010|0.51377|-0.22333|0.08861|-0.03998|0.00569|0.18284|0.51289 => 97.5339987531
SERVER|-0.00012|-0.09319|0.15945|-0.01576|0.05699|0.10810|-0.04577|-0.94760 => -58.4050531067
HOST|0.00005|-0.27049|-0.09494|-0.08455|-0.02678|0.40894|0.12507|-0.00704 => -21.5855983344
HOST|-0.00019|0.49013|-0.08016|-0.06031|-0.11691|-0.42149|-0.41826|0.46213 => -104.844608949
SERVER|-0.00001|-0.08969|-0.02520|0.12932|0.07036|0.37854|-0.15537|-0.18146 => -48.9916054768
HOST|0.00000|-0.01122|-0.30993|0.17878|0.21029|-0.11738|-0.00937|-0.02586 => 71.4783721348
SERVER|-0.00000|0.07876|-0.16262|0.06926|-0.09025|0.22401|0.38279|-0.24852 => 37.9732221472
HOST|0.00010|0.32923|-0.05772|0.03741|0.07695|-0.28659|0.23072|-0.30648 => 141.392602361
SERVER|-0.00016|0.51894|-0.22065|0.05304|0.03654|0.07117|-0.47950|-0.23965 => -60.2580952507
HOST|-0.00001|-0.24406|0.02832|-0.03565|0.00609|-0.45218|0.28584|-0.20638 => 30.2303316192
SERVER|0.00013|0.04304|0.00291|0.02342|0.09892|0.39419|0.73425|-0.50728 => 206.132370252
SERVER|-0.00014|0.30764|0.05710|-0.14658|0.19715|-0.55132|0.41569|0.57952 => 157.231687205
SERVER|0.00031|-0.38393|-0.21296|-0.22828|0.07504|0.20322|-0.66093|0.21204 => -170.252840705
HOST|0.00004|-0.53994|0.04261|0.00290|0.43799|-0.22767|-0.39295|0.52082 => -18.739609491
SERVER|-0.00008|0.10716|0.26566|-0.00161|0.05706|-0.01562|0.30184|-0.49584 => 61.8472917761
HOST|0.00014|-0.24623|-0.08875|0.01257|-0.01779|0.14915|0.01673|-0.79890 => -28.8139267091
HOST|0.00013|-0.12074|-0.18202|-0.02417|-0.06213|-0.29332|-0.53946|-0.35138 => -133.550884721
HOST|0.00003|0.31547|-0.00318|-0.00019|-0.20197|0.43380|0.24418|0.23408 => 30.7421375363
HOST|0.00027|0.07463|-0.01847|0.11408|-0.14777|0.02879|0.36067|-0.07585 => 82.193955163
SERVER|0.00013|-0.24917|-0.02357|-0.12334|0.00948|0.47134|-0.05141|-0.17284 => -50.3615149478
HOST|-0.00003|-0.14511|0.06689|-0.00103|0.18930|-0.28011|0.00913|-0.86457 => 44.5816775434
HOST|0.00001|-0.20863|-0.02435|0.07203|0.39786|0.35119|-0.18550|0.05267 => 76.3002662669
SERVER|-0.00001|-0.13639|-0.00807|0.13482|0.18956|-0.15322|0.14524|-0.05839 => 50.4748808565
SERVER|-0.00001|0.10676|0.13884|-0.07545|0.20340|0.23488|-0.08771|0.25227 => 27.736375153
SERVER|-0.00004|0.46908|-0.09562|0.02234|-0.07965|-0.46573|0.47219|0.40583 => 119.599028639
HOST|0.00019|-0.20286|-0.33807|0.14047|0.19684|0.33020|-0.67388|0.51737 => -110.409498632
HOST|0.00001|0.01694|-0.07964|0.16571|-0.18278|-0.72631|-0.12590|-0.80622 => -102.453976202
SERVER|-0.00013|0.22424|-0.07490|-0.04982|0.07364|-0.35017|0.10279|0.22162 => 48.731193886
SERVER|0.00019|-0.35762|0.06055|-0.10983|-0.11795|-0.72637|-0.83399|0.83251 => -281.171785179
SERVER|-0.00000|0.09856|0.07694|-0.13292|-0.38003|0.25408|-0.16637|0.02492 => -174.662290843
HOST|-0.00021|0.26764|-0.14520|0.14402|0.23681|0.22147|0.04604|-0.39926 => 91.7011028483
HOST|0.00007|0.29552|-0.05288|-0.01061|-0.09829|0.02383|0.19043|0.66757 => 54.8010542868
HOST|-0.00015|-0.49011|0.00766|-0.05863|0.05623|0.19337|0.59758|-0.33225 => 42.1172342604
SERVER|-0.00005|-0.15819|-0.12661|-0.05737|-0.01751|-0.01849|0.36776|0.47060 => 19.6983119189
HOST|-0.00017|-0.05173|-0.13436|-0.05670|-0.12555|0.10305|0.52614|-0.61127 => 36.8707315995
HOST|-0.00016|-0.37543|-0.03812|0.04059|-0.17960|-0.23150|0.03210|-0.79236 => -138.134994807
SERVER|-0.00007|-0.04933|0.00216|0.02860|-0.01745|-0.36058|0.33700|0.41424 => 18.386331436
SERVER|-0.00005|0.51269|-0.09522|0.11930|0.00268|0.10661|-0.02810|0.21281 => 38.6154572526
HOST|-0.00000|-0.40236|-0.11727|0.01551|-0.34178|-0.01771|-0.14741|0.01623 => -216.734731058
SERVER|0.00012|-0.04365|0.32876|-0.12791|0.07835|-0.46852|-0.18054|0.30079 => -41.9022681042
HOST|0.00005|0.34948|-0.22212|-0.02439|0.21887|-0.03154|0.62455|-1.40898 => 282.493342246
SERVER|0.00012|-0.30756|0.01546|0.20024|0.02681|-0.17720|-0.34333|-0.87194 => -126.773888748
SERVER|0.00004|0.01952|-0.08222|0.08817|-0.02581|-0.48548|0.83739|-0.43339 => 171.020442969
HOST|-0.00004|0.14156|-0.02117|-0.08833|-0.04320|-0.28403|0.07958|-0.29651 => 17.9224916501
HOST|-0.00019|0.24558|-0.19170|0.07157|-0.19222|-0.17965|0.04266|0.00132 => -62.2601909927
HOST|0.00006|-0.21371|-0.07250|0.20641|-0.08030|-0.44785|0.25903|-0.60802 => 0.26307014301
HOST|-0.00004|0.21246|-0.07558|0.01291|0.34469|0.45988|-0.33560|-0.22316 => 66.9803984092
HOST|0.00009|-0.23023|0.22840|0.00302|0.08557|0.68248|-0.35035|-0.02260 => -63.5291159167
SERVER|0.00013|-0.15428|-0.10232|0.02888|0.28465|0.65680|0.31915|0.43611 => 149.40556335
SERVER|0.00002|-0.08128|-0.03871|-0.11337|0.02627|0.21274|0.01069|-0.34306 => -14.144706326
HOST|-0.00015|-0.31578|-0.05815|-0.02167|-0.09950|-0.14656|-0.30330|-0.21546 => -190.771036749
SERVER|0.00008|0.05647|-0.26620|-0.03785|-0.17914|-0.34651|0.41704|0.38641 => 31.8188407047
HOST|0.00001|-0.04321|-0.15794|0.22040|0.25073|-0.16637|-0.00484|0.24083 => 82.8532540614
SERVER|0.00024|-0.24284|0.02470|-0.05907|0.06667|0.13137|-0.11700|-0.17351 => -47.2725868738
SERVER|-0.00001|0.17066|0.00037|0.07591|-0.14979|-0.31580|-0.14380|0.23960 => -85.8086589906
SERVER|0.00009|-0.15009|0.04540|-0.07315|0.00542|0.09147|0.41046|0.17216 => 62.9965033086
SERVER|0.00002|-0.08824|-0.02296|-0.01012|0.23978|0.51643|-0.03294|-0.62352 => 50.8950664474
HOST|-0.00006|0.62825|-0.17204|0.09524|0.25235|0.00274|0.46975|-0.06994 => 266.708677195
HOST|0.00006|-0.34032|-0.13750|-0.16524|0.25921|-0.03512|0.02094|-0.71780 => 51.5551780586
SERVER|-0.00000|0.03962|-0.00683|-0.10374|0.28765|0.44146|-0.50107|0.04721 => -50.0081213169
SERVER|0.00007|-0.28447|0.02501|0.10582|-0.01765|-0.10965|0.23626|-0.09585 => -6.70295038276
HOST|0.00010|0.41140|0.28943|-0.03196|-0.22996|0.48671|0.80828|-0.71335 => 163.650311955
SERVER|0.00009|-0.19172|0.14184|0.16116|0.22614|0.09773|0.63003|0.28966 => 194.089628469
SERVER|0.00005|-0.05811|-0.08117|0.12603|-0.26824|0.05710|-1.12775|0.70603 => -388.7034408
SERVER|0.00011|-0.31469|0.08070|0.05649|0.07448|0.01400|-0.89882|-0.21977 => -231.149142582
HOST|-0.00017|-0.11783|-0.24927|-0.12277|-0.40223|-0.61708|0.01204|0.46909 => -189.700177763
HOST|0.00011|-0.27118|0.18780|0.02070|0.05761|0.44827|0.54628|0.13046 => 114.764716011
SERVER|0.00013|0.27981|0.18447|0.00778|-0.09039|0.08003|0.00297|-0.06788 => -4.6843252281
SERVER|-0.00008|0.27567|-0.03556|0.05480|0.28740|-0.57081|-0.30367|0.55069 => 40.2577324842
SERVER|0.00025|0.05847|-0.00144|-0.08089|0.05361|-0.29191|-0.67081|0.50848 => -114.971929644
HOST|-0.00003|-0.01952|0.03183|-0.16823|0.06000|0.52025|0.15436|-0.65017 => 29.7479771933
SERVER|-0.00003|-0.26336|-0.14125|0.03660|0.19426|-0.08646|-0.01267|-0.25496 => 4.11684793797
HOST|0.00005|-0.05994|0.05985|0.02761|0.07099|-0.07070|-0.15207|-0.21031 => -21.5845525716
HOST|0.00013|-0.27344|0.09656|-0.02995|-0.48459|-0.15132|-0.02203|0.08088 => -202.810084851
HOST|0.00012|-0.31895|-0.03481|0.13732|0.09131|-0.18447|0.41458|-0.50024 => 107.107364819
HOST|0.00004|0.12838|-0.11929|-0.13177|0.19007|-0.29791|0.28376|0.25131 => 134.914192715
HOST|-0.00006|-0.19286|0.12080|-0.02267|0.05190|-0.00378|0.42290|-0.08519 => 75.4764695782
SERVER|-0.00013|0.31065|0.07090|-0.10671|-0.13322|0.60326|0.46101|0.43274 => 48.9756250757
HOST|-0.00006|-0.15165|0.04407|0.02844|0.05055|-0.40700|0.23979|0.46393 => 23.0704378971
HOST|0.00000|0.01098|-0.05983|-0.04650|-0.13515|-0.25184|-0.34261|0.04468 => -119.5902505
SERVER|-0.00014|0.16833|0.00361|0.20487|0.02498|-0.03464|-0.45330|-0.26101 => -136.400204431
HOST|-0.00000|0.25271|-0.05884|-0.10083|-0.26033|0.51353|-0.07437|-0.01576 => -81.7672474828
SERVER|0.00012|-0.20525|0.07060|-0.07656|-0.06519|0.11806|-0.05501|0.09278 => -85.5115017188
SERVER|-0.00002|0.03232|0.05622|0.18521|0.04569|0.41855|-0.65652|-0.65483 => -157.255196485
SERVER|-0.00005|-0.26060|0.11101|-0.06889|-0.14630|-0.41455|-0.20654|-1.05896 => -169.397111604
SERVER|0.00017|-0.03040|0.30899|0.08257|0.17757|-0.33427|-0.28387|0.29104 => -1.51087468593
HOST|0.00001|-0.53813|0.16542|0.10189|0.16422|-0.05277|-1.06613|-0.12079 => -270.091813738
HOST|-0.00001|-0.41671|0.06907|-0.21136|0.03686|-0.12630|0.01652|-0.44289 => -45.2929062838
HOST|-0.00010|-0.25769|-0.02568|-0.08623|-0.08940|-0.49662|0.03387|-0.54940 => -91.3860984294
HOST|0.00000|-0.10147|0.34492|0.15451|0.09030|-0.49100|0.33558|-0.12607 => 83.6877599011
SERVER|0.00012|-0.37992|-0.11389|0.08669|-0.19331|-0.51163|-0.25525|-0.05441 => -190.7948636
SERVER|0.00008|-0.44431|0.23897|-0.01725|0.14627|0.00714|-0.43520|0.23159 => -125.742605282
SERVER|-0.00001|-0.01657|0.25613|0.11554|0.22236|-0.28258|-0.23863|-0.29206 => -5.54317456358
HOST|0.00015|0.13124|0.14675|-0.24048|-0.12132|-0.08660|0.65148|0.85825 => 153.842964319
HOST|0.00017|-0.44021|0.05998|0.04899|0.11665|-0.09640|-0.46305|0.72246 => -94.388109941
HOST|-0.00009|0.35639|-0.04424|0.03259|0.23060|0.00806|-0.11564|-0.16872 => 70.8426848508
SERVER|0.00009|-0.00983|0.09078|0.00467|-0.00920|-0.00055|0.01718|0.04275 => -28.8356579968
HOST|-0.00008|-0.18933|-0.05711|-0.12174|-0.33373|-0.02074|0.04300|1.04568 => -171.897957331
HOST|-0.00004|-0.00420|-0.00570|0.13112|0.00669|-0.09768|-0.23294|-0.85276 => -79.9806008756
HOST|0.00011|0.30477|0.12046|0.09014|0.14396|0.21764|0.07990|-0.29504 => 119.961136665
HOST|0.00008|-0.01444|-0.02897|0.06358|-0.05804|0.27145|0.54353|-0.47467 => 96.1226214664
SERVER|0.00014|-0.31017|-0.04408|-0.06436|0.22928|0.35532|0.03613|0.10853 => 32.4379003189
HOST|-0.00013|-0.01876|-0.08501|0.00321|0.12776|-0.56527|0.44626|0.13183 => 116.448566847
HOST|0.00014|-0.28606|-0.16036|0.16231|0.06606|-0.07542|-0.00563|-1.19438 => -0.487847668166
SERVER|0.00005|-0.04748|0.00831|-0.14672|-0.35353|-0.24925|0.86634|0.25511 => 42.7951333145
SERVER|0.00003|-0.44712|0.20211|-0.08383|0.11779|-0.43035|0.06152|-0.95729 => -25.7606157643
SERVER|0.00012|0.40160|-0.20895|0.08636|-0.29663|0.13956|0.26478|-0.65887 => 8.15741671588
SERVER|0.00001|-0.17770|-0.00542|-0.06724|-0.25222|-0.17249|0.10009|1.48725 => -114.455311176
SERVER|-0.00009|-0.00483|0.03612|-0.01684|0.13787|0.07662|-0.55243|-0.37007 => -128.784618274
SERVER|0.00010|0.16464|0.16667|-0.16622|0.07935|0.38229|0.01182|1.22483 => 53.178622102
SERVER|0.00013|0.09805|0.03665|-0.16014|0.45224|-0.36099|0.71943|-0.46621 => 339.620564275
HOST|0.00007|0.20902|-0.02818|-0.13161|0.00655|-0.02322|0.55026|-0.16633 => 158.302334055
HOST|0.00009|-0.25194|0.14822|-0.11356|0.20967|0.32982|-0.33996|1.23516 => -49.5875353248
SERVER|0.00001|0.17157|-0.03979|-0.09250|-0.07042|0.13708|0.21309|-0.76852 => 5.02712333122
SERVER|-0.00025|-0.09553|-0.23477|0.12571|-0.04593|-0.58090|-0.07235|0.13192 => -107.729266004
SERVER|0.00003|0.30071|0.08839|0.01834|-0.06634|-0.13071|0.13844|0.18777 => 32.9052497004
HOST|0.00008|-0.41620|-0.07808|0.11145|0.02811|0.39633|0.04643|0.34200 => -36.120460901
SERVER|0.00013|0.25666|0.15049|0.25920|-0.02016|-0.21768|-0.05465|-0.47142 => 11.6038691728
HOST|-0.00009|0.01149|0.08212|0.05734|-0.12589|-0.33568|0.14510|0.43111 => -9.52224539501
SERVER|-0.00011|0.37303|-0.03087|-0.00498|-0.08086|-0.41536|-0.10029|1.15051 => -34.2652010398
SERVER|0.00003|-0.27819|0.14472|-0.01111|-0.04815|0.59787|0.15891|-0.41189 => -43.3610767062
SERVER|0.00022|-0.30678|-0.13002|0.03150|0.08467|0.24819|0.33435|0.15683 => 72.677353026
SERVER|-0.00005|-0.13057|0.09800|0.00787|0.30762|0.01764|0.63692|1.10485 => 200.154761762
SERVER|-0.00011|-0.06776|-0.16980|-0.08749|0.01594|0.02367|-0.05489|0.81700 => -73.9781572923
SERVER|0.00022|0.18040|-0.08025|0.06641|0.08706|-0.51433|0.24661|-0.40262 => 125.35768604
SERVER|-0.00016|0.14644|-0.29463|-0.05340|-0.02170|0.02728|0.53196|-0.18778 => 85.684442411
HOST|-0.00010|-0.04821|-0.14032|-0.13403|0.01462|0.26174|0.46985|-0.28440 => 81.440360672
SERVER|0.00006|0.11563|-0.04285|-0.02497|-0.01328|-0.54393|-0.42631|-0.45328 => -100.087414109
HOST|-0.00007|-0.21289|0.03445|0.00137|-0.03273|0.02175|0.08579|-0.79216 => -51.2974094341
HOST|0.00011|-0.00413|0.09794|0.17749|-0.10576|0.15658|0.05481|0.12273 => 2.25611000673
SERVER|0.00002|0.50146|0.15063|-0.00966|0.07228|0.39191|0.15084|-0.98784 => 103.765192429
SERVER|-0.00015|-0.02242|-0.14390|-0.03689|0.25786|0.36106|0.95587|-0.18266 => 261.846265296
SERVER|-0.00003|-0.24887|0.13431|-0.05040|0.11182|0.73907|0.26129|0.25323 => 31.3897333854
HOST|-0.00005|0.38452|-0.25569|0.00859|-0.31658|-0.96818|-0.32834|-0.16667 => -151.333978767
SERVER|-0.00019|0.09623|-0.30138|-0.02233|0.25243|-0.26317|0.31283|0.52459 => 112.621574171
SERVER|0.00011|0.02594|-0.19088|0.04531|0.05625|0.03119|0.58356|0.38494 => 139.229026323
SERVER|-0.00016|0.33177|0.00888|-0.15363|0.09391|0.10155|-0.54530|-0.45109 => -96.8025430862
HOST|-0.00012|0.13284|0.15460|-0.02526|-0.09269|-0.24281|-0.35587|0.18638 => -132.803048807
HOST|-0.00005|-0.52944|0.21718|0.01635|-0.12300|0.82840|-0.83332|0.35404 => -326.098221249
HOST|0.00003|0.24629|-0.07612|0.18940|-0.04768|-0.24055|-0.02204|0.30526 => 14.3892967951
HOST|0.00003|0.48532|-0.08855|-0.00285|-0.18026|0.33379|0.31933|0.83060 => 60.4241571826
SERVER|0.00007|0.23940|0.16666|0.06196|-0.15260|-0.14844|0.12129|0.26275 => -24.0712443651
HOST|-0.00014|-0.01089|0.07580|0.07480|-0.01343|0.52697|0.63483|-0.04469 => 96.4379839889
HOST|0.00008|0.40995|-0.01310|0.03553|0.05717|-0.09475|0.22935|-0.32486 => 122.332565841
HOST|-0.00016|0.43765|-0.22738|-0.13365|0.17048|0.32374|0.19202|1.11486 => 143.749384312
HOST|-0.00000|0.02428|-0.20037|-0.04455|0.15111|-0.13912|-0.00062|0.37698 => 39.197695275
HOST|-0.00008|0.00139|-0.22254|0.01834|-0.19002|-0.33995|-0.08510|0.39202 => -105.796932724
SERVER|-0.00001|-0.21074|-0.09767|0.04743|-0.07052|0.43509|0.42223|-0.93262 => 4.59331389186
SERVER|-0.00003|-0.13105|0.00531|-0.04275|0.28998|0.23761|0.10134|0.35389 => 83.4088645448
SERVER|0.00009|-0.20310|0.11985|-0.08496|0.24132|0.02275|0.25049|-0.29786 => 103.069013892
HOST|-0.00003|0.45706|0.12330|-0.04115|-0.10697|-0.16966|-0.02772|0.07595 => 5.961480236
HOST|0.00016|-0.03456|-0.31813|0.09059|-0.23882|-0.07691|0.57372|0.74684 => 63.6184896052
HOST|-0.00008|0.13894|-0.08871|-0.08969|0.18708|0.00143|-0.47685|0.12681 => -40.9656204237
HOST|0.00001|-0.37787|-0.02560|0.18105|0.05343|0.26783|0.16619|0.74566 => -10.9567991157
HOST|0.00010|0.17926|-0.03652|-0.02652|-0.00725|0.03996|0.39219|-0.80119 => 115.115698949
SERVER|0.00014|0.29605|0.08819|-0.15524|-0.22743|-0.50415|0.55651|-1.11443 => 79.9540081551
SERVER|0.00004|0.06784|0.08725|-0.14408|-0.11471|0.37859|-0.45468|0.13846 => -149.050276988
SERVER|0.00016|0.03177|0.03315|0.02966|-0.14921|-0.26317|0.39150|-0.61924 => 43.5613863084
SERVER|0.00006|0.20883|0.06048|0.07332|0.10028|-0.01961|-0.04899|-0.20966 => 39.6949878521
SERVER|0.00004|0.33995|-0.09651|-0.09570|0.04313|-0.03486|-0.16766|0.20161 => -3.05376884654
HOST|-0.00020|-0.17607|-0.13449|0.01372|-0.07043|-0.26190|0.37655|-0.97472 => -21.1889405518
SERVER|0.00008|-0.57968|-0.17119|-0.12612|-0.30596|-0.52130|-0.11466|0.88535 => -224.493638738
HOST|0.00014|0.23159|-0.05080|0.04461|0.25727|0.28997|0.32612|0.06273 => 228.629975683
HOST|-0.00011|0.07303|0.11434|0.11270|-0.04198|0.17210|0.52756|0.23318 => 93.2948033383
HOST|0.00012|0.27186|0.04244|0.01748|0.27650|0.07446|0.28615|-0.63401 => 203.709449264
SERVER|-0.00001|0.02960|0.00049|0.03289|-0.41162|-0.21928|0.03631|0.54637 => -158.226212831
HOST|0.00015|-0.53053|-0.16292|-0.08371|-0.20707|0.58473|0.02347|0.65357 => -133.018865509
SERVER|0.00002|0.09406|-0.12895|0.10648|-0.15699|-0.38784|-0.32583|-0.34505 => -132.305572
HOST|-0.00010|-0.49339|0.04379|0.07425|0.27330|-0.57480|0.08854|-0.42921 => 21.4875369073
HOST|-0.00004|0.19878|-0.05506|-0.11323|0.04814|0.04641|-0.39717|0.04733 => -50.8196999692
HOST|0.00025|-0.29004|0.01560|0.05847|0.20434|-0.47214|-0.89657|0.87042 => -157.524975857
HOST|0.00015|-0.19960|-0.13521|-0.04670|0.07564|-0.40142|-0.03048|0.69944 => 12.9074392043
SERVER|-0.00015|-0.00125|0.24709|-0.03796|-0.15639|0.81523|0.46315|0.52491 => 2.52443202387
HOST|0.00006|-0.17303|0.19432|0.07535|0.10432|0.21330|-0.36978|0.48759 => -76.5096941426
HOST|-0.00003|0.33169|-0.05906|0.00271|-0.20943|0.35746|-0.48101|0.09304 => -159.995256669
SERVER|-0.00002|-0.02298|-0.09533|-0.14891|-0.04308|0.19523|-0.11667|0.80807 => -76.3584384836
HOST|-0.00014|0.43191|-0.06497|0.08812|0.03679|0.71493|0.27958|-0.37583 => 96.5306382973
SERVER|0.00004|0.15233|0.13217|0.14701|0.00796|-0.21591|-0.00134|-0.11526 => 4.23282458552
SERVER|-0.00002|-0.40599|0.36839|0.04428|-0.09870|0.06252|0.23635|-0.04226 => -67.6342609949
SERVER|-0.00010|0.56958|0.04430|-0.04345|0.02258|0.15757|0.27883|-0.08805 => 108.93839268
HOST|-0.00002|-0.57205|-0.07448|-0.09491|-0.03385|-0.16269|0.51744|-0.64683 => 20.607278145
SERVER|-0.00002|0.22283|-0.00639|0.07676|0.03650|0.26963|-0.68183|-0.69554 => -152.984142346
SERVER|0.00008|-0.04264|-0.04816|0.13274|-0.28798|-0.34733|1.00188|-0.29164 => 87.4882859148
SERVER|-0.00009|-0.08794|-0.18590|-0.07097|-0.38860|0.42373|-0.14350|0.10319 => -230.605173521
HOST|-0.00014|-1.00815|0.09571|0.04342|-0.36066|0.21244|-0.41900|-0.15080 => -414.59635702
SERVER|0.00011|0.12945|-0.37799|-0.12169|0.07100|0.19190|-0.37934|0.40364 => -48.6132646231
HOST|0.00009|-0.27127|-0.16555|-0.11656|-0.16284|0.24700|0.41338|-0.93360 => -7.45514955567
HOST|0.00002|0.24358|-0.06816|-0.20672|0.05306|0.04324|-0.04825|-0.18399 => 44.8840211264
HOST|0.00000|0.23449|-0.06430|-0.06286|0.10917|-0.73861|0.02050|0.15914 => 63.480282113
SERVER|-0.00003|0.59024|-0.05281|-0.10859|-0.16738|0.58913|0.15877|-0.17639 => 3.74872188025
HOST|0.00019|-0.41769|0.26494|-0.10722|-0.04031|0.05950|0.07425|-0.48003 => -28.5475958214
HOST|-0.00013|-0.15310|0.12195|-0.03974|0.21425|-0.66453|-0.00305|-0.13202 => 15.3496480017
HOST|0.00014|0.12369|-0.01409|0.10004|-0.50220|0.13031|0.50979|0.02751 => -38.8781411617
HOST|-0.00006|0.33411|0.17694|-0.00899|0.02975|0.29527|-0.77137|-0.07654 => -135.426938138
SERVER|0.00002|-0.05246|-0.22590|0.11192|-0.16627|-0.31210|0.39124|-0.31489 => -1.56559722436
HOST|-0.00013|0.03862|-0.00253|0.07515|-0.01717|0.00433|-0.44846|0.11026 => -136.999283416
HOST|-0.00016|0.45006|0.11413|0.02498|-0.22467|-0.58958|0.72670|-0.00341 => 122.046564626
HOST|0.00002|-0.28907|0.07902|0.02615|-0.03207|0.70769|-0.24457|0.38230 => -133.747544872
SERVER|0.00010|0.20446|-0.17697|-0.12246|0.07062|-0.48098|0.45286|-0.23036 => 152.579679647
SERVER|0.00002|0.16703|-0.09956|0.04884|-0.16982|0.07965|0.28885|-0.14605 => 10.7559736311
SERVER|0.00025|-0.09217|0.01932|0.07422|-0.08095|-0.20388|0.14132|-0.86416 => -1.48174647771
SERVER|0.00010|-0.29555|-0.04950|-0.05414|-0.24455|-0.28778|0.65962|-1.39311 => -0.821921174602
HOST|0.00027|-0.28135|0.02483|-0.01011|0.01656|-0.30315|-0.06355|0.00645 => -15.9130361505
HOST|-0.00001|-0.02030|-0.00317|-0.04190|-0.19152|-0.02190|-0.30982|0.05265 => -159.36301627
HOST|-0.00010|0.34778|0.08591|-0.01500|0.09302|-0.31020|0.56541|-0.21695 => 203.356477783
SERVER|0.00019|-0.24582|-0.07160|0.04186|0.10637|0.13778|0.47736|0.07867 => 123.660393413
HOST|-0.00007|0.19799|-0.06613|0.02636|-0.34158|-0.05275|0.95629|-0.02096 => 92.4144561649
SERVER|-0.00019|-0.07333|-0.03092|-0.10311|0.30415|-0.39061|0.42475|-0.18899 => 149.002239071
SERVER|-0.00016|-0.15246|0.08763|0.03743|0.01970|-0.17725|0.32021|0.85604 => 7.91346737327
HOST|0.00006|0.15384|0.01648|-0.00047|0.03318|-0.44416|0.16691|0.26291 => 69.0384626225
SERVER|0.00005|-0.04457|-0.11684|0.00332|-0.09876|0.28712|-0.16273|0.04334 => -94.8025846529
SERVER|0.00000|0.19224|0.24677|-0.01329|-0.04751|-0.26307|-0.08318|-0.17782 => -33.3797736631
SERVER|0.00005|0.23751|0.04427|0.13582|0.06351|0.42296|0.77595|-0.44087 => 209.028059689
HOST|-0.00003|0.03487|-0.00135|0.05253|0.10495|0.28789|-0.21915|0.04937 => -29.3709220436
HOST|0.00006|0.18579|-0.16696|0.07906|-0.01263|0.33677|-0.31439|0.11411 => -24.0256030998
HOST|0.00020|0.12064|0.03863|0.01096|-0.09603|0.03045|0.46886|-0.06615 => 115.353176353
SERVER|0.00018|0.35592|-0.12109|-0.03911|-0.02911|0.14060|-0.31085|0.17773 => -20.2317344243
HOST|-0.00016|0.06711|-0.04887|-0.01396|-0.12013|0.28394|-0.20514|0.31522 => -127.415457435
HOST|-0.00006|0.10177|-0.03806|-0.01105|0.02001|0.05807|-0.51995|0.43731 => -125.994474967
HOST|-0.00010|-0.02228|0.07864|-0.05351|-0.15849|-0.42297|-0.23813|-0.51141 => -131.681515877
HOST|0.00007|-0.23184|0.04613|0.20121|0.05138|0.42810|-0.51697|-0.77107 => -137.461213356
SERVER|-0.00002|0.34449|0.28371|-0.05287|0.33438|0.25755|0.83832|-0.17494 => 319.049861342
HOST|-0.00013|-0.18361|-0.01196|-0.03050|-0.24041|0.24222|-0.24097|-0.93275 => -202.950877256
HOST|-0.00002|-0.45902|0.13666|0.04205|0.12668|0.08040|-0.01391|-0.41195 => -42.0575204975
SERVER|0.00006|-0.06395|0.07854|0.00310|-0.07528|-0.16956|0.10668|-0.02835 => -41.451878834
SERVER|0.00013|-0.27215|-0.06774|-0.08781|-0.07613|0.07174|-0.25124|1.10821 => -133.226320176
HOST|0.00006|0.44364|-0.23608|-0.05435|-0.37300|-0.46571|0.33452|0.49596 => -1.32584140573
SERVER|0.00006|0.17577|0.07846|-0.07358|-0.32069|0.59592|-0.07872|-0.41303 => -127.074689204
SERVER|-0.00026|-0.04806|0.00348|-0.00608|-0.15977|-0.63084|-0.50613|-0.45703 => -263.926132458
SERVER|-0.00002|0.03858|0.08077|0.17346|-0.27977|0.27237|0.02611|0.41433 => -128.938786171
HOST|-0.00000|0.36210|-0.04667|0.16407|0.07521|0.26997|-0.72790|-1.25525 => -85.377266467
SERVER|-0.00007|0.06155|0.01945|0.10915|0.03810|0.24272|0.16548|0.79783 => 18.0032699836
SERVER|-0.00009|0.02577|0.22830|0.12461|-0.02059|-0.52836|1.05956|1.02301 => 205.326849864
HOST|-0.00001|0.52159|-0.38185|0.06710|-0.07640|-0.64467|-0.92809|-0.29466 => -190.571748775
HOST|0.00020|-0.00756|0.08402|0.05844|0.11384|0.36671|0.07143|0.30339 => 68.6982032131
SERVER|-0.00003|-0.15336|-0.07780|-0.08207|-0.26344|-0.08590|-0.10299|-0.02474 => -183.710374746
HOST|-0.00009|0.34207|0.06644|0.04808|-0.14826|0.69585|0.22389|0.04236 => 22.5997584952
HOST|0.00002|-0.13549|0.05828|-0.07552|-0.24072|0.34974|0.05016|-0.33308 => -110.055677131
SERVER|0.00024|-0.44764|-0.04392|-0.19165|-0.16778|0.17712|0.64442|1.52769 => 32.0423831589
HOST|-0.00001|-0.26564|0.16198|-0.00393|0.11451|0.26925|-0.47567|-0.66104 => -113.039440185
