SERVER|0.00008|0.45592|0.25362|-0.12878|-0.06930|-0.14740|-0.53736|-0.17821 => -106.947151761
SERVER|-0.00001|0.10405|-0.17047|0.10127|0.13776|0.66619|0.32221|0.32389 => 127.061566761
HOST|-0.00001|-0.72394|0.31161|0.06975|0.00860|-0.44817|-0.22976|-0.53718 => -170.222653879
HOST|0.00024|-0.12887|-0.01287|0.18377|-0.07004|0.10632|-0.40884|0.07103 => -127.850350049
HOST|0.00006|-0.06767|0.08402|0.14438|-0.19704|0.28390|-0.12487|-0.26321 => -110.295233798
HOST|0.00005|0.59406|0.25195|-0.00541|-0.05218|0.12202|-0.12850|-0.25213 => 27.7039261796
SERVER|-0.00008|-0.08562|-0.00398|-0.17124|-0.13839|-0.23696|-0.81400|0.18778 => -301.722572842
HOST|-0.00010|-0.28606|-0.00447|-0.10446|-0.25006|-0.03288|-0.87445|0.08590 => -361.98704195
SERVER|-0.00018|0.02462|0.03503|0.04794|0.00395|0.22638|-0.39012|0.79645 => -158.114779137
HOST|0.00010|0.57047|0.09443|-0.03980|-0.19704|-0.36438|-0.13402|0.13462 => -21.0376612977
HOST|0.00011|-0.43307|0.05850|0.01738|-0.09364|-0.36131|-0.17530|-1.49583 => -132.335813045
SERVER|0.00006|-0.01776|-0.08206|-0.09464|0.14931|-0.19904|0.45106|0.76631 => 143.421017657
HOST|0.00008|-0.13979|0.02224|0.09840|-0.05040|-0.18922|0.22252|-0.41463 => 14.6269293725
SERVER|-0.00009|-0.19702|0.20448|0.09504|-0.20986|0.64245|-0.49467|0.00611 => -250.770988757
HOST|0.00019|-0.14336|-0.04186|-0.08939|0.41143|-0.59581|0.09760|0.55436 => 174.282424759
SERVER|-0.00014|-0.02597|0.00896|0.02379|0.11619|0.04706|0.38152|-0.44396 => 76.7348984335
SERVER|-0.00002|-0.06168|-0.07083|0.08223|0.15662|-0.09474|0.15001|-0.30468 => 48.5251538629
SERVER|-0.00007|-0.57815|-0.09010|0.06437|-0.37894|0.26666|0.12230|-0.02534 => -243.568968554
SERVER|0.00001|0.08157|0.05981|0.01275|0.16746|0.15539|0.17131|0.23308 => 83.4986929211
SERVER|-0.00005|-0.46400|0.06827|-0.07786|-0.24730|-0.09016|-0.25414|-0.02727 => -256.775245719
HOST|-0.00004|-0.16580|0.01882|0.06772|0.14048|0.30372|-0.49444|-0.72789 => -104.919196104
HOST|-0.00005|0.06694|0.05059|-0.01135|-0.00894|0.22676|-0.56691|-0.01487 => -135.880206297
HOST|0.00012|0.23773|-0.00930|-0.03062|0.21491|0.29616|-0.36123|0.18300 => 44.4915042083
HOST|0.00001|0.00302|0.01740|0.08483|0.68087|-0.50010|0.41828|-0.39578 => 333.468261005
SERVER|-0.00009|0.30407|-0.05702|0.06746|0.09139|-0.41717|0.58180|-1.36258 => 168.455210326
HOST|-0.00002|-0.08329|-0.04026|0.05166|-0.00962|-0.03244|-0.43655|0.60580 => -128.800067258
SERVER|-0.00021|0.46205|0.10451|0.10499|-0.10931|0.16843|-0.57588|0.77375 => -171.381514969
HOST|0.00005|-0.23378|0.22924|0.13294|-0.08443|-0.03971|-0.29912|0.15240 => -134.925203091
HOST|0.00004|-0.06664|0.02693|-0.04303|-0.00583|-0.00211|0.06109|-1.28910 => 7.96508370673
HOST|-0.00017|0.02636|0.20070|-0.10295|-0.05861|0.04674|0.12237|-0.18489 => -35.3339247237
SERVER|0.00012|-0.22105|-0.13745|0.08747|-0.58384|0.58734|0.20352|0.22901 => -215.647451905
HOST|-0.00009|0.62979|0.00343|0.09591|-0.29573|0.15116|-0.21159|0.52339 => -91.89814464
HOST|0.00003|-0.07614|0.18759|0.09820|-0.15396|-0.43583|-0.56073|0.23447 => -196.238391015
HOST|0.00011|0.30715|-0.10435|0.07118|-0.01303|-0.78481|-0.21966|-0.33662 => 4.33267804498
HOST|-0.00008|0.42312|0.09607|0.17418|0.06705|-0.09287|-0.49187|1.62040 => -55.1029796866
SERVER|0.00007|-1.00378|0.03749|-0.00989|-0.33605|0.14849|0.21092|-0.66343 => -240.312381762
HOST|0.00014|0.37345|0.07421|-0.09846|-0.14244|0.22767|0.16066|0.75414 => 47.1639245765
SERVER|0.00019|-0.36887|0.05388|0.07596|0.16207|-0.45925|-0.05143|0.31539 => -19.1793124361
SERVER|-0.00003|-0.08186|-0.06305|-0.03967|-0.19273|0.05929|-0.23000|-0.34990 => -155.008582365
SERVER|-0.00007|0.12992|-0.19873|0.11942|0.07972|-0.75685|0.01668|-0.82871 => 15.7179832871
SERVER|0.00013|-0.10255|-0.22883|-0.00644|0.06010|-0.07344|0.05221|0.79387 => 10.1146703216
SERVER|0.00025|0.00916|0.16016|-0.05293|-0.04989|0.19293|0.53001|0.24415 => 93.5264295617
SERVER|-0.00024|-0.52102|0.15150|-0.00328|-0.10070|-0.55324|0.07462|-0.90275 => -154.919906889
SERVER|-0.00014|-0.04676|-0.18212|0.20078|-0.13797|0.78562|0.07323|-0.36524 => -81.8288081495
HOST|-0.00013|0.25695|-0.32855|0.00473|-0.06951|0.09603|0.06158|-0.15311 => -13.5847955278
SERVER|0.00008|0.52456|-0.26220|-0.14868|-0.20275|-0.40786|-0.27515|0.76227 => -71.9093937904
HOST|0.00012|0.04140|0.31402|0.03779|-0.04911|-0.09460|0.18252|0.06125 => 54.2552486124
HOST|-0.00000|0.65011|0.29309|-0.01537|0.03692|0.12703|0.16774|0.82084 => 145.54208107
HOST|-0.00001|-0.16716|-0.09307|0.24257|0.47532|0.29609|-0.27421|-0.26975 => 68.1660808844
HOST|0.00005|-0.55029|0.14040|-0.04107|-0.09240|-0.22148|-0.00108|-0.42456 => -123.445780486
HOST|0.00005|0.54884|-0.13946|-0.01023|0.19018|0.54078|0.02372|-0.18631 => 152.308432846
HOST|-0.00009|-0.22829|0.09310|-0.01823|-0.11579|0.49251|-0.56868|0.54422 => -236.525757287
SERVER|-0.00001|-0.33718|-0.29577|-0.04318|-0.22325|-0.19911|0.23325|0.01966 => -113.520082717
HOST|-0.00006|-0.35038|0.22682|-0.01055|-0.14549|-0.50916|-0.21611|0.18497 => -176.985809673
SERVER|-0.00001|0.21731|0.00722|-0.02270|-0.24066|-0.03988|0.22481|-0.13612 => -27.1894999367
SERVER|0.00008|-0.56627|-0.08445|0.08841|0.10213|0.05894|-0.12920|0.40037 => -81.4768686418
HOST|0.00021|0.03657|0.15811|0.06122|0.33470|-0.21853|-0.09054|0.37808 => 137.416500748
SERVER|0.00011|-0.29095|0.05851|0.09339|0.29048|0.03805|-0.43789|0.29027 => -67.5375721855
HOST|-0.00005|-0.10965|-0.31012|-0.11435|0.27242|0.85847|-0.39887|-0.47538 => -42.6573046823
SERVER|0.00004|0.45601|0.03719|-0.04444|0.30218|0.23693|0.00331|-0.75333 => 156.338501589
HOST|-0.00003|-0.28605|-0.01414|0.05991|-0.08486|-0.28801|-0.11862|-0.25010 => -114.167977332
HOST|-0.00019|0.00961|0.11192|0.06076|0.09274|0.19613|-0.13198|-0.91393 => -43.7526862529
HOST|-0.00008|0.09701|0.09057|-0.11620|0.03132|0.13584|0.18026|-0.14634 => 44.207597635
SERVER|-0.00016|0.29585|-0.05279|0.11693|0.29710|0.02089|-0.03279|-0.00537 => 97.1184355816
HOST|-0.00013|0.01590|-0.07680|0.21888|0.10535|-0.02755|0.00458|-0.30730 => 9.95685286425
HOST|0.00001|0.74575|0.08402|0.03557|0.08868|0.35843|-0.15822|0.01375 => 94.5069121756
SERVER|-0.00027|0.15370|-0.16389|0.01877|0.05666|0.06092|0.46382|0.07801 => 80.6074222041
SERVER|0.00005|-0.31759|-0.18361|-0.17388|0.06442|0.06796|0.12120|-0.35303 => -16.9994289229
SERVER|0.00016|0.35213|-0.10015|0.02533|0.10868|0.18822|-0.71733|0.72618 => -72.1711465159
SERVER|-0.00012|0.11152|0.15011|-0.06206|-0.08717|-0.16731|0.49230|0.70901 => 54.0552813356
HOST|0.00005|-0.19777|0.00661|-0.00890|0.04363|-0.05341|-0.15892|0.74010 => -41.6863362805
SERVER|-0.00009|-0.04598|0.20407|0.08530|0.19563|0.47107|0.17087|-0.86279 => 55.8837204353
SERVER|0.00005|-0.01673|0.10616|-0.13703|-0.06330|-0.20456|0.15108|0.36624 => -3.55654238161
SERVER|0.00012|-0.07379|0.03986|0.21190|-0.10281|-0.11043|0.53779|0.16522 => 69.1079816148
HOST|0.00018|-0.05653|-0.18312|-0.03356|-0.29761|0.44712|-0.17988|-0.92324 => -143.827271197
HOST|-0.00007|-0.10755|0.18988|-0.02557|0.16542|-0.35512|-0.19119|-0.24469 => -28.614952755
SERVER|0.00007|-0.20793|-0.08498|-0.15516|0.16171|-0.31678|-0.51496|-0.16635 => -101.332623518
HOST|-0.00030|-0.03882|-0.06494|0.12205|0.13532|-0.39059|-0.68327|0.28645 => -154.659038813
SERVER|0.00017|0.24826|-0.21240|-0.14627|-0.30690|-0.62090|0.31409|-0.00974 => 0.827688540661
SERVER|-0.00011|-0.22747|-0.05947|-0.05005|0.27533|-0.70697|-0.48520|0.58731 => -97.9561210981
HOST|0.00005|-0.06788|0.12666|0.07870|0.02251|0.81198|0.14958|0.26104 => 16.2797729175
SERVER|-0.00006|0.04843|-0.11561|-0.00269|0.03025|0.12164|0.41279|-0.58293 => 67.5034393586
SERVER|0.00012|0.78199|-0.01185|0.16270|0.07765|0.01200|0.08553|0.02540 => 162.687121998
HOST|-0.00008|0.67698|0.00605|-0.12967|0.10167|-0.58928|-0.27901|0.41040 => 46.0756188727
HOST|-0.00008|0.69840|-0.22987|-0.05312|-0.27111|0.09553|0.15849|0.29191 => 3.73113095646
HOST|-0.00016|0.39392|0.03411|0.00541|0.02304|-0.44182|-0.63885|-0.42780 => -105.879033089
SERVER|0.00003|0.31474|0.11597|0.10741|-0.12269|0.04276|-0.55530|0.35868 => -142.587221564
HOST|0.00001|-0.20007|0.11282|-0.00487|-0.09322|-0.13562|-0.44383|-0.02111 => -188.868758938
SERVER|0.00006|0.18280|-0.00024|0.03780|0.05183|0.87596|-0.61974|0.96937 => -122.547293461
SERVER|0.00003|0.45194|0.45344|-0.00441|-0.02378|-0.36950|-0.11943|0.11663 => -3.43499554836
SERVER|-0.00021|0.05451|-0.04520|-0.13654|0.13724|0.41915|0.05873|0.45567 => 8.05757327413
SERVER|0.00006|0.27874|-0.04228|-0.04194|0.49006|-0.80917|-0.07580|0.54723 => 175.784932291
HOST|-0.00000|-0.46752|0.18171|0.02058|-0.57405|0.27282|-0.04470|-0.74036 => -288.811121798
SERVER|0.00008|0.22560|-0.04165|0.02625|0.00956|-0.03383|0.43387|-1.42944 => 126.606197174
HOST|-0.00001|0.15891|-0.08801|-0.04849|-0.10876|-0.40790|-0.31365|-0.31941 => -97.3461492494
SERVER|0.00012|0.32029|-0.14245|0.00326|0.10653|0.01676|0.22681|-0.14422 => 111.668987792
SERVER|0.00006|-0.06473|0.34092|-0.06619|-0.13034|0.56973|0.08258|-0.31332 => -53.5646951561
HOST|0.00007|0.22050|0.05390|-0.02791|-0.14956|-0.26421|-0.56813|-0.93154 => -145.960677002
SERVER|0.00019|-0.02240|-0.06201|-0.06355|0.25133|-0.06132|0.07473|-0.28141 => 108.626063981
HOST|-0.00005|0.22693|-0.02644|-0.00357|0.46876|0.32625|0.08200|-0.35705 => 214.406949912
HOST|0.00001|-0.35564|-0.17222|0.21617|-0.19514|-0.03131|-0.47546|0.05540 => -234.907149904
SERVER|-0.00021|-0.34964|0.10564|-0.04804|0.01272|0.05032|0.28664|0.05373 => -42.7655107107
HOST|0.00000|0.03948|0.09397|-0.11061|-0.21590|-0.04257|0.05929|-0.57210 => -67.2462473836
SERVER|0.00001|-0.73805|0.28695|0.16306|-0.11804|0.12851|0.04101|0.12362 => -177.000729976
HOST|-0.00016|-0.35382|0.12392|0.00230|0.03576|0.50520|-0.12625|-0.08110 => -92.4597668823
HOST|-0.00012|0.31822|0.05185|-0.00523|-0.23386|0.27168|-0.71894|-0.67292 => -236.126336856
SERVER|0.00005|-0.15620|-0.00058|-0.06197|-0.15819|-0.05517|0.06162|0.17006 => -84.123291994
HOST|0.00016|0.26118|0.01392|-0.06209|0.08717|0.09152|-0.01629|0.09458 => 99.9502931428
SERVER|-0.00014|-0.59343|0.01550|-0.11041|-0.18359|0.12511|-0.40779|0.44293 => -279.122493473
HOST|-0.00010|0.35274|-0.02812|0.02402|0.00913|-0.51689|-0.04644|0.14827 => 14.3700412223
HOST|-0.00009|-0.35427|-0.07995|-0.08995|0.05922|0.59555|-0.70548|0.92761 => -208.647308666
HOST|-0.00001|0.05493|-0.00937|0.00889|0.10421|0.13128|0.38250|0.18512 => 114.857271148
SERVER|-0.00022|0.07085|0.17559|-0.12834|0.06451|0.17291|0.00493|0.75588 => -47.3471351451
HOST|-0.00012|-0.14437|0.21618|-0.17589|0.12935|0.46803|-0.47164|-0.15618 => -123.799980468
HOST|0.00003|0.56791|-0.09879|0.04844|-0.14557|-0.08185|0.55311|0.27726 => 156.406024764
SERVER|-0.00016|-0.31926|-0.09914|-0.12399|-0.13006|-0.22931|-0.06409|-0.90021 => -186.682793184
HOST|-0.00006|-0.18445|-0.00537|0.01484|-0.07066|0.04116|-0.32886|0.02971 => -142.531435643
HOST|-0.00012|-0.40544|-0.16474|0.01783|0.22894|0.55359|0.98388|0.17051 => 235.955537295
SERVER|-0.00022|-0.14811|0.20739|-0.06923|0.11619|-0.46422|0.71953|0.12069 => 116.140850158
HOST|-0.00002|-0.14751|-0.14775|-0.16622|0.03600|-0.30807|0.31814|0.63398 => 42.0814964016
SERVER|0.00009|-0.01795|-0.14856|0.02638|-0.12388|-0.13077|0.24250|0.04723 => -9.19161122688
SERVER|-0.00016|0.01400|0.11573|-0.01798|0.18697|0.00884|0.79963|-0.35851 => 213.138689227
SERVER|0.00014|-0.39784|-0.06175|0.12441|-0.14946|-0.12194|0.76257|0.23995 => 46.7951261812
HOST|0.00002|-0.06236|-0.14045|-0.06399|0.15654|-0.07267|-0.26247|0.07640 => -26.5853335982
SERVER|0.00000|0.49157|-0.05468|-0.01349|-0.05799|-0.08777|-0.86125|-0.12351 => -180.899542844
HOST|0.00022|-0.26542|0.21868|-0.06521|0.09654|0.14106|0.31501|-0.71466 => 85.27019284
HOST|0.00008|-0.26313|-0.13559|-0.06438|0.34908|0.16890|0.27399|0.80037 => 146.689732896
HOST|0.00009|0.03364|0.36484|0.00063|-0.23364|0.54868|0.13980|-0.10805 => -47.9687554511
HOST|-0.00018|0.53543|-0.08714|0.08330|0.02183|0.01711|0.45544|-0.35488 => 135.691075929
SERVER|0.00018|0.10684|-0.05223|0.02705|0.19476|-0.44391|0.74166|-0.61914 => 265.042278902
SERVER|-0.00007|-0.38093|-0.07715|0.06502|0.06732|0.16538|0.62845|-0.53110 => 76.0962965057
HOST|0.00006|0.69939|-0.25489|0.15163|-0.11756|0.04839|0.42068|0.36307 => 145.939030702
HOST|0.00009|-0.76614|0.01463|0.11703|0.16755|0.00724|-0.47252|-0.45135 => -143.342033795
HOST|-0.00017|-0.20094|-0.05290|0.03674|-0.12349|0.34965|0.35420|0.50497 => -48.7054975117
SERVER|-0.00015|0.27546|-0.19960|0.06365|0.25945|-0.47761|0.63401|1.55482 => 217.300665436
SERVER|0.00004|0.95692|0.08189|0.10717|0.19776|0.19016|-0.32454|-0.07040 => 115.278092492
HOST|0.00001|0.29837|0.01758|-0.13201|0.36885|-0.29322|0.40936|-0.39938 => 272.04540042
HOST|-0.00003|0.20087|-0.12822|0.03956|-0.20459|0.29207|-0.06090|0.42232 => -82.6563681173
HOST|0.00008|-0.01525|0.03606|-0.11019|-0.03666|-0.10235|0.39561|-0.15739 => 73.2587507813
HOST|-0.00009|0.36997|0.17507|-0.02703|0.02788|0.16675|0.56694|-0.29967 => 162.960097859
SERVER|0.00033|0.07959|-0.19229|-0.03950|-0.19083|-0.09976|0.10887|-0.11051 => -5.40581935095
SERVER|-0.00005|-0.01829|-0.13979|-0.17012|0.08867|0.15161|-0.38236|-0.41507 => -94.3777813421
HOST|0.00021|-0.22814|-0.06034|0.05524|0.07301|-0.31702|-0.39702|-0.28964 => -58.0121874948
HOST|-0.00009|0.00879|-0.12901|0.16426|-0.23792|0.32559|-0.30879|0.62124 => -186.408970393
HOST|-0.00011|-0.24844|0.22292|0.01578|0.23884|0.72187|0.20405|0.59186 => 89.4052576592
HOST|0.00004|0.25889|0.00974|0.02059|0.00281|0.62070|0.19690|0.31598 => 77.4137317154
SERVER|0.00005|0.07808|0.14835|0.12242|0.07080|0.63232|-0.39801|-0.68245 => -86.7355977517
SERVER|-0.00003|0.25069|-0.40585|-0.15292|-0.02979|0.07903|0.34486|0.59529 => 65.3010078325
SERVER|0.00003|-0.40129|0.11433|-0.00149|0.05949|-0.13339|0.53930|0.48657 => 70.0255531732
SERVER|0.00002|0.41299|-0.19215|0.08696|0.17148|-0.43635|0.60536|0.00146 => 238.302539555
SERVER|-0.00011|-0.43943|-0.01294|0.05358|0.11763|-0.30017|-0.18224|0.31820 => -97.992515702
SERVER|0.00001|0.14012|-0.06786|-0.03314|0.06907|-0.11648|0.18921|0.27845 => 73.0858160766
SERVER|-0.00001|-0.16700|0.11682|0.04005|0.23549|-0.64265|-0.60080|0.11050 => -121.985456963
SERVER|0.00001|-0.41033|0.13881|-0.07271|0.24538|-0.41251|-0.09297|-0.59496 => -14.1464430832
SERVER|-0.00006|-0.22286|-0.00111|0.04377|-0.30154|-0.17492|-0.51215|-0.30146 => -307.801697415
SERVER|0.00004|-0.62822|0.23651|0.09058|0.02877|-0.33786|-0.17697|0.16111 => -139.77424196
SERVER|0.00010|0.18112|-0.03243|0.00269|0.18895|-0.24978|-0.35891|-0.74610 => 10.3635211546
HOST|-0.00019|0.37366|-0.06544|0.05630|0.15592|0.04129|-0.88761|-0.06885 => -153.858338635
SERVER|-0.00005|-0.47118|0.03594|0.03503|-0.05408|0.09507|-0.25389|-0.84647 => -200.900911155
SERVER|0.00006|0.47871|-0.02676|-0.10937|0.15261|-0.30507|0.05407|0.21446 => 112.393481605
HOST|0.00005|-0.36194|-0.10243|-0.12836|-0.16212|-0.55688|0.14721|0.38051 => -76.7448873653
SERVER|0.00003|0.06386|0.12579|0.03600|-0.05474|-0.10756|-0.52055|-0.02407 => -161.675265732
SERVER|0.00003|0.01610|0.05558|-0.06517|-0.10237|-0.50943|-0.39233|-0.89605 => -157.361458713
HOST|-0.00001|-0.04816|0.41072|-0.18080|-0.21484|0.88384|-0.17768|0.32269 => -132.510231202
SERVER|0.00022|0.30068|-0.00034|-0.06966|-0.18994|-0.53488|-0.47513|-0.61227 => -132.405717264
HOST|0.00014|-0.30968|-0.20207|-0.05721|0.07660|0.40875|-0.30212|-0.27195 => -72.2706726266
HOST|-0.00002|0.08830|0.13072|-0.15380|0.14811|0.40182|-0.61367|0.89725 => -95.6166007712
SERVER|0.00009|-0.00930|0.27074|-0.06078|-0.17728|0.14047|-0.38915|0.75352 => -155.544267706
HOST|-0.00007|-0.32964|0.10010|-0.14115|0.04432|0.87230|0.58780|0.23663 => 69.1526132432
SERVER|0.00013|0.39291|0.04986|-0.15560|-0.05711|0.62421|-0.18648|-0.48270 => -16.1526782861
HOST|0.00021|0.31126|0.15998|-0.01794|0.04178|-0.63797|-0.23015|-0.28545 => 24.1762246442
SERVER|-0.00007|-0.34261|0.06286|0.03877|-0.06938|0.14264|0.49961|-0.51098 => -6.94618848283
HOST|0.00003|-0.02883|0.07497|0.13421|0.10360|-0.31084|-0.76439|-0.50751 => -143.411083
SERVER|-0.00004|0.68130|0.21776|-0.15742|-0.15284|-0.31586|0.16800|0.22536 => 32.138422899
HOST|-0.00013|-0.27992|0.03164|0.01454|-0.15151|-0.11371|0.33478|0.11198 => -61.3846809013
HOST|0.00022|0.55380|-0.16762|0.06614|0.10008|0.15007|-0.20277|-0.79947 => 114.867698468
SERVER|0.00007|-0.34758|0.07762|0.02424|0.24071|-0.01555|-0.04331|0.05498 => 11.6240149805
HOST|0.00004|0.13430|0.00066|0.06584|0.45985|-0.29190|0.02889|-0.82427 => 185.887335084
SERVER|0.00007|-0.15933|-0.11526|-0.01809|0.05457|0.80872|0.41339|0.32640 => 71.9413324939
SERVER|0.00010|0.22890|0.19150|0.08051|-0.04439|-0.13435|-0.22292|-0.45557 => -54.5138761202
SERVER|0.00013|-0.62043|-0.30740|0.00858|0.03164|0.99526|-0.15857|-1.34922 => -117.198672029
HOST|0.00014|-0.20592|-0.11713|0.06265|0.06531|-0.42504|0.21220|-0.36720 => 67.0488081083
HOST|0.00014|-0.09426|0.30852|0.09963|-0.04250|0.31005|0.05124|-0.17908 => -1.60856631138
HOST|-0.00012|-0.69773|0.07406|0.04908|0.13599|0.28300|-0.32746|0.51035 => -165.728223421
SERVER|-0.00030|-0.36395|-0.06546|0.00419|0.05587|-0.10762|-0.51536|0.61868 => -209.642094636
SERVER|-0.00003|-0.07935|-0.10055|-0.02614|0.01332|-0.00285|0.84089|-0.31862 => 138.216344614
SERVER|0.00010|-0.14449|-0.09592|0.08727|0.00549|0.02205|-0.17638|0.37864 => -74.7948820576
SERVER|0.00011|-0.03281|-0.19455|0.01758|-0.26723|0.28705|-0.04264|0.85503 => -118.389985427
HOST|-0.00017|0.46813|0.00885|-0.09041|0.24875|-0.12482|0.02660|0.53823 => 125.879881873
HOST|-0.00008|0.53042|-0.08897|-0.15868|-0.21217|0.47429|0.83559|0.68265 => 160.542861351
HOST|0.00004|-0.02215|-0.15324|0.02719|-0.01478|0.15507|-0.54018|-0.19927 => -147.954393361
SERVER|0.00004|0.71889|-0.07447|-0.01601|-0.06007|-0.57272|0.12815|-0.66270 => 85.7218390607
SERVER|-0.00009|-0.17952|-0.02683|0.05876|0.04849|-0.58518|-0.17915|-0.71720 => -103.749777489
SERVER|-0.00001|0.03563|-0.03174|-0.08347|0.27023|-0.18303|-0.07591|0.06659 => 59.4483368157
SERVER|-0.00008|0.09782|0.08418|0.06645|0.24261|0.06971|0.40170|0.26658 => 153.364806139
SERVER|0.00007|-0.18114|-0.09886|0.02810|0.17297|0.58839|0.11171|-0.17720 => 37.8760285494
SERVER|0.00006|-0.28678|-0.14665|-0.02134|-0.32319|0.17072|-0.44885|0.31340 => -284.885779906
SERVER|0.00020|0.28938|-0.03008|-0.13734|-0.16057|-0.18163|0.19705|0.15632 => 45.4586289168
SERVER|-0.00011|-0.35826|0.17673|0.03310|-0.21482|-0.28563|0.25103|0.28462 => -121.959799109
SERVER|0.00010|-0.16087|-0.15411|-0.08849|-0.37736|-0.39862|0.19683|0.22865 => -117.069271335
SERVER|0.00022|0.03031|-0.19508|-0.03379|-0.33327|-0.50481|-0.26679|-1.00782 => -175.476645857
HOST|-0.00010|-0.35465|-0.37637|0.05345|0.31604|-0.00566|0.07362|0.02595 => 55.8755912143
HOST|0.00009|-0.41529|-0.01469|0.02469|0.19195|0.23409|0.34388|0.38420 => 87.1187466478
HOST|0.00003|0.26454|-0.19396|0.00421|-0.14944|0.30813|0.35579|-0.50107 => 40.4844738544
SERVER|-0.00007|-0.09811|-0.05715|0.11343|0.18705|0.34212|0.53496|0.37748 => 138.792535655
HOST|-0.00006|0.15169|-0.18466|-0.07255|-0.03120|0.05570|-0.29766|-0.14575 => -75.8374669944
HOST|0.00001|0.33772|0.02253|-0.20594|0.10572|-0.29849|-0.62962|-0.41373 => -76.0466225113
SERVER|0.00009|-0.46123|-0.15058|-0.01083|-0.10343|0.11044|0.44226|-1.06211 => -26.1115150159
SERVER|0.00002|-0.07409|-0.03653|-0.05402|0.14968|0.42906|0.13605|-0.33151 => 52.1292180703
HOST|0.00018|0.05279|0.20859|0.22619|-0.07736|0.16357|0.10488|-0.51658 => 15.1128005204
HOST|0.00019|0.42011|-0.02549|-0.06236|0.03469|-0.53617|-0.00064|0.48117 => 88.2425481097
HOST|0.00002|0.24402|0.00828|-0.18049|0.04973|-0.20355|0.50467|-0.07641 => 158.333595088
SERVER|-0.00002|0.37896|-0.08140|0.01703|0.08712|0.03862|-0.36760|0.30776 => -15.6233336868
HOST|0.00012|0.33799|0.03903|0.02193|0.11194|-0.07175|-0.95177|-0.44166 => -115.254119819
HOST|-0.00015|-0.24320|-0.02171|-0.01133|0.28053|0.41456|0.55568|0.60647 => 152.341031829
SERVER|-0.00022|0.25663|-0.25368|0.01753|-0.32690|-0.02794|0.56462|0.44325 => -24.3431082521
HOST|0.00016|0.07582|0.05546|-0.00432|-0.02953|-0.32500|-0.49739|0.32789 => -95.8980779609
HOST|-0.00002|-0.06025|0.26201|0.02671|0.03500|0.27226|-0.44986|0.54418 => -105.395127259
HOST|-0.00009|-0.15009|0.07553|0.22769|0.34846|0.50279|-0.35379|0.10976 => -1.81430321907
HOST|0.00017|-0.14939|0.20352|0.11953|-0.26593|0.05607|-0.79737|0.23341 => -264.546485854
SERVER|0.00006|-0.41661|-0.12767|-0.00019|-0.16435|-0.27276|0.05009|-0.30509 => -129.409982952
HOST|-0.00010|-0.47534|0.00705|0.09655|-0.14365|0.32572|-0.40247|-0.82279 => -238.537726556
HOST|0.00007|0.39656|0.05744|0.00816|0.03583|0.20028|0.09865|0.25741 => 101.919102383
HOST|-0.00005|-0.17475|-0.01798|-0.03276|0.08617|-0.25737|0.09703|-0.22762 => 13.451341777
HOST|-0.00017|-0.06717|0.10120|0.04478|0.27502|0.32601|-0.23181|-0.49090 => -13.8896912442
HOST|-0.00013|0.15695|-0.04541|-0.03201|-0.24644|-0.15550|0.04037|0.60418 => -80.180062789
HOST|0.00013|-0.34162|0.07706|0.15521|0.07260|0.19757|-0.44372|-0.60238 => -95.3087472269
SERVER|-0.00006|0.16344|0.13775|0.01684|-0.02585|-0.57613|-0.15850|0.74956 => -59.0904267041
HOST|-0.00010|0.28563|0.16954|-0.13740|-0.31813|0.01513|-0.14150|0.55622 => -136.813092279
HOST|-0.00003|-0.06385|0.04467|-0.04196|-0.28653|0.26724|-0.00060|0.12462 => -132.314826181
HOST|-0.00000|0.17083|0.01473|0.03739|0.06357|-0.07703|-0.41075|-0.76663 => -68.9402911415
HOST|-0.00015|-0.55664|-0.13563|-0.02499|0.13854|-0.92052|-0.26002|0.59328 => -131.543627511
HOST|-0.00016|0.01761|-0.20418|0.03449|0.04688|-0.19216|-0.12071|-0.04876 => -44.4551712868
HOST|-0.00023|0.28469|0.10189|0.07969|-0.10879|0.33271|0.12824|0.02354 => -11.7257229422
HOST|0.00007|-0.03002|0.35831|0.31583|-0.03587|-0.11928|-0.22800|-0.11404 => -75.8222883196
HOST|-0.00004|-0.00728|-0.16235|-0.15423|0.13304|-0.46796|-0.65551|-0.15735 => -121.212715182
HOST|0.00022|0.02171|0.18214|0.06575|0.20895|0.31759|-0.06648|-0.21457 => 104.65084721
SERVER|-0.00007|-0.40980|0.08809|0.05832|-0.18449|-0.50464|-0.04454|0.52332 => -171.661678834
HOST|0.00003|-0.26307|-0.09656|0.05162|0.02475|-0.25009|-0.20274|0.30246 => -93.620161774
HOST|0.00013|0.06739|0.41789|-0.03690|-0.07242|-0.04011|-0.30173|0.16595 => -66.2473480425
SERVER|-0.00011|0.19490|0.07718|-0.01190|-0.02036|0.14064|0.24917|0.77697 => 33.9118911716
HOST|-0.00004|0.13354|0.04901|-0.03602|0.17883|-0.19332|-0.45174|-0.60315 => -39.3485189302
HOST|0.00004|0.21629|0.13764|0.03658|-0.51349|0.21194|-0.21376|1.07820 => -217.740103728
HOST|0.00016|-0.28735|-0.03818|-0.19683|-0.03557|0.37788|0.33768|-0.09353 => 28.5788333672
HOST|0.00021|0.16257|0.10384|0.12729|-0.54910|-0.49254|0.73272|-0.45125 => 6.88267036404
SERVER|-0.00022|0.02846|-0.04101|-0.17084|-0.05020|-0.35116|1.04571|0.34517 => 172.888193751
SERVER|-0.00009|0.16779|0.07941|0.03060|0.20989|-0.48873|0.00932|-0.07137 => 60.3250473834
SERVER|-0.00018|-0.41928|-0.08842|0.06904|0.01712|0.64912|-0.10246|-0.65719 => -126.826048781
HOST|0.00017|0.10288|0.17822|0.02711|0.09244|0.24435|0.33485|0.39331 => 146.429566812
SERVER|0.00003|-0.06626|-0.28573|0.09932|-0.02674|-0.26783|-0.02472|-0.44662 => -44.7483025948
SERVER|0.00007|0.49378|0.23845|-0.00074|-0.06814|-0.51560|-0.06340|0.29241 => 14.8608272474
HOST|0.00009|0.28333|-0.08857|0.00174|-0.12163|-0.13259|0.42926|-0.28988 => 85.8252587169
SERVER|-0.00000|0.21135|-0.18329|0.11851|0.02642|0.27127|0.59908|-0.51423 => 160.024780053
SERVER|0.00002|0.10936|-0.00739|-0.12153|0.19270|-0.26769|-0.19393|-0.74153 => 18.7822784965
SERVER|0.00004|0.40272|-0.02037|0.14734|0.08607|0.29905|0.00166|0.05524 => 75.2643055434
HOST|0.00005|-0.40192|-0.00566|0.04707|0.10785|-0.03093|0.41725|0.82621 => 72.6010320634
HOST|0.00010|-0.19683|-0.01987|0.12805|0.29641|-0.33748|-0.58800|0.54517 => -51.9694327592
HOST|0.00003|-0.16067|-0.10962|-0.18149|0.10623|-0.14738|-0.32969|-0.17109 => -69.819512309
SERVER|0.00014|-0.20650|-0.06858|0.07750|0.25030|-0.30558|0.11789|-0.48251 => 76.0278510047
HOST|-0.00005|0.56227|-0.01967|-0.10779|0.15786|-0.22413|0.40534|0.39254 => 211.876175509
SERVER|0.00010|-0.06678|0.01927|0.04431|-0.07521|-0.10619|-0.68770|0.38610 => -203.671144652
HOST|-0.00006|0.00595|-0.06382|-0.05298|-0.02796|-0.10416|0.22980|-0.50426 => 13.2449605366
SERVER|0.00004|-0.21532|-0.03130|-0.03507|0.04182|-0.01999|0.20716|0.06824 => 18.1354355572
HOST|0.00005|-0.04500|0.01376|0.05841|-0.02714|-0.06754|0.06734|-0.38417 => 2.25363941498
SERVER|-0.00029|-0.22327|0.18652|-0.05205|-0.00569|-0.08048|0.20233|-0.91644 => -73.6093343489
SERVER|-0.00000|-0.20709|0.02214|-0.13111|-0.07573|0.06842|-0.04420|-0.67066 => -86.7930501868
SERVER|-0.00009|-0.15865|0.08131|0.00432|-0.07924|0.45798|-0.36123|0.54992 => -167.663808649
SERVER|-0.00009|0.59232|0.23803|0.13234|0.22257|-0.51337|-0.80596|0.03237 => -71.9837382421
HOST|-0.00001|0.47711|0.10152|-0.03604|0.21246|0.18005|0.08550|-0.53710 => 144.654846073
HOST|-0.00007|-0.06064|-0.05917|0.08819|-0.04177|-0.35352|-0.86396|-0.38743 => -235.009001062
SERVER|-0.00003|-0.38905|0.06997|-0.13390|-0.10405|0.37550|-0.01170|-0.36950 => -120.707713044
HOST|0.00009|0.19888|-0.15839|-0.13845|-0.06232|-0.38497|-1.15703|0.43615 => -258.973885189
SERVER|0.00009|-0.12663|-0.10640|-0.04770|0.09173|-0.00213|-0.14412|0.03841 => -16.4728909039
HOST|-0.00001|0.21313|-0.02244|-0.07976|-0.16832|0.48708|-0.03783|-0.44673 => -52.9224777173
HOST|-0.00005|0.07822|0.09970|-0.07922|-0.17849|-0.10426|0.25341|-1.15748 => -20.9106490861
SERVER|0.00007|0.05010|0.02049|-0.08607|0.07981|0.00859|0.98764|0.77596 => 217.589490013
SERVER|-0.00013|-0.19538|0.00567|-0.06157|-0.11452|-0.27304|-0.73778|-0.47872 => -278.266622424
SERVER|0.00010|-0.64854|-0.21581|-0.02867|0.07682|-0.25938|-0.30749|-0.33726 => -165.047097734
SERVER|0.00008|0.54369|-0.16134|-0.10400|0.23390|-0.29393|0.23110|0.15327 => 208.697438978
SERVER|-0.00001|-0.12925|-0.07555|0.06721|0.27156|0.04195|-0.06142|-0.01949 => 35.157453718
SERVER|-0.00002|-0.04456|0.09092|-0.04564|0.03772|-0.24139|0.79159|-0.79703 => 157.744995644
SERVER|-0.00010|0.02088|-0.13786|-0.08432|0.14709|0.50387|-0.62582|0.22370 => -139.515652246
HOST|-0.00015|0.06035|-0.08274|0.04640|0.15305|-0.54302|-0.06400|-0.05776 => 12.0667069157
HOST|0.00005|-0.32072|0.00342|0.15798|0.00788|-0.06812|0.89887|0.44239 => 169.837956717
HOST|-0.00002|-0.50229|0.09293|0.14314|0.03599|0.25338|-0.43567|-0.41344 => -159.094513871
HOST|0.00020|-0.38344|-0.24320|0.15975|-0.27302|0.34334|-0.53310|-0.11214 => -246.145650978
HOST|0.00008|-0.04812|0.02013|-0.13557|-0.30616|0.19834|0.46273|1.29957 => -7.74262944536
HOST|0.00002|-0.64978|0.14956|0.05269|-0.13966|0.38444|-0.17480|0.76427 => -192.667681404
HOST|0.00011|-0.01917|-0.03166|-0.10038|-0.24988|0.01480|0.20443|-0.47840 => -41.4087651306
HOST|-0.00009|-0.29979|0.09834|-0.05847|0.16270|0.18590|0.01654|-0.73292 => -5.76278827387
SERVER|0.00011|0.10154|0.12285|0.00458|-0.14952|0.26917|-0.61369|-1.17265 => -197.962803599
SERVER|0.00014|0.43231|-0.00534|-0.03353|-0.00970|-0.28265|-0.50691|0.50556 => -61.3003289609
SERVER|0.00004|0.26845|0.09407|0.01415|-0.09815|-0.60479|0.23472|-0.77632 => 21.7255907059
SERVER|0.00003|0.10614|-0.17511|-0.00091|-0.17846|0.19488|-0.38017|-0.49905 => -170.043050849
HOST|-0.00013|-0.26408|-0.06816|-0.10529|0.49221|0.39552|0.50527|-0.02855 => 239.569835893
HOST|-0.00019|-0.08014|-0.32018|-0.09649|0.01487|-0.21896|0.40900|-0.16506 => 44.6746608655
HOST|-0.00004|-0.01998|-0.08071|-0.01434|0.14367|0.47928|0.14069|0.61650 => 76.1324088382
SERVER|0.00015|-0.39824|-0.00669|-0.03416|0.17193|0.42373|0.01427|-0.75932 => -10.1100982082
SERVER|-0.00011|-0.24434|0.17336|-0.10194|0.23517|0.42068|0.09907|0.36153 => 23.3081575647
SERVER|-0.00008|0.13430|-0.12908|-0.10104|-0.22856|-0.05690|0.13622|0.77196 => -90.0350780292
SERVER|-0.00021|0.04468|-0.11342|0.07400|0.02003|0.23028|0.04536|-0.04293 => -32.0317349844
SERVER|-0.00005|0.34213|0.26894|-0.09061|-0.05418|-0.14449|0.21764|-0.24512 => 56.7846897422
SERVER|-0.00018|0.31869|0.08557|0.04933|-0.08165|-0.08695|0.29778|1.07390 => 10.8532401736
HOST|0.00006|-0.37820|0.03495|-0.05008|0.51897|-0.24396|-0.08163|-0.38613 => 108.909807508
HOST|-0.00005|-0.15302|-0.18702|0.09117|-0.15286|-0.53008|-0.23328|-0.25377 => -159.516373157
HOST|-0.00019|-0.83407|-0.01727|-0.05063|-0.27452|0.61845|-0.56073|0.20434 => -396.399181098
SERVER|-0.00010|0.15752|-0.00636|-0.01546|-0.03940|-0.16611|0.01694|0.30469 => -25.5640590244
HOST|-0.00008|-0.16855|0.12375|-0.03444|-0.10976|0.04240|-0.04420|-0.23666 => -91.8074283985
HOST|-0.00010|-0.16925|-0.18307|-0.11116|-0.11185|-0.02680|0.16943|0.87012 => -56.2817777419
HOST|-0.00003|-0.11846|0.29367|-0.11495|0.14612|-0.32445|-0.07168|0.03288 => 8.36841910994
HOST|0.00021|-0.14797|0.08596|0.00550|0.00333|-0.10578|0.04867|0.04703 => 16.9315813234
HOST|0.00000|-0.27184|0.16313|-0.02696|0.17989|-0.38699|-0.02770|-0.26910 => 32.310545495
HOST|-0.00012|0.36218|0.03502|0.00428|-0.06290|-0.06468|0.77040|-0.11991 => 165.123638849
SERVER|-0.00011|-0.20562|-0.04332|-0.14025|0.16807|-0.42359|0.88465|0.50783 => 185.234410149
SERVER|-0.00012|-0.09402|-0.03176|-0.00192|0.32515|-0.16816|-0.26214|-0.05735 => -2.85332798203
SERVER|0.00012|-0.32940|-0.06849|-0.07718|0.35954|-0.33155|-0.27477|0.24262 => 24.5347244255
HOST|-0.00009|-0.24849|-0.19043|0.00671|0.04702|0.54293|0.22655|0.35635 => 19.4521433783
SERVER|-0.00014|-0.40468|-0.37595|-0.09662|0.23790|0.32889|-0.00531|0.71514 => -21.6630237938
SERVER|0.00012|0.46188|-0.37971|-0.14073|-0.31022|0.93255|-0.67473|-0.40144 => -211.863742479
SERVER|-0.00010|0.24416|-0.10125|-0.11890|0.13420|-0.07139|-0.29931|0.06286 => -29.911280149
HOST|-0.00004|-0.36121|-0.02133|-0.06641|-0.27061|0.43983|-0.19418|0.28654 => -218.429629819
SERVER|-0.00029|-0.24876|0.29143|0.05903|-0.07194|0.26204|-0.34858|-0.14145 => -224.694084168
SERVER|0.00016|-0.36905|0.23529|0.00139|-0.13141|-0.35059|-0.24185|-0.70120 => -149.732691034
HOST|-0.00012|-0.02854|0.05480|0.10093|-0.09018|0.78522|-0.37168|-0.49453 => -144.595277259
SERVER|-0.00014|-0.11636|0.11150|0.02032|-0.18280|0.01664|-1.14536|0.54306 => -375.76944901
HOST|0.00009|-0.32138|0.01136|0.10200|0.13995|0.00844|-0.31711|-0.07794 => -56.6492084588
SERVER|-0.00010|0.23417|-0.32267|0.12765|0.03469|0.11125|0.69032|-0.10777 => 149.385041853
SERVER|0.00013|0.18018|-0.03201|0.00111|-0.35273|0.26952|0.17249|0.07752 => -65.6603257022
SERVER|0.00004|0.49488|-0.07522|0.08617|-0.08155|0.27858|0.91113|-0.29820 => 233.81282248
HOST|0.00009|0.42507|-0.12673|0.11161|0.02166|-0.27259|0.37822|-1.01571 => 147.388396042
SERVER|0.00002|-0.28819|0.08429|-0.09311|0.19852|0.32395|0.08335|1.23989 => 23.5390923975
HOST|-0.00007|-0.61058|-0.13097|-0.05343|0.09354|0.30518|-0.55975|0.64892 => -206.607894947
SERVER|-0.00008|-0.17693|-0.06267|0.05087|0.03280|0.05888|0.59617|-0.79152 => 92.9025904872
SERVER|-0.00005|-0.06769|0.14174|-0.04975|-0.09861|-0.15978|-0.54675|0.27199 => -205.04580491
SERVER|-0.00003|-0.03469|-0.26422|-0.09084|0.21614|0.07256|-0.77106|1.19997 => -147.585274512
HOST|0.00003|0.46887|-0.03763|0.03780|-0.14515|-0.32157|0.34034|-0.42960 => 78.5153427441
SERVER|-0.00010|0.30845|-0.23075|0.06355|0.05171|-0.07660|0.13441|0.27537 => 48.4841702629
HOST|-0.00007|0.13866|0.15290|0.03666|-0.16194|0.17104|-0.80637|-0.02300 => -250.915628064
SERVER|-0.00021|-0.02784|-0.04659|0.12070|0.01375|-0.27905|-0.01674|1.27114 => -65.8773146026
HOST|0.00006|-0.31681|-0.10367|-0.05736|0.00859|0.54389|-0.10629|-0.45823 => -75.8312888605
SERVER|0.00005|-0.00646|-0.35198|-0.07366|-0.00664|-0.25035|-0.06012|0.26281 => -47.4412180756
HOST|-0.00011|0.09509|0.04658|0.04019|0.15015|-0.30035|0.72004|0.56648 => 202.41498933
HOST|-0.00001|0.03042|0.16754|0.02443|0.33230|0.14154|0.33504|0.51477 => 186.84288797
HOST|0.00018|-0.07969|-0.10458|0.01362|-0.26440|-0.35873|-0.48087|-0.58288 => -211.402936616
HOST|0.00013|0.53411|-0.09636|-0.07504|0.14585|0.29574|-0.30693|-0.69696 => 72.0200711145
SERVER|0.00005|-0.25792|0.03718|-0.04779|0.10988|-0.48691|-0.46117|-0.19976 => -134.574869977
SERVER|0.00016|-0.04188|0.03028|-0.02433|-0.10251|0.00808|0.29031|-0.58138 => 32.3192009427
HOST|0.00034|0.00553|0.27002|0.03243|-0.00142|0.26000|0.11997|0.57432 => 69.0682477698
HOST|-0.00000|-0.02872|-0.17944|0.05134|0.36304|-0.12591|0.48543|0.48954 => 240.027716567
HOST|-0.00004|0.62322|-0.03335|-0.06000|-0.32882|-0.60895|0.49649|-0.64698 => 70.4802618061
SERVER|-0.00007|0.01151|0.30677|-0.10438|0.06455|-0.52102|-0.43944|0.79044 => -131.848067737
HOST|-0.00014|-0.24953|-0.09202|-0.07670|-0.00922|0.10693|0.20193|0.53740 => -31.5825378186
SERVER|-0.00014|-0.10263|-0.04931|-0.01472|0.22935|0.07637|0.17511|0.51051 => 55.6270949975
HOST|0.00004|0.39245|-0.05348|-0.01296|-0.19360|0.09425|-0.49069|-0.16795 => -130.329163087
SERVER|-0.00002|-0.36854|0.30693|0.11670|-0.00560|-0.32371|0.25421|-0.21462 => -25.229360393
SERVER|0.00008|-0.55794|0.13836|0.14941|-0.04912|-0.17038|0.09789|-0.30888 => -84.8389986928
SERVER|-0.00003|-0.31014|-0.12663|0.16024|-0.17345|-0.04436|0.00141|0.39518 => -138.272891829
SERVER|-0.00008|-0.30101|0.09552|-0.05132|-0.17011|0.31310|0.33328|-0.21978 => -72.6177688272
HOST|-0.00003|-0.14693|-0.07883|-0.09966|0.15892|-0.31779|-0.30751|-0.63222 => -31.4917718708
HOST|-0.00003|0.03598|-0.17397|-0.07174|-0.05623|-0.16101|-0.12518|-0.38962 => -57.6894899489
SERVER|0.00007|0.76046|0.34513|-0.01962|0.07816|-0.49715|-0.50974|-0.23477 => -7.08325849686
SERVER|0.00019|0.85809|0.22309|0.04393|0.13120|-0.01055|0.08559|0.24518 => 181.390403337
HOST|-0.00003|0.30076|-0.20267|-0.14806|0.02554|0.61969|0.09274|-0.10052 => 69.4432563741
SERVER|0.00001|-0.15451|-0.03206|-0.06156|-0.21559|-0.54664|0.06086|0.30654 => -124.966768458
HOST|0.00000|-0.10921|0.07530|-0.01370|-0.32913|0.29963|0.07434|0.18142 => -116.824707552
SERVER|0.00004|0.36328|-0.24648|-0.13607|-0.25140|0.04750|0.51446|-0.75057 => 42.0941375046
HOST|0.00002|0.09416|0.00307|0.01895|0.17517|-0.22106|0.41261|0.09464 => 168.38369318
SERVER|-0.00011|-0.18643|0.09781|-0.01564|-0.38113|0.10267|0.00101|1.45092 => -207.483043313
SERVER|-0.00006|-0.07802|-0.12697|-0.08085|-0.17432|0.60536|0.03948|0.39625 => -119.102149841
HOST|0.00005|-0.25020|0.05695|-0.09122|0.22038|0.21190|0.37746|0.14680 => 138.503211529
SERVER|-0.00005|-0.16429|0.11473|-0.13490|0.05534|0.26635|0.14482|0.21522 => 5.24516871108
SERVER|-0.00008|0.04206|0.18932|-0.02080|-0.06843|0.15499|0.12254|0.39181 => -27.1872291906
HOST|-0.00004|-0.18015|0.05738|-0.03831|-0.05214|-0.16605|-0.45364|-1.02228 => -164.369714247
SERVER|-0.00003|0.26071|-0.15216|-0.00118|-0.17072|0.02905|0.52797|0.36484 => 64.9584929156
HOST|-0.00002|-0.38348|0.08291|-0.01864|0.16088|-0.15798|0.90740|-0.58961 => 205.590486136
SERVER|-0.00002|-0.11697|0.39800|0.09017|-0.32538|0.35373|-0.00193|0.52024 => -171.016315956
SERVER|-0.00009|0.14492|-0.16114|-0.06485|-0.10541|0.11702|0.60223|-0.02017 => 74.6599049696
SERVER|0.00003|-0.40162|-0.04355|-0.09272|0.24697|0.31639|-0.37961|0.61772 => -82.7643166901
SERVER|0.00006|-0.14164|-0.09476|-0.00806|-0.25503|-0.22307|0.12020|0.60241 => -89.9131162623
SERVER|-0.00011|0.38349|0.02903|-0.16911|-0.20334|-0.12297|0.01818|0.22310 => -70.2412618384
SERVER|0.00006|-0.14403|-0.23284|-0.00315|-0.02398|0.07792|0.30357|-0.14714 => 18.8418409655
SERVER|0.00013|0.12949|-0.04562|-0.04158|0.35929|-0.32563|-0.28171|0.06916 => 66.508364196
HOST|-0.00011|0.12459|0.01638|0.02378|0.11182|0.18566|-0.01845|-0.17883 => 7.43992955093
HOST|-0.00005|0.44656|0.16974|-0.02563|0.11706|0.03868|0.12058|-1.13761 => 117.636870979
HOST|-0.00012|0.26819|-0.03477|0.05138|-0.18978|-0.38396|-0.20722|-0.24105 => -101.923394932
HOST|0.00005|0.11809|-0.11473|-0.08853|0.03955|-0.12012|-0.07636|0.02775 => 19.0644688233
SERVER|-0.00005|-0.08866|-0.07850|0.05638|-0.00718|-0.42141|0.00741|0.72331 => -47.7414151166
HOST|-0.00012|0.07976|-0.22156|-0.02036|0.29474|0.06724|-0.64424|-0.10442 => -75.0548869416
HOST|-0.00016|-0.25342|-0.19646|0.23266|-0.11394|0.48832|1.04416|0.36336 => 119.84188652
SERVER|-0.00013|-0.02131|0.14458|0.04511|0.05470|0.19633|-0.24221|0.99355 => -103.032329233
HOST|-0.00015|-0.16328|-0.06114|0.06077|0.28889|0.26623|-0.32906|0.40841 => -20.4376239578
SERVER|0.00008|0.36816|-0.14299|-0.13864|0.02827|0.19887|0.15934|-0.42391 => 74.8986822068
SERVER|-0.00022|0.21382|-0.20951|-0.02425|0.04274|-0.16649|-0.03686|-0.03454 => -24.182822129
SERVER|-0.00002|0.30986|-0.27901|0.13934|-0.30170|0.57924|0.70753|0.10836 => 60.9837851797
SERVER|-0.00016|0.50640|-0.21369|0.12904|0.10759|-0.07041|0.05756|-0.42779 => 67.3678604837
SERVER|-0.00012|0.39960|0.16286|-0.08727|0.35052|-0.28475|0.40252|-0.55640 => 228.187749607
HOST|-0.00009|0.09909|-0.18941|-0.11982|-0.35512|0.94867|-0.23879|-0.15621 => -196.423736525
HOST|-0.00002|-0.03370|-0.02192|0.03763|-0.06648|-0.05230|-0.57775|0.22164 => -175.301277644
SERVER|0.00010|-0.19529|-0.11890|-0.04920|-0.04167|-0.21945|0.38369|-0.67447 => 35.3059533666
SERVER|-0.00004|-0.35186|-0.12999|-0.17460|-0.15141|0.27170|0.17242|-1.49187 => -98.5633788011
HOST|-0.00002|-0.28096|-0.02294|0.12588|-0.21888|-0.16838|-0.53756|0.17903 => -262.832946242
HOST|0.00014|-0.18844|-0.10432|-0.00921|-0.09206|0.09401|-0.21478|-0.21557 => -87.7248663734
SERVER|0.00001|-0.30835|-0.12033|-0.09718|0.22783|-0.09920|-0.36798|-0.49797 => -68.2068875298
HOST|-0.00016|-0.39886|-0.03896|0.09130|0.30745|-0.41115|-0.86164|-0.78481 => -177.385833288
HOST|-0.00017|0.09550|0.05033|0.00425|-0.26111|0.00418|0.08612|0.22884 => -104.268743699
HOST|0.00005|-0.06423|-0.05868|0.06965|-0.04963|-0.49555|-0.30861|0.20645 => -94.3920832421
SERVER|0.00012|-0.06815|-0.13482|0.09308|-0.27898|0.04515|0.60764|-0.62317 => 16.1597724043
SERVER|0.00005|0.06604|-0.20140|0.08966|-0.05415|0.13601|-1.04593|-0.41324 => -258.772737692
SERVER|-0.00007|-0.46946|-0.08980|0.03928|-0.04579|0.44856|0.28424|-0.36741 => -57.2731793558
HOST|-0.00010|0.25968|-0.14204|0.00713|-0.13594|0.65655|-0.02632|0.45205 => -46.5746169201
SERVER|0.00019|0.17668|0.09207|0.00835|-0.30475|0.18186|-0.17421|0.26249 => -114.346497737
SERVER|-0.00009|0.30773|0.05109|-0.05667|-0.27488|-0.14583|0.55829|-0.51767 => 26.3814229216
HOST|-0.00020|0.84582|0.00185|-0.07436|0.06256|0.36427|0.45422|-0.96587 => 214.886185211
SERVER|-0.00010|-0.15129|0.22675|0.00728|-0.13316|0.17455|0.31103|-0.17180 => -35.1037666146
HOST|0.00003|0.26955|0.01221|0.00501|0.15746|0.38633|0.35094|-0.54978 => 167.186749494
SERVER|-0.00021|-0.23496|-0.04451|-0.09004|-0.08462|-0.01898|0.17535|0.41948 => -84.8381277839
SERVER|0.00022|0.36015|-0.05888|0.02813|-0.41080|-0.19983|0.08383|0.33589 => -79.2801724881
SERVER|0.00018|0.21208|0.15738|0.02413|-0.00253|0.05006|-0.01413|0.89598 => 33.6847344706
HOST|-0.00013|0.21048|-0.03795|-0.22722|-0.14876|-0.28852|-0.15933|0.38439 => -95.2999992831
SERVER|0.00003|-0.00398|-0.09143|0.08921|-0.22793|-0.46036|-0.43101|0.27699 => -212.788350556
HOST|-0.00005|-0.60733|0.07871|-0.03545|0.19790|-0.32988|0.72415|0.73604 => 140.108790604
HOST|0.00001|-0.39430|-0.11658|0.14504|0.30632|-0.10345|0.46663|-0.51613 => 147.284997723
SERVER|0.00004|-0.23213|-0.11461|0.12282|0.51013|0.64941|0.39477|-0.59947 => 221.466887342
HOST|0.00001|-0.26056|-0.02307|0.13791|0.02867|0.53586|0.18880|-0.44434 => 4.91979532383
HOST|-0.00008|-0.09858|0.07842|0.03490|0.04599|0.44371|0.09042|-1.53034 => -10.3057312482
HOST|0.00006|-0.14304|-0.01340|-0.05547|0.00410|-0.43513|-0.08239|-0.13167 => -20.896200402
HOST|-0.00017|-0.33288|-0.15732|-0.02428|-0.25829|-0.76720|-0.23008|1.31720 => -234.954139729
SERVER|-0.00008|0.54537|-0.18360|0.00286|0.23891|-0.08799|-0.45655|0.08970 => 24.5527892575
SERVER|-0.00004|0.09948|0.11917|0.03930|-0.01209|0.35959|-0.03220|-0.38648 => -41.6801937921
HOST|0.00003|0.54309|0.19590|-0.08344|-0.18765|-0.40902|-0.62543|0.61221 => -136.0889724
SERVER|-0.00006|0.05549|0.01680|0.05705|-0.01531|-0.00976|-0.40805|0.36903 => -124.165554731
SERVER|0.00015|-0.39605|0.10139|-0.03613|0.01329|0.71120|0.08966|0.46830 => -36.9800318131
HOST|-0.00004|0.61866|-0.06287|-0.01681|-0.09838|0.13416|-0.37786|-0.20998 => -55.2658608114
SERVER|0.00024|0.46090|0.02017|-0.12288|0.02520|0.36799|-0.05265|0.32555 => 69.2709904774
SERVER|-0.00001|-0.00081|0.06528|-0.05982|-0.01864|0.32984|0.45324|1.13661 => 76.4021467581
HOST|0.00019|-0.23854|0.19809|0.01555|-0.06243|-0.21520|-0.00011|0.52736 => -38.4873559508
SERVER|-0.00005|0.04643|0.15609|-0.01272|-0.10381|-0.67446|-0.07990|0.01564 => -80.4414823089
SERVER|0.00012|0.31772|0.05987|0.02981|0.05961|0.22844|-0.08590|0.33052 => 44.5154507523
SERVER|0.00007|-0.03369|-0.21257|0.12463|-0.06998|-0.03224|-0.08713|-0.84217 => -58.6633206044
HOST|-0.00000|-0.40435|-0.01545|-0.05474|0.04596|-0.48505|0.78794|-0.56796 => 127.060503582
HOST|0.00018|-0.49795|0.21027|0.02226|0.12955|-0.40626|-0.30107|0.24418 => -76.5603344076
HOST|-0.00014|0.18472|0.13388|0.11404|-0.15323|0.47039|-0.58294|-0.55009 => -193.404776416
SERVER|-0.00018|-0.07421|-0.11902|0.08270|0.05236|0.38957|0.13438|0.55231 => -23.4921913801
SERVER|-0.00002|-0.71350|0.29105|-0.05158|-0.20876|-0.27507|0.24490|-0.62437 => -141.446335484
SERVER|0.00001|-0.37940|0.08564|-0.01560|0.01714|-0.42971|-0.22157|0.03272 => -127.182491042
SERVER|-0.00010|0.13764|0.08956|0.07969|-0.18175|0.26933|-0.21666|-0.32764 => -137.415748536
HOST|0.00009|-0.04398|0.08889|0.01063|-0.05216|-0.23166|0.80754|-0.42185 => 158.279226502
HOST|-0.00013|0.28717|-0.02099|-0.04853|0.41942|-0.69555|-0.71459|0.10001 => 2.50163344203
SERVER|0.00004|0.07966|-0.08069|0.02516|0.15354|0.43766|0.54053|-0.55672 => 171.836732114
HOST|-0.00021|-0.38420|0.10957|-0.07336|-0.34147|0.01836|-0.07393|-0.30164 => -241.319678551
HOST|-0.00011|-0.55036|-0.00957|-0.03699|-0.16911|-0.05305|-0.15121|0.18256 => -214.277557237
HOST|0.00006|0.38366|0.22697|0.14156|-0.15148|0.55564|0.23763|0.28448 => 51.8717745247
SERVER|-0.00012|0.10143|-0.03429|-0.03073|0.10880|-0.44931|0.01902|0.01386 => 7.19446181829
SERVER|0.00026|0.55314|0.16312|0.08009|0.15691|-0.12202|-0.66611|-0.14450 => -16.2700278962
HOST|-0.00019|0.38370|0.09498|-0.08693|0.23725|-0.00703|-0.33323|-0.05969 => 30.3841911889
SERVER|0.00019|-0.07141|0.20329|-0.06787|0.19544|0.03909|-0.96690|-0.86986 => -150.243836634
SERVER|0.00004|0.11933|-0.02561|-0.01024|-0.07480|0.13320|-0.09314|-0.35672 => -65.7133251874
HOST|-0.00009|0.37481|0.09150|0.04137|0.35364|0.05959|-0.28558|0.38513 => 83.2563783614
HOST|0.00011|-0.06543|-0.05673|-0.09900|0.08530|0.39195|0.11165|-0.45299 => 54.171186291
SERVER|0.00031|0.06155|0.04589|-0.05564|-0.02305|0.71323|-0.52980|-0.03260 => -90.1984159716
SERVER|0.00006|-0.25770|0.14661|-0.07189|0.34339|0.08154|0.01376|-0.23414 => 77.1652524651
HOST|0.00002|0.60277|0.22807|0.11746|-0.13389|0.66675|0.25147|0.30984 => 90.5101894472
HOST|-0.00009|-0.18906|0.10655|-0.04698|0.15768|-0.02668|0.16299|0.45622 => 39.2517793622
SERVER|0.00010|-0.00493|-0.07513|0.07795|-0.11927|0.08993|0.68365|0.88173 => 109.111362488
SERVER|0.00039|-0.52800|0.07528|-0.03562|-0.03808|0.76232|0.32196|-0.88568 => 19.8367501294
SERVER|-0.00001|-0.24778|0.01192|0.00650|0.22703|-0.38414|-0.27238|0.05880 => -40.4471543264
SERVER|0.00005|0.06580|0.02278|0.19398|-0.02659|0.39730|0.23577|0.05683 => 32.5650261167
HOST|0.00019|0.54368|0.32593|0.12831|0.16937|-0.44867|0.06603|0.85365 => 180.737728834
SERVER|0.00014|0.24576|-0.05062|-0.04394|0.01729|-0.23938|0.14817|-0.55835 => 62.491607768
SERVER|-0.00012|-0.66330|0.12954|0.00158|-0.18552|-0.67228|0.34798|-0.78772 => -152.412762971
SERVER|0.00001|0.01086|-0.25606|-0.19820|-0.12610|0.05255|0.25163|-0.41143 => -14.5071969401
HOST|-0.00012|-0.16979|-0.14044|0.00254|-0.38089|-0.10192|-0.27447|0.48961 => -259.728739034
SERVER|0.00002|0.20162|0.00275|0.01628|-0.12304|0.22255|0.13478|-0.20615 => -9.90580091071
HOST|0.00030|0.14435|-0.26768|-0.16651|0.08558|0.05484|-0.07882|0.21964 => 62.7507372091
HOST|-0.00010|-0.23944|0.25077|0.07098|0.15575|-0.28627|-0.57992|0.03543 => -139.867438747
SERVER|-0.00015|-0.21980|0.12005|-0.01385|-0.05481|-0.13692|0.02169|-0.57880 => -92.2095388989
SERVER|-0.00005|-0.04645|0.32808|0.02234|-0.15837|-0.56431|-0.82091|-0.69040 => -303.515688856
HOST|-0.00003|0.17830|-0.10539|0.02816|-0.44174|0.58455|0.21001|1.03576 => -99.0742438397
SERVER|0.00000|0.34129|-0.05917|-0.15818|0.14791|0.05348|-0.08461|-0.24123 => 55.7569879062
SERVER|-0.00002|0.21240|-0.02326|0.02223|0.13883|0.12076|-0.11889|0.50471 => 15.4067361451
SERVER|-0.00012|-0.23200|0.10135|0.25344|0.16038|0.02658|-0.50667|-1.08233 => -144.384537363
SERVER|0.00016|-0.02017|-0.07790|-0.03408|0.26458|-0.17239|-0.80575|-0.64130 => -87.7726572485
HOST|0.00002|-0.25804|-0.04177|-0.02909|0.10818|-0.22894|-0.44361|-0.33144 => -122.284413464
SERVER|0.00001|0.09364|0.16685|0.19323|0.31544|-0.41807|0.14850|-0.30955 => 138.939907586
SERVER|0.00005|0.46672|0.01402|0.07290|0.01684|0.55486|0.22967|0.16613 => 116.478259746
SERVER|-0.00005|0.31938|0.05293|0.04441|0.07655|-0.54524|0.35485|0.60866 => 127.540119409
HOST|0.00001|-0.17792|0.14473|-0.11191|-0.02865|-0.42686|0.32475|0.92006 => 16.0954197143
HOST|-0.00002|0.40713|0.06633|-0.02237|-0.13496|0.23242|-0.27781|-0.16313 => -81.4727014172
HOST|0.00026|-0.43775|-0.10265|-0.20924|-0.11352|0.49469|-0.13419|0.36287 => -110.532324492
HOST|-0.00006|0.23758|-0.02981|-0.09011|-0.02005|-0.21481|0.28766|-0.26063 => 64.7438343113
HOST|-0.00001|-0.02421|0.15396|0.09434|-0.32109|-0.37205|-0.05246|0.26223 => -146.316349049
HOST|0.00002|-0.26449|0.24469|-0.01390|0.18977|0.39498|0.28666|-0.82831 => 105.176881171
HOST|-0.00004|-0.02197|-0.01454|-0.04335|0.10867|-0.18845|-0.00521|-0.00401 => 12.6464117887
HOST|0.00008|0.02874|0.11977|0.06893|0.07808|0.04758|0.69313|0.21605 => 190.545985796
SERVER|0.00006|0.16964|-0.14851|0.15142|-0.05848|-0.58512|0.60060|0.54473 => 122.639011473
SERVER|0.00001|0.01068|-0.13923|0.00639|0.05036|0.10676|-0.28794|1.19743 => -64.8842929984
HOST|-0.00011|0.25599|0.09777|-0.04945|-0.17548|-0.30221|-0.34581|0.72037 => -129.543337245
SERVER|0.00002|0.03398|0.25287|-0.07000|-0.06272|0.21638|0.17234|-0.95734 => -2.41077132848
HOST|0.00010|0.16024|0.00934|-0.02809|0.04468|-0.16340|0.28493|0.52663 => 109.307143894
SERVER|0.00012|-0.72642|-0.06765|-0.02160|0.00183|0.64702|-0.17232|-0.71737 => -149.582041555
HOST|-0.00002|-0.13810|-0.14351|-0.18413|-0.00691|0.07319|0.05589|-0.22575 => -24.3292125094
SERVER|0.00004|-0.10223|-0.06542|0.02989|0.14644|0.27027|-0.02908|0.22884 => 12.1979884642
HOST|0.00008|0.12932|0.04956|-0.12237|-0.09406|-0.16772|0.07930|0.14809 => 13.6276136592
HOST|-0.00012|0.23220|0.09089|-0.21375|-0.34484|0.07283|-0.28829|-0.31820 => -178.574731601
HOST|0.00019|0.48816|0.01265|-0.08889|0.30260|0.39419|-0.19170|0.33715 => 151.944527798
SERVER|0.00013|0.18324|0.08577|-0.17263|-0.12225|0.07767|0.52920|0.31138 => 99.6751668657
HOST|-0.00009|-0.41766|0.00998|0.00346|-0.09427|-0.14238|-0.15290|0.61194 => -153.362980882
HOST|0.00008|-0.01774|0.15353|-0.08569|-0.04664|-0.29114|0.23972|-0.53677 => 60.5562015356
HOST|-0.00001|0.29551|0.00838|-0.04778|-0.12239|-0.42838|-0.00146|-1.12974 => 3.31557765748
SERVER|0.00004|-0.24558|-0.08123|0.06830|-0.02265|-0.50095|0.25933|0.76304 => -7.96728859751
HOST|0.00003|0.52246|0.24007|-0.00824|-0.11599|-0.36854|-0.96659|0.02753 => -188.620357982
SERVER|-0.00012|0.47909|0.09674|0.19187|-0.13848|0.60518|0.27794|-0.22497 => 37.3027135332
HOST|0.00004|0.09105|-0.13932|-0.08527|0.50812|0.02606|-0.05923|-0.07212 => 182.513905854
HOST|-0.00001|-0.16882|0.12826|-0.10810|-0.25189|-0.30714|-0.15754|-1.03357 => -168.41323891
HOST|-0.00006|-0.22089|0.10109|0.05469|0.08187|-0.33038|0.26969|0.09269 => 43.1340267361
HOST|0.00019|-0.06279|0.17179|-0.02651|-0.05575|0.10385|-0.16034|-0.03034 => -43.4415859247
HOST|0.00008|-0.43332|0.23344|-0.13472|0.00332|0.13913|0.53298|0.30639 => 59.1258570572
HOST|0.00000|0.14364|-0.15442|0.14594|0.02491|-0.08785|0.31000|0.04779 => 73.5312548884
HOST|0.00001|-0.36030|0.14104|0.15900|0.08068|0.05478|0.02939|0.56049 => -31.6241918161
HOST|-0.00004|-0.46540|-0.08878|0.08451|-0.04412|0.13158|0.16041|1.51965 => -60.5077702082
SERVER|0.00004|0.22949|-0.01575|0.04633|-0.05285|-0.04830|-0.87360|-0.08805 => -212.409240055
SERVER|-0.00004|0.23240|-0.07322|-0.10080|0.02232|-0.14924|0.13007|0.53234 => 34.0475743062
SERVER|0.00017|-0.35491|0.17497|-0.08925|-0.04847|0.18388|0.24076|0.88574 => -26.6710330712
SERVER|0.00008|-0.25130|-0.01876|-0.03617|0.09480|-0.28556|0.70137|-0.12199 => 134.310986592
SERVER|0.00009|0.35144|-0.16608|0.07386|0.15163|0.48656|-0.18627|-0.70437 => 48.5566467001
SERVER|0.00000|-0.09461|-0.19792|-0.12741|-0.09702|0.06635|0.77818|1.17595 => 110.988626855
SERVER|0.00008|0.31980|-0.10737|-0.06287|-0.30150|-0.30710|-0.47744|0.18564 => -209.592833973
HOST|0.00006|0.19112|0.00518|0.01730|-0.23629|-0.27055|-0.34672|0.36903 => -135.276950379
SERVER|0.00002|-0.29227|-0.02502|0.09665|0.08789|0.11929|-0.38279|-1.10921 => -126.084491885
SERVER|0.00002|0.34887|0.00070|-0.00966|0.02519|0.35085|-0.09887|-0.80820 => 12.0145948995
HOST|0.00000|0.01414|0.03834|-0.04796|-0.07438|0.05129|-0.14663|-0.48177 => -73.6887350812
SERVER|0.00005|0.03532|-0.02722|-0.05343|0.11368|-0.84175|0.02084|-0.92670 => 27.8805635526
HOST|-0.00002|0.15250|0.01223|-0.06472|-0.02555|0.34981|0.12592|0.03624 => 15.1306773874
HOST|0.00025|0.16958|-0.02356|0.05833|0.03798|0.12232|0.62486|-0.27692 => 220.373364436
HOST|0.00009|-0.25052|-0.11408|0.24835|0.18816|0.12434|-0.03821|-0.08355 => 25.4024802546
HOST|-0.00019|-0.16277|-0.14898|-0.11941|-0.20408|-0.42580|-0.17973|-1.32415 => -178.409350644
SERVER|0.00002|-0.13754|-0.29183|-0.09330|0.15459|0.04435|-0.03251|-1.23175 => 11.0123855314
SERVER|-0.00000|-0.32627|-0.04917|0.00858|0.13660|0.24276|0.13845|-0.52088 => 4.4499182511
HOST|0.00009|-0.18067|-0.28531|0.02082|0.18289|-0.09344|-0.56183|-0.46366 => -83.6478091057
SERVER|-0.00002|-1.03792|0.05855|0.06034|0.07486|-0.11882|0.25569|0.31629 => -84.8615512318
HOST|0.00002|0.46850|0.10693|0.05051|0.03120|-0.25819|-0.10641|0.72860 => 53.6253156317
HOST|-0.00017|0.09792|0.22854|0.17863|-0.12777|-0.24272|0.48819|0.10555 => 29.4783557686
HOST|0.00002|0.13594|-0.01175|-0.03334|-0.13055|-0.41942|0.54263|0.09222 => 86.926254636
SERVER|0.00016|-0.08731|-0.25601|-0.03276|-0.03556|0.10622|-0.24171|-0.05310 => -86.9057368224
HOST|0.00021|0.41819|-0.15058|0.09564|0.13160|-0.16822|-0.14928|-0.47956 => 89.4642315205
SERVER|0.00005|0.35957|-0.13847|-0.02471|-0.21411|0.54113|0.30111|0.38491 => 23.9432289445
SERVER|-0.00015|0.00530|0.00763|0.07824|-0.14413|-0.40706|-0.41732|0.14053 => -187.941072212
SERVER|0.00000|-0.27277|0.13385|0.01366|-0.15859|-0.05962|-0.20592|0.30233 => -182.712645748
HOST|-0.00001|-0.21111|-0.09325|-0.06085|-0.06844|-0.10867|0.24870|0.55472 => 6.76052823509
HOST|0.00003|0.09887|0.27803|-0.02954|0.39705|-0.57162|0.32412|0.41448 => 236.904692195
HOST|0.00024|0.07672|0.21392|0.09838|0.26978|-0.13777|0.22768|-1.17599 => 199.449061904
SERVER|-0.00024|-0.55682|0.05395|-0.00174|0.33595|0.06027|-0.61942|-0.60621 => -179.803965675
HOST|0.00013|-0.58287|0.04702|-0.02455|-0.05391|-0.06292|0.20488|0.03790 => -39.9615322549
SERVER|-0.00018|-0.01455|0.16520|0.05075|0.10427|0.49220|0.49042|-0.67571 => 100.328620136
HOST|-0.00010|0.18803|0.03770|0.12615|-0.14884|0.00116|-0.01699|0.02645 => -57.4805793824
HOST|-0.00000|0.17645|0.14330|0.00036|0.27121|-0.13774|0.45071|0.19111 => 236.714153583
HOST|-0.00029|-0.30705|-0.05377|0.06612|-0.06520|0.51897|-0.33187|-0.62717 => -206.771847758
HOST|0.00014|-0.40990|0.12285|0.01863|0.10102|-0.39262|-0.04788|0.97763 => -32.5049262969
SERVER|-0.00007|0.49203|-0.04330|0.10009|-0.11307|0.22953|0.27204|-0.75410 => 44.8027738045
SERVER|0.00022|-0.10394|-0.36127|0.03556|-0.13447|-0.12849|-0.80410|-0.53360 => -259.858298545
SERVER|0.00006|-0.25668|0.20496|0.10216|0.25613|-0.30247|0.02980|-0.02069 => 30.2803583795
HOST|0.00015|0.05735|-0.12430|-0.14025|-0.09884|0.06657|-0.85102|0.04173 => -210.204139558
HOST|0.00004|0.34573|0.13689|-0.00493|0.12534|0.34227|0.47073|0.24203 => 209.736399347
HOST|-0.00006|0.02112|0.22742|-0.14839|-0.19110|-0.38790|-0.41277|-0.24874 => -172.117625727
HOST|0.00009|0.34168|0.00859|0.06382|-0.23007|0.26730|-0.26767|0.40526 => -77.7874606211
HOST|-0.00011|-0.60193|0.20261|-0.10894|-0.09481|0.51544|-0.31806|0.69287 => -229.224168161
SERVER|0.00014|0.40453|-0.08205|0.05048|0.20596|-0.27854|0.00897|0.13337 => 121.418159745
SERVER|0.00008|-0.20195|0.26236|0.03596|-0.21226|0.33193|0.17893|-0.37924 => -83.5370117296
HOST|-0.00020|-0.06235|0.04894|0.06301|0.13192|-0.19018|-0.13300|-0.58733 => -46.7851245135
SERVER|-0.00004|-0.79808|-0.17784|-0.11693|0.00107|-0.47723|0.34978|0.33058 => -93.4986415984
SERVER|0.00013|0.06447|0.03957|-0.00438|-0.13719|0.66854|-0.77184|-0.45050 => -240.754836469
HOST|-0.00006|-0.53840|-0.13936|-0.08222|0.02203|-0.26120|-0.09834|-0.38200 => -114.600956033
HOST|-0.00009|0.30590|-0.09457|0.11232|0.11083|-0.15593|0.30978|0.58167 => 133.000579497
HOST|-0.00004|-0.13233|0.02556|0.12530|0.03417|0.32388|-0.34592|-0.13411 => -98.0192056865
SERVER|0.00000|0.10121|-0.09049|-0.10385|-0.23262|-0.31709|0.46326|0.21995 => 12.8683961526
HOST|-0.00003|0.20098|-0.20593|0.04695|0.00965|0.30156|0.17574|-0.21700 => 57.1160892356
HOST|0.00007|-0.25956|-0.14206|0.16289|0.38516|-0.27984|0.30851|-0.48664 => 171.05767832
HOST|0.00025|-0.06869|0.07114|0.15152|-0.09604|-0.15768|-0.73048|-0.45802 => -184.020848928
HOST|-0.00003|0.32347|0.13395|0.13096|-0.08751|-0.05007|0.49357|0.10627 => 114.112115185
SERVER|0.00014|0.25228|-0.07254|-0.06470|0.08681|-0.23431|-0.24872|0.18215 => 10.8241219494
HOST|-0.00012|-0.39876|-0.20145|0.07381|0.20650|0.13182|0.32606|-0.10799 => 75.9357530446
HOST|-0.00007|0.25963|-0.06390|0.12649|0.44278|0.27315|-0.20198|0.47606 => 129.536331588
HOST|-0.00003|0.04288|0.03374|-0.00937|-0.11462|0.23447|0.36632|0.37369 => 36.7782141668
SERVER|-0.00005|0.13180|0.07559|0.01441|0.40469|-0.37067|-0.00749|0.88096 => 128.18711531
HOST|0.00008|0.47579|0.09506|-0.01393|0.06129|0.27114|0.09843|0.64156 => 117.989733726
HOST|-0.00000|-0.57875|0.15708|-0.00245|-0.27531|-0.20701|-0.25307|0.03574 => -246.942729323
SERVER|-0.00008|-0.19594|0.02473|0.12810|-0.00383|-0.02963|-0.05662|-0.37589 => -75.6990606591
SERVER|0.00004|0.21169|0.08489|0.06224|0.29005|0.15175|-0.15973|-0.66009 => 63.878105983
HOST|-0.00011|-0.18576|-0.08078|-0.00853|0.26051|-0.51578|-0.78589|0.43926 => -145.504880626
HOST|-0.00003|0.52766|0.12897|0.03386|0.07539|-0.22917|-0.15423|-0.34383 => 50.6028252353
SERVER|0.00016|-0.24514|-0.17004|0.11430|0.12257|-0.28257|0.43751|-1.13148 => 104.114122646
SERVER|-0.00002|0.42794|0.05416|0.20809|-0.01474|0.73233|0.14796|-0.05418 => 60.4929766883
SERVER|-0.00007|0.13339|0.29701|-0.05721|-0.10315|-0.21387|0.19811|-0.04086 => 1.59273727895
SERVER|-0.00003|-0.10080|0.20567|0.09906|0.24202|0.36441|-0.10369|-0.35975 => -7.14620906731
SERVER|-0.00003|0.24606|0.17310|0.15723|-0.22600|-0.08051|0.23063|0.66103 => -43.1070929114
SERVER|-0.00010|-0.24774|0.26124|-0.00066|0.11359|-0.03377|-0.23079|-1.11291 => -89.7679933447
SERVER|0.00002|-0.21955|0.15764|-0.12267|-0.14598|0.23883|0.23921|-0.47341 => -47.0661995506
HOST|-0.00000|0.20963|0.06615|-0.07287|0.08463|-0.24099|-0.23911|-0.36280 => -4.09398820202
SERVER|0.00014|0.08346|0.05710|0.09961|0.14255|-0.14809|-0.12858|0.25317 => 28.0131869947
SERVER|-0.00003|-0.11553|0.18240|-0.03564|0.15760|-0.10763|0.30050|0.38977 => 84.7994905231
HOST|-0.00011|0.13168|0.06816|-0.01051|-0.15822|-0.25257|-0.04258|0.16457 => -74.9518544934
SERVER|0.00004|-0.07460|0.08625|-0.12158|0.31202|-0.27437|0.34927|0.68385 => 154.755058674
HOST|-0.00009|-0.12151|-0.14152|-0.09195|0.07335|-0.34522|0.01168|-0.33028 => -5.19818281512
SERVER|0.00027|0.06843|0.12676|-0.19678|-0.16086|0.35984|-0.28114|-0.28127 => -91.7939899419
HOST|-0.00019|-0.78822|0.01166|-0.08160|-0.27508|-0.06946|0.10855|0.82176 => -230.056697991
HOST|-0.00007|-0.42611|0.01726|-0.04841|0.07507|-0.13332|-0.08926|0.73957 => -87.0827798766
HOST|-0.00018|0.29099|0.01345|-0.07953|0.26867|-0.63171|0.50364|0.50800 => 205.150929163
SERVER|-0.00023|0.20022|-0.11110|-0.00631|0.04787|-0.09875|-0.12581|-0.48631 => -45.9142274774
HOST|0.00001|0.02720|0.12196|-0.07075|-0.23272|-0.21053|0.52371|-0.31079 => 30.4066181335
HOST|0.00022|-0.19501|-0.35764|-0.12894|-0.09108|-0.28014|-0.25718|0.30760 => -95.3069097924
SERVER|0.00020|0.40834|-0.02977|0.05119|0.16704|-0.21852|-0.43250|1.41093 => 12.8170130217
SERVER|0.00022|-0.32620|0.08907|-0.10247|-0.02621|0.23119|0.38486|0.73697 => 39.1422283158
SERVER|-0.00005|-0.32870|0.13008|0.00474|0.24990|-0.12793|0.26735|-0.86609 => 67.316959091
SERVER|0.00019|0.31205|0.01584|-0.02970|0.00149|-0.11235|-0.18977|-0.32361 => -10.8507809213
SERVER|0.00022|-0.19219|0.08577|0.00706|0.13744|0.40659|-0.49747|0.03290 => -81.4740626135
HOST|-0.00010|-0.04644|-0.06207|-0.05189|0.14788|-0.08245|-0.41546|-0.09083 => -79.7562228663
SERVER|0.00009|0.42771|0.04920|0.10962|0.47387|-0.17936|0.25883|-0.16672 => 276.612120396
SERVER|0.00003|-0.21425|0.04146|0.09238|-0.23561|0.17180|-0.28089|-0.61513 => -200.738889272
SERVER|-0.00006|-0.01288|0.07682|0.17616|0.14476|-0.15533|0.39575|0.81870 => 111.948132597
SERVER|0.00016|0.11817|-0.01114|-0.01123|-0.20876|0.48013|-0.96539|0.04413 => -307.518477466
SERVER|0.00010|0.18132|0.04166|0.01132|0.17288|-0.37534|-0.22015|-0.27214 => 26.6851609704
HOST|0.00008|0.29169|-0.09274|-0.00190|0.12827|0.20264|0.23897|-0.59726 => 149.985822106
HOST|0.00008|0.06651|0.19204|0.00193|-0.18556|0.45955|-0.35713|-0.22180 => -143.007626762
HOST|0.00010|-0.36663|-0.12628|0.10107|0.39272|-0.22505|-0.28614|-0.43552 => 31.7893250959
HOST|-0.00003|-0.10737|0.25055|0.03367|0.00334|-0.08883|-0.12146|0.12392 => -59.2897409989
HOST|0.00019|-0.03276|-0.05918|0.05551|0.36907|0.11838|0.88692|-0.06689 => 341.383899521
SERVER|0.00006|0.07577|-0.10717|-0.01148|0.04050|0.01015|0.15434|-0.27136 => 40.0623895332
HOST|0.00001|-0.21367|-0.05750|0.06323|-0.07575|-0.63496|0.16219|-0.26674 => -21.2532966958
HOST|0.00015|0.42973|0.02474|0.02099|-0.01395|-0.05029|-0.12370|-0.40957 => 53.3907638193
HOST|0.00006|-0.40728|-0.07187|-0.08616|-0.21014|-0.60506|0.19088|-0.36915 => -95.3585667596
SERVER|-0.00001|0.37282|0.07179|0.01551|0.56840|-0.32236|0.54394|0.33885 => 358.527006995
HOST|-0.00007|0.21935|-0.09980|0.00686|-0.10559|0.54366|0.33262|0.02078 => 47.2268377275
HOST|0.00011|0.24959|0.06053|0.05191|-0.29879|-0.10174|-0.13774|0.44375 => -87.2886000372
HOST|0.00001|0.15558|0.06853|-0.13858|0.31873|-0.10652|0.07630|0.31023 => 144.060443762
HOST|0.00004|-0.40956|0.15915|-0.18465|-0.09588|0.05906|0.13591|-0.15344 => -63.229001338
SERVER|-0.00016|0.00391|-0.35858|0.05718|-0.38817|0.19564|-0.06242|0.37500 => -210.53440903
HOST|-0.00006|0.12176|-0.27389|-0.03876|-0.02816|-1.08387|0.49501|0.30999 => 109.340801608
HOST|0.00010|-0.09416|-0.04911|-0.04454|-0.37648|-0.85136|-0.33473|-0.71373 => -225.746905319
SERVER|0.00013|-0.71320|-0.15256|-0.03276|-0.28374|-0.67403|0.56866|-0.25380 => -74.9627403367
SERVER|0.00014|0.46758|0.03601|0.13559|0.06266|0.20470|0.09846|0.05292 => 97.3229552816
SERVER|0.00007|-0.02198|-0.00554|-0.10777|-0.09957|0.00757|0.07894|0.22932 => -43.0673926563
SERVER|0.00006|-0.18645|-0.09915|0.08037|0.09053|-0.52668|0.15618|-0.14125 => 41.076286758
HOST|-0.00016|0.33027|-0.11425|-0.00619|0.03379|-0.15058|0.45594|-0.58091 => 123.501197251
SERVER|0.00002|-0.18380|0.01766|-0.14455|-0.38153|-0.34337|-0.13226|0.02747 => -214.358006715
HOST|-0.00007|0.58909|0.10357|-0.03883|0.19602|0.33027|0.10645|-0.16938 => 151.957740614
SERVER|0.00031|-0.18305|-0.09910|0.08256|-0.04974|-0.60760|0.22439|0.56794 => 34.0414644252
SERVER|0.00008|-0.15531|-0.08230|-0.11179|-0.03697|0.42801|-0.04912|-0.23135 => -71.5593961864
SERVER|0.00012|0.07617|-0.04852|0.13572|-0.33684|0.25594|-0.29166|-0.40226 => -187.398145003
SERVER|-0.00015|0.24975|0.12704|-0.20693|0.25997|0.13411|-0.11413|-0.37194 => 54.4638686621
HOST|-0.00004|0.06525|-0.12268|0.04621|-0.11057|0.70639|-0.17310|-0.60925 => -87.6556003623
SERVER|0.00010|0.19457|0.19285|-0.10663|-0.35582|-1.29381|-0.70785|0.61051 => -268.458818587
SERVER|0.00008|0.20469|-0.03618|-0.00256|0.34440|-0.43872|0.10948|-0.89710 => 150.47117478
HOST|-0.00003|-0.07482|0.09935|0.02755|0.00049|-0.16041|0.21362|-0.06182 => 21.9423051875
HOST|0.00010|-0.61114|0.27309|0.01508|-0.04174|-0.16282|-0.31944|0.62684 => -174.243508507
SERVER|0.00020|-0.25950|0.10423|0.05007|0.10687|0.20292|-0.34652|-0.10976 => -68.1061184034
HOST|-0.00010|-0.38045|0.24600|-0.01361|0.48766|0.21807|-0.04888|-0.50271 => 94.8768249046
SERVER|0.00004|-0.06731|-0.10632|-0.04484|0.40553|0.41095|0.61062|1.44937 => 249.365233456
HOST|-0.00000|-0.37237|0.13929|-0.18009|0.16311|0.01759|-0.81173|-0.00581 => -197.702892859
SERVER|-0.00014|-0.30697|-0.25968|0.02151|-0.32001|-0.16858|0.24695|0.33319 => -159.464364012
HOST|0.00022|-0.55307|-0.02420|-0.08609|-0.24326|-0.14042|0.35092|0.19935 => -56.2907505925
HOST|-0.00013|-0.05864|0.00049|0.14452|0.19668|0.10093|-0.14551|-1.46694 => -6.78997099959
SERVER|-0.00009|-0.32833|-0.21864|0.01794|0.18164|0.34966|0.04295|0.30521 => -4.26492269231
SERVER|-0.00007|-0.09518|-0.02266|-0.05855|-0.06462|-0.60449|-0.02936|0.22169 => -84.2428690228
SERVER|0.00007|-0.02858|-0.21020|0.00567|0.23441|0.06906|-0.27956|0.00337 => -9.34357406571
HOST|-0.00011|0.12727|-0.04137|0.00132|0.12587|-0.07862|0.32454|-0.20627 => 121.172163749
SERVER|-0.00008|-0.23925|0.05239|-0.01085|0.13944|0.53586|0.23810|-0.29335 => 39.868127415
SERVER|-0.00004|-0.10385|0.04071|0.03264|0.33049|-0.11677|0.17066|1.02576 => 93.6431583804
HOST|-0.00012|-0.06433|-0.05890|-0.11884|0.35271|0.31866|0.27795|-0.93740 => 159.182315204
SERVER|-0.00002|0.04713|0.05130|0.07408|0.09656|-0.48446|-0.19138|-0.37989 => -34.875260355
SERVER|0.00018|-0.04571|0.01997|0.01467|0.23003|0.15445|-0.18023|0.53963 => 49.1505559332
HOST|0.00010|-0.31382|-0.26271|0.08059|-0.02364|0.39429|-0.31584|-1.20692 => -103.880622758
SERVER|-0.00001|0.19557|-0.29104|0.02571|-0.07906|0.03060|-0.75847|-0.19979 => -226.932305946
SERVER|0.00009|-0.07041|0.08603|0.01793|0.20687|-0.00705|0.28252|-0.20116 => 95.3699364308
SERVER|0.00001|-0.12305|-0.07128|-0.08865|-0.09279|0.40126|0.12395|0.70726 => -68.7008535334
HOST|-0.00010|-0.42027|-0.14039|0.06723|0.24895|-0.08003|0.15026|-0.07361 => 35.9895268942
HOST|0.00013|0.00911|-0.28349|0.09099|-0.20720|-0.11972|-0.01972|0.60237 => -72.0459187156
HOST|-0.00006|-0.17588|0.07050|-0.19851|0.16253|-0.08217|0.25763|0.35378 => 65.9934086401
SERVER|0.00006|0.12251|0.13882|0.00869|-0.12600|-0.45719|-0.52465|-0.70058 => -168.710313607
SERVER|0.00002|0.08879|0.02919|-0.33494|-0.21641|-0.15307|-0.04551|0.69937 => -95.8677294315
HOST|-0.00014|-0.01546|-0.14850|0.21045|0.28773|-0.43926|-0.14283|-0.03239 => 33.8248876624
HOST|0.00006|0.69233|0.11825|0.00547|-0.24562|-0.74865|-0.14723|0.18271 => -24.7345127763
SERVER|0.00003|-0.25626|0.33377|-0.02831|-0.14559|0.19685|-0.03177|-0.07663 => -127.383544781
SERVER|-0.00010|0.09069|-0.17646|0.05813|-0.00474|0.21652|0.13667|-0.13020 => 0.968312203332
SERVER|-0.00015|0.40685|0.38879|-0.08551|-0.11690|0.42955|0.14919|-1.06064 => 6.17728092222
HOST|-0.00007|-0.51394|-0.08337|-0.22817|0.22926|-0.00042|-0.32530|0.31215 => -90.8020305513
SERVER|0.00008|-0.02401|-0.09105|-0.06319|0.22710|0.31943|-0.66029|-0.21556 => -88.5689763827
HOST|0.00026|-0.06515|-0.19932|-0.00515|-0.12512|0.32884|-0.14747|0.47986 => -53.5115440121
SERVER|-0.00003|0.54055|-0.01507|0.02593|0.00570|-0.03830|0.52863|0.00454 => 142.846297002
SERVER|-0.00018|-0.20160|-0.30153|-0.05584|-0.16249|0.02726|-0.49614|0.35357 => -256.090937335
SERVER|-0.00015|0.23142|-0.19485|0.10657|0.04868|-0.20455|-0.08431|-0.12832 => -30.1448266837
SERVER|-0.00005|0.02063|-0.10790|0.02808|-0.36302|-0.31711|-0.36357|-0.52367 => -243.671328621
HOST|0.00001|-0.20726|0.03972|0.20508|-0.00114|-0.25957|-0.01276|0.32806 => -48.1575056176
HOST|0.00012|0.03022|0.27041|-0.02330|0.07333|0.11367|0.51979|0.63716 => 140.332129408
SERVER|-0.00008|0.07999|-0.00709|-0.03697|-0.20264|-0.06001|-0.03406|-0.55123 => -105.532202984
HOST|0.00011|0.22734|-0.02238|-0.12076|-0.30440|0.45212|0.18336|-0.57896 => -41.3753559175
SERVER|-0.00002|0.21896|-0.20946|-0.10486|-0.03646|0.29899|0.29241|-0.17624 => 49.5505393256
SERVER|0.00014|0.61786|0.10460|0.00675|0.18761|0.68187|0.20176|-0.22289 => 202.355488867
SERVER|0.00025|-0.04289|-0.26031|-0.08830|-0.32948|0.52260|-0.43815|-0.18921 => -215.994797819
SERVER|0.00006|-0.08081|-0.04918|-0.14157|0.09048|0.36127|-0.07765|-0.26833 => -43.8927569205
HOST|0.00016|-0.26059|-0.08312|0.01054|-0.04798|-0.09423|-0.66445|0.30792 => -204.386839773
HOST|-0.00009|-0.74028|-0.09149|0.06989|-0.11516|-0.41426|-0.52093|0.31589 => -292.463981344
HOST|-0.00002|0.18942|-0.12023|-0.09286|-0.05861|-0.01593|-0.85733|0.10682 => -209.000151271
HOST|-0.00005|-0.11101|-0.05334|0.02312|0.10839|-0.46262|0.42206|-0.01485 => 97.5834555726
HOST|-0.00010|0.05089|-0.18294|0.01466|-0.04974|-0.68590|0.54638|0.12879 => 76.7112718154
SERVER|0.00003|0.05334|-0.00007|0.08649|0.19518|0.32000|0.20546|-0.00035 => 88.1803067804
SERVER|0.00012|0.42076|0.03748|0.06294|-0.02386|-0.03703|-0.71449|-0.68177 => -119.466410407
SERVER|-0.00006|-0.05829|0.05323|0.01225|-0.31805|0.10943|0.48211|-0.08898 => -66.467252477
HOST|0.00007|0.04695|-0.09841|0.06547|0.03082|0.28213|0.22177|0.47071 => 73.5751778419
HOST|0.00000|0.09895|0.06449|0.10197|-0.17114|0.52077|0.60995|0.22742 => 88.3773796566
SERVER|-0.00002|0.48847|-0.09874|0.07933|-0.17230|0.08774|0.45392|-0.28397 => 81.2060887154
SERVER|0.00005|-0.30773|-0.08702|-0.01980|0.05360|0.10768|0.27854|0.37957 => 19.8051665151
HOST|-0.00003|0.23917|-0.12540|-0.10636|0.12162|-0.02227|0.18541|0.40688 => 106.480347627
HOST|0.00026|0.11194|-0.11805|0.09465|-0.13712|0.14317|0.07526|-0.18429 => 24.5774322809
SERVER|-0.00005|-0.05673|-0.07528|0.19723|0.25184|0.12068|-0.39964|0.48190 => -47.4691193849
SERVER|-0.00014|-0.24507|0.12068|0.01063|0.10160|-0.32580|-0.38926|0.53259 => -154.545354831
SERVER|0.00001|0.27148|0.18531|0.03604|-0.22718|-0.11108|-0.04329|0.60510 => -68.6017864043
SERVER|0.00001|-0.06269|-0.07354|0.12477|-0.30308|0.08629|0.21498|1.80489 => -101.58967512
HOST|0.00008|-0.10587|-0.05400|-0.04117|0.05679|-0.00639|0.02381|-1.05233 => 5.32697683027
HOST|0.00011|-0.22498|-0.07378|0.08640|-0.22579|-0.27149|0.31132|0.00324 => -41.7487042983
HOST|0.00003|0.00502|0.24671|0.05721|0.31960|-0.11781|-0.45937|-0.56221 => 15.9212479687
HOST|-0.00010|-0.20384|0.04885|-0.05867|-0.08379|0.33433|0.14890|0.02232 => -61.0663407949
HOST|0.00010|0.16290|0.15323|-0.03422|-0.21945|-0.41834|-0.01955|0.02980 => -52.548371583
SERVER|0.00008|0.01349|-0.03966|0.01088|0.38878|0.85132|-0.54466|-0.16361 => -2.55241443573
HOST|-0.00008|0.01609|-0.13808|0.08024|-0.23681|-0.25335|0.23040|-0.14153 => -56.7591757534
HOST|0.00008|0.14769|-0.02401|0.07371|0.24670|0.04380|0.41179|0.24828 => 211.532432799
HOST|0.00008|0.33617|-0.29392|-0.10861|-0.09473|-0.24725|0.02192|0.02183 => 9.35416293488
SERVER|-0.00010|-0.06121|-0.01094|-0.05281|-0.00233|-0.37183|-0.03596|-0.08346 => -56.3514147295
SERVER|0.00007|-0.43128|-0.03157|-0.16467|-0.01745|-0.45569|-0.14884|-0.10667 => -111.784382
SERVER|-0.00012|-0.07142|0.00154|0.05398|-0.24796|-0.25402|-0.35176|0.00467 => -230.211240619
HOST|-0.00003|-0.03800|-0.02394|-0.15583|-0.07858|0.08837|0.24963|-0.63687 => 3.38068712738
HOST|0.00010|0.09646|-0.02488|-0.06338|0.12384|0.04715|-0.31394|-0.77158 => -9.95133190198
HOST|0.00002|0.23375|0.16293|0.00757|0.06462|-0.06245|-0.04926|-0.38720 => 26.7254791103
SERVER|-0.00002|0.04238|-0.12863|0.06656|-0.04896|0.01916|-0.11230|0.02291 => -68.5677480623
HOST|-0.00015|-0.33086|-0.03498|-0.03531|0.15359|0.13813|0.17593|-0.49559 => 19.3528453828
HOST|-0.00025|0.05542|0.18940|-0.03237|0.03474|0.01868|0.01938|-0.41753 => -36.377438886
SERVER|-0.00004|0.33513|0.04547|0.09324|-0.23552|-0.25757|-0.40803|-0.09839 => -179.626967337
HOST|-0.00014|-0.60233|-0.13379|-0.02548|-0.02946|-0.14492|0.18879|0.05204 => -91.7069395094
SERVER|0.00008|0.23236|-0.24411|-0.06953|0.07980|-0.42883|-0.25616|0.11854 => -15.0086082189
SERVER|-0.00002|-0.17433|-0.03248|0.13558|0.07749|-0.40540|0.49534|-0.03117 => 81.2598528237
SERVER|0.00000|0.15648|0.16102|0.00268|-0.02639|0.16016|-0.41327|-0.10873 => -106.427313405
HOST|0.00002|-0.23608|0.21769|0.13715|0.14801|0.62875|-0.04576|0.55988 => -4.46425759087
HOST|0.00011|-0.05761|0.04671|0.03921|0.10729|0.02792|-0.28223|-0.28441 => -39.8803630074
HOST|-0.00001|0.09338|-0.03613|-0.00700|-0.14290|-0.59815|0.21219|0.96650 => 1.90856419769
HOST|0.00001|0.04291|0.09401|0.00079|-0.16055|0.21495|0.18831|0.20630 => -27.4340047161
HOST|0.00002|0.00578|0.00564|0.05760|-0.13619|-0.79589|-0.57119|-1.00096 => -196.176244832
SERVER|0.00032|0.15555|0.05945|-0.33837|0.09383|-0.13990|0.51211|-0.79633 => 206.960825673
SERVER|0.00006|0.12330|0.23186|-0.00552|-0.00251|0.65446|0.10108|0.07560 => 6.76633766231
SERVER|0.00008|0.05425|0.04071|0.03306|0.06668|0.33003|-0.47889|-0.08362 => -86.7680667132
HOST|-0.00001|-0.06363|-0.04705|0.11553|0.14361|-0.10661|-0.70615|-1.14352 => -132.344648909
HOST|-0.00010|-0.11371|0.01348|-0.08932|-0.03709|-0.08624|-0.13434|0.04012 => -91.8057972209
SERVER|-0.00002|0.22029|-0.12700|0.08350|0.18168|0.00406|-0.09348|0.20053 => 58.0126715873
HOST|-0.00010|-0.39178|-0.19119|-0.00646|0.09551|0.18175|0.16561|0.51970 => -22.7706525244
SERVER|-0.00016|-0.48665|-0.15600|0.08067|-0.04460|0.61968|-0.33526|0.92245 => -211.403281316
SERVER|0.00014|0.07961|-0.11509|-0.00739|0.06176|-0.01710|-0.38270|-0.64549 => -57.6542491155
HOST|-0.00015|0.32642|0.10720|0.03485|-0.09224|-0.12971|-0.12145|0.79742 => -64.8009032545
HOST|-0.00012|-0.02208|0.06094|0.04504|0.07642|-0.20496|0.59402|1.15750 => 119.226648283
SERVER|0.00004|0.04525|0.10489|0.07209|-0.16407|0.62787|0.05235|0.11592 => -57.5770757537
HOST|0.00007|0.06779|0.06678|0.09107|-0.10385|0.50122|-0.21788|-0.87799 => -74.1870212379
HOST|-0.00008|0.03231|0.03630|-0.03922|-0.14041|-0.12017|-0.40793|-0.25317 => -139.569994693
SERVER|0.00004|0.27670|0.11530|-0.02302|0.22526|-0.12985|-0.11020|0.92517 => 48.0668533307
SERVER|0.00011|0.37787|-0.06635|0.15017|-0.08824|0.15427|0.20188|0.72644 => 58.7461173606
HOST|0.00006|0.32492|0.19224|-0.09602|-0.22631|0.28065|-0.09600|0.59312 => -59.2963555891
HOST|-0.00001|0.02416|-0.06701|-0.16905|-0.50802|-0.55327|-0.37445|0.59735 => -274.851975507
SERVER|-0.00021|0.08852|0.26493|-0.05227|0.02863|0.02193|-0.11191|0.42291 => -53.8337020452
SERVER|0.00010|-0.36586|0.04261|0.11481|0.42064|0.00868|-0.06469|-0.73031 => 65.8546611979
SERVER|-0.00015|-0.05084|-0.00115|0.02828|-0.09053|0.28809|-0.16191|-0.82111 => -118.860528532
HOST|-0.00002|-0.05237|0.14009|0.00325|-0.11381|0.43089|0.02034|-0.84348 => -55.9934812933
HOST|-0.00005|-0.16149|0.02702|0.00798|-0.03269|-0.28461|-0.06624|0.69282 => -68.9977168622
HOST|-0.00006|0.70100|0.21735|0.04293|0.01285|-0.14486|0.34849|-0.03247 => 167.887223322
SERVER|-0.00005|0.11184|0.05303|0.02480|0.44996|-0.33516|0.78670|-0.98584 => 322.343303333
SERVER|-0.00006|0.04999|0.00034|0.25058|-0.04632|0.30339|-0.22189|-0.25911 => -105.35394001
HOST|-0.00001|-0.08725|0.29326|0.19580|0.22708|0.61732|0.06463|1.30490 => 62.7892154295
SERVER|-0.00000|-0.76134|-0.11017|-0.02809|0.23566|-0.23497|-0.87617|0.63462 => -250.267346451
HOST|-0.00006|0.06896|0.12083|-0.06052|0.04037|0.03072|0.71474|-0.36495 => 157.683285999
HOST|-0.00017|-0.21569|0.16851|0.01398|-0.02160|-0.32492|-0.61996|-1.12151 => -220.826567787
HOST|-0.00007|0.34097|-0.19728|0.15420|0.12145|-0.28721|0.74224|0.16930 => 234.937129809
HOST|0.00011|-0.11223|0.00831|0.03369|-0.28792|-0.70091|1.00846|-0.84354 => 117.152970806
SERVER|-0.00007|-0.14655|0.00303|0.02066|-0.14886|0.03193|0.31332|-0.14881 => -51.750156588
SERVER|0.00026|-0.14421|-0.01588|0.01540|-0.19536|0.04426|0.01577|-0.25673 => -82.6114608723
HOST|-0.00006|0.01889|0.04891|0.02308|0.05446|-0.20686|-0.34425|-0.06956 => -78.577515632
SERVER|0.00013|0.14021|0.08113|-0.12172|0.37521|-0.00642|0.27042|-1.13722 => 216.720003977
SERVER|0.00015|-0.12938|0.12360|0.04039|-0.13406|0.35973|-0.35791|-0.04501 => -145.335941247
SERVER|-0.00021|-0.34999|0.00724|0.01934|0.11221|0.43762|-0.16198|-0.57112 => -137.276440909
HOST|-0.00004|-0.12907|-0.15338|0.12528|-0.04100|-0.14087|0.22230|-0.18984 => -1.421718208
HOST|0.00006|0.23042|-0.08509|-0.05520|-0.23368|-0.49876|-0.01851|0.89129 => -51.7220950724
HOST|0.00008|0.25426|-0.02940|-0.05103|-0.10392|0.35764|0.23665|-0.39526 => 72.3363086738
SERVER|0.00018|0.25663|0.01101|-0.10248|0.03496|0.37400|-0.21104|0.51858 => 7.13990658014
SERVER|0.00018|0.27594|0.08211|-0.02144|-0.04115|0.01317|-0.21317|-0.52371 => -28.2279185996
HOST|-0.00009|-0.37778|0.15371|0.02873|-0.13704|-0.65799|-1.13495|0.82579 => -389.038577509
HOST|0.00008|0.03944|-0.07344|0.12011|0.28961|-0.17221|0.54281|-1.23027 => 239.591678494
SERVER|0.00003|0.32828|-0.04555|-0.06728|-0.09422|-0.03937|0.28472|0.55659 => 47.5666513416
SERVER|-0.00005|-0.14495|-0.03036|-0.01917|-0.35880|-0.29509|0.39798|-0.08642 => -93.9077327703
HOST|-0.00007|-0.14874|0.02689|0.03531|-0.19231|0.52164|-0.15816|0.37568 => -152.249358511
HOST|0.00001|0.36044|-0.05610|0.07275|-0.12385|-0.14017|-0.37776|-0.42854 => -83.7798629465
HOST|0.00019|0.12202|0.04570|-0.06590|-0.05444|0.06135|-0.12466|0.98141 => -20.7375215776
HOST|0.00001|0.45702|0.13081|0.13117|0.02015|0.00013|-0.83120|-0.17649 => -127.292807735
HOST|-0.00017|0.08446|0.19481|0.12772|0.19655|-0.29048|-0.10815|0.37675 => 35.3051006756
SERVER|0.00015|0.36629|0.02273|0.15413|-0.32262|0.21880|0.62369|-0.22128 => 75.7330023014
HOST|-0.00006|-0.42818|-0.06786|-0.02483|-0.03224|0.51503|-0.31144|-0.09499 => -165.921628531
HOST|0.00013|-0.48192|0.03200|-0.09933|-0.21547|-0.12070|0.08082|-0.29715 => -106.857829891
SERVER|0.00013|-0.04599|0.10471|-0.04149|0.15456|0.87418|0.22325|0.18108 => 103.754943249
HOST|-0.00005|-0.05064|0.18426|-0.02598|0.41397|-0.15640|0.01920|-1.18440 => 119.240311626
SERVER|-0.00004|0.65003|0.17661|0.02142|0.31114|-0.15574|-0.25457|-0.55100 => 112.709023009
HOST|-0.00000|0.34806|-0.10932|0.08947|-0.20238|0.51559|-0.01757|0.38469 => -38.8959813602
HOST|-0.00011|-0.55828|-0.15461|0.04550|-0.19008|0.03096|-0.44018|1.82093 => -276.664068784
SERVER|-0.00004|-0.04432|0.29673|0.06524|-0.12285|-0.06812|0.89441|0.35886 => 131.299495976
SERVER|0.00010|-0.53034|-0.02314|0.00855|-0.04225|0.06431|0.37639|-0.10931 => -24.6003633566
SERVER|0.00014|0.30598|0.13279|0.12254|-0.09319|0.29116|-0.54906|0.13981 => -123.748588064
HOST|0.00003|0.27035|-0.02677|-0.03798|0.03722|0.08637|0.64185|-0.03970 => 183.96522905
SERVER|0.00010|0.06516|0.17826|0.04456|-0.00593|-0.28240|-0.61691|-0.73572 => -146.412640109
SERVER|0.00010|0.20958|0.00006|0.15297|0.37110|-0.59952|-0.84646|0.30157 => -44.4465905834
SERVER|0.00008|-0.05801|0.01869|-0.00788|0.07227|0.33195|-0.45333|0.37695 => -98.1205225905
SERVER|-0.00014|-0.45133|-0.01217|-0.00445|0.21826|0.11865|-0.39521|0.21499 => -122.534959459
HOST|-0.00008|-0.32429|0.16703|-0.00402|0.24459|-0.03201|-0.13322|0.63937 => -24.6117737732
SERVER|-0.00000|0.09246|0.00077|0.01008|-0.11290|-0.32883|0.23358|0.50889 => 4.21404068826
SERVER|0.00008|0.42245|-0.03315|0.10529|-0.06678|0.02330|0.24886|1.11587 => 76.0767065141
HOST|0.00010|0.01684|-0.07625|0.00748|0.24034|0.41083|-0.02890|0.86715 => 75.8485094716
SERVER|-0.00017|0.27240|-0.09563|0.03734|-0.02079|-0.25264|-0.05349|-0.49188 => -32.9601151557
SERVER|0.00002|0.02036|-0.02169|0.00317|0.32295|-0.30608|-0.31961|-1.16434 => 19.9619162157
HOST|-0.00005|0.24459|0.12722|-0.01864|0.07630|0.68907|-0.30551|0.31818 => -29.9764450395
SERVER|0.00002|0.63118|-0.06774|-0.01294|-0.09510|0.17916|0.13393|0.08782 => 26.4475664352
SERVER|-0.00007|0.10241|-0.15972|-0.11309|0.00562|0.09740|0.23690|0.61101 => 30.7396524124
SERVER|-0.00001|-0.34075|0.19676|-0.05699|-0.16033|0.24439|-0.21730|-0.21927 => -192.902691912
SERVER|0.00005|-0.63043|0.05885|-0.03501|0.08060|-0.30127|-0.07117|-0.28510 => -104.253017791
HOST|0.00018|-0.75993|0.05574|-0.10959|0.30894|-0.04282|-0.86247|-0.03795 => -176.453251573
SERVER|-0.00004|-0.46335|-0.07927|-0.02579|-0.36297|-0.16088|0.37925|0.12620 => -155.989718241
SERVER|0.00003|0.30370|0.11925|0.02758|-0.42186|-0.34365|0.19111|0.07867 => -83.4988122166
HOST|-0.00009|-0.29444|-0.06505|-0.06547|0.13768|-0.39385|0.11793|-0.31324 => 20.8968661036
HOST|-0.00012|-0.15079|0.00353|0.05762|0.08932|-0.33447|0.49088|0.19160 => 96.5990729157
HOST|-0.00000|-0.18322|0.05269|-0.05283|0.17994|0.12061|-0.41811|0.30110 => -68.0868481276
SERVER|-0.00005|0.26294|-0.05752|-0.13474|0.08793|0.01873|1.49637|0.41402 => 370.969206899
SERVER|0.00019|0.35892|-0.18711|0.11567|0.24830|0.98049|-0.20874|0.26649 => 106.45998597
HOST|-0.00002|0.11236|-0.10440|0.05240|-0.10777|0.01812|0.28894|-0.19546 => 16.7378089756
HOST|0.00001|-0.30345|-0.03770|0.05417|0.14572|0.24091|-0.27137|-0.06313 => -66.4959895346
SERVER|0.00030|-0.13419|-0.08586|0.04342|0.03465|0.74866|0.12611|0.18845 => 32.7481532407
HOST|0.00011|0.21585|-0.11028|0.14787|-0.39758|0.04664|0.26410|0.42191 => -39.579832349
SERVER|0.00002|0.36280|0.08697|-0.20224|0.02867|-0.04162|-0.07052|-0.44175 => 7.22576511803
SERVER|-0.00007|0.49205|0.11540|0.01550|0.14131|-0.05960|0.07654|0.34213 => 89.7366261481
HOST|0.00017|0.09389|-0.01006|0.03188|-0.07453|-0.21680|0.31263|0.18779 => 74.4064478598
HOST|-0.00016|0.43345|-0.14588|0.03711|0.01493|0.40272|0.33748|0.01908 => 98.004396869
HOST|0.00011|0.33557|-0.03295|0.00134|-0.22203|-0.53224|0.01919|0.02695 => -12.3810333111
SERVER|-0.00008|-0.05800|0.25723|0.08983|0.24647|0.01613|0.10103|-0.02446 => 64.8670894967
SERVER|-0.00000|0.12242|0.04632|-0.12892|0.22677|0.25088|-0.10370|0.29491 => 47.7157984197
HOST|0.00008|-0.52772|-0.05417|-0.01074|-0.02890|0.17859|-0.41809|-1.02644 => -183.39299985
HOST|0.00005|0.15636|0.29646|0.06654|-0.11345|-0.02914|0.45500|-0.37128 => 80.2908677147
SERVER|0.00003|-0.26535|0.20716|-0.00244|-0.18929|0.51127|0.01842|-0.47253 => -116.794516384
SERVER|0.00007|-0.07746|0.02540|-0.11082|0.00421|-0.29404|0.12962|0.20115 => -11.9556930366
HOST|-0.00010|0.03488|-0.09450|0.01857|0.07225|0.18224|0.47205|-0.87581 => 103.04549433
HOST|-0.00008|0.36314|0.06666|0.19788|-0.47640|0.29595|0.10418|-0.22017 => -126.688393248
SERVER|0.00019|0.28182|0.05096|0.14007|0.23546|-0.20715|0.41949|0.61683 => 222.778037123
SERVER|-0.00006|-0.13754|-0.01376|-0.15291|-0.23549|0.13480|0.25740|-0.46924 => -84.9799153267
SERVER|-0.00005|-0.33873|0.13319|-0.06723|0.08463|0.21415|0.20127|0.31622 => -8.10620724659
HOST|0.00005|-0.14253|0.14937|-0.01462|0.16420|-0.54842|-0.77093|-0.69618 => -134.973027296
HOST|0.00013|0.31703|0.22616|-0.11910|-0.16898|-0.25561|-0.12749|0.75097 => -28.4220434494
SERVER|-0.00006|-0.12700|0.39303|0.08309|-0.20337|0.54051|-0.24780|-0.62887 => -179.753761201
HOST|0.00016|-0.03965|-0.27575|0.10658|0.39042|-0.23556|0.16041|0.17851 => 184.207450458
SERVER|0.00000|0.01914|-0.31930|0.12938|0.11245|0.04511|-0.50435|0.22487 => -96.3071775582
SERVER|-0.00009|0.79778|0.00676|-0.03102|0.25760|0.35150|0.08441|-0.33582 => 188.168691897
SERVER|-0.00003|-0.37801|-0.28057|0.18441|-0.18445|-0.03513|0.01996|-0.65203 => -142.760375478
HOST|0.00001|0.16872|-0.01133|-0.06372|0.08283|0.25362|-0.02611|-0.06755 => 37.2066685846
SERVER|0.00024|-0.31283|0.05366|0.13998|0.24223|-0.71215|0.01837|0.86881 => 55.540123767
HOST|0.00004|-0.17274|0.00464|0.03395|-0.42544|0.23641|-0.47592|-0.16874 => -297.955911473
HOST|0.00026|0.16966|0.13158|-0.15736|-0.17195|-0.89484|0.35091|-0.26960 => 76.1763742193
SERVER|0.00011|-0.19943|-0.08294|0.09006|-0.05258|-0.35397|-0.41864|-0.24776 => -148.913561284
HOST|0.00010|-0.05416|0.06806|0.03442|0.04888|0.22322|-0.27526|-0.13240 => -44.011335582
HOST|-0.00006|0.07007|-0.18109|0.06291|-0.26276|-0.20369|0.51506|0.39696 => 5.3808684059
SERVER|-0.00003|-0.36606|-0.03385|0.05491|0.06242|0.75544|0.36457|-0.46357 => 32.053847615
SERVER|0.00007|0.11143|0.06520|-0.03802|-0.25989|-0.13500|0.44745|0.05872 => 13.460473519
SERVER|0.00001|0.21155|0.01978|0.00035|0.06884|-0.09320|0.44867|0.63840 => 118.360911943
SERVER|-0.00008|0.23873|0.15356|0.06941|0.03722|0.39366|-0.32752|0.26857 => -72.8805376602
SERVER|0.00008|-0.03955|-0.31972|-0.00866|-0.08703|0.18218|-0.61642|0.08425 => -204.865403761
SERVER|0.00006|0.22239|-0.14311|-0.07784|-0.25988|-0.32214|0.12125|0.65698 => -46.2934013426
HOST|0.00006|-0.65301|-0.25892|-0.02380|0.04091|0.23391|-0.13558|-0.19449 => -126.80436968
SERVER|0.00003|0.31164|0.36953|-0.00176|-0.20018|0.35433|0.25383|0.61544 => 10.7224508094
SERVER|-0.00004|-0.13744|-0.14638|0.22890|0.05527|-0.55797|0.44559|0.88311 => 51.9580886893
HOST|-0.00019|-0.26000|0.16481|0.15753|0.20016|0.01941|0.25353|-0.04183 => 45.3221764368
SERVER|0.00027|0.12125|0.10120|0.05607|0.00790|-0.32277|0.08819|0.21139 => 65.1225422801
SERVER|-0.00018|0.24381|0.19738|0.19294|0.06849|0.53074|-0.70586|-0.42088 => -179.379696628
HOST|-0.00009|-0.12904|-0.02258|0.07964|-0.09936|-0.46855|-0.05817|0.83867 => -87.6244655665
HOST|0.00008|0.12694|0.12745|-0.03432|0.00728|0.08838|0.45773|0.21915 => 134.228344093
SERVER|0.00013|0.10581|-0.05607|0.02144|0.01019|-0.29598|0.08951|-0.14462 => 31.9086064778
HOST|0.00006|0.11971|-0.12721|-0.14899|-0.35912|0.62045|0.33141|0.30173 => -26.1798450257
SERVER|-0.00003|-0.23933|-0.00334|0.04420|-0.21647|-0.33149|-0.28133|-0.44045 => -212.658995261
SERVER|0.00006|0.11996|-0.05389|-0.07911|-0.22551|0.28250|-0.25538|0.06669 => -148.838234483
HOST|0.00003|-0.42592|-0.15509|-0.00167|-0.05414|-0.10356|0.09384|-0.14828 => -56.4926913084
SERVER|-0.00006|0.23365|-0.15500|-0.03727|0.20178|0.32594|-0.39990|-0.03931 => -28.3993210929
SERVER|0.00007|0.14708|-0.06482|-0.05159|-0.21057|-0.66090|-0.08702|0.26092 => -89.3011198621
SERVER|-0.00008|0.19245|0.22909|0.08170|0.15180|0.10113|-0.07162|0.57308 => 27.5182030778
SERVER|-0.00005|0.06111|-0.14854|-0.00163|-0.30882|0.07324|-0.29421|0.04179 => -197.188796202
HOST|0.00005|0.23835|0.16785|0.06783|0.22351|-0.19107|0.20076|1.11867 => 161.301000224
SERVER|0.00005|-0.03089|-0.24282|-0.11358|0.00016|-0.17543|0.72583|-0.07879 => 125.583499149
HOST|-0.00013|0.01933|-0.08595|0.00514|-0.13702|0.02583|0.16957|-0.51367 => -40.1097749843
HOST|0.00004|-0.19793|-0.23452|0.07424|0.06607|0.31274|0.16993|0.04473 => 62.4707406547
HOST|0.00013|-0.25482|0.00192|0.03199|0.17277|0.17166|0.09629|-0.04633 => 58.4484769555
SERVER|0.00002|-0.19011|0.22383|0.07401|0.35470|0.26522|0.13438|0.18823 => 93.1906670765
SERVER|0.00020|-0.08043|-0.04985|-0.08280|0.26481|0.26520|-0.58858|-0.01555 => -48.7469850608
HOST|-0.00002|-0.08429|0.22304|-0.06008|0.45501|-0.18666|0.47763|0.46730 => 256.553153798
HOST|0.00006|0.20796|0.07506|0.05046|-0.27356|-0.28100|0.24937|-0.13813 => 15.373694705
SERVER|-0.00002|-0.38105|-0.24728|0.02402|-0.01862|-0.05119|-0.38654|0.95847 => -174.747942735
HOST|-0.00005|-0.02879|-0.17408|0.04010|0.02296|0.48251|0.12763|0.59021 => 13.9374267642
HOST|-0.00019|0.15330|0.18901|0.07852|0.23095|0.04982|-0.22778|-0.18427 => -4.2015120814
HOST|0.00010|-0.39173|0.10160|-0.06581|-0.15089|-0.20600|-0.47231|0.20401 => -199.046858659
SERVER|-0.00011|0.28652|-0.02871|0.05848|-0.07581|0.48302|-0.15414|1.27244 => -71.1994442478
SERVER|0.00006|-0.19830|-0.13604|-0.05750|-0.35973|0.00360|0.44347|0.52183 => -68.0193855768
HOST|-0.00008|-0.05171|-0.15067|-0.08621|0.16546|-0.03354|-0.87481|0.48636 => -175.937646451
HOST|-0.00004|0.31466|-0.09260|0.00273|0.03521|-0.02143|-0.01080|0.21303 => 41.5192609336
HOST|0.00015|-0.05745|0.02999|0.00491|-0.16831|-0.03242|0.02278|-0.10412 => -60.5406713779
HOST|0.00000|-0.09336|-0.16577|-0.28032|-0.03489|0.02808|0.16186|-0.30844 => 16.6889080498
SERVER|0.00013|-0.03872|0.17654|-0.00977|0.08791|0.03162|0.25668|-0.68878 => 78.2600472217
SERVER|0.00020|-0.04478|-0.05487|0.00362|0.04971|-0.56515|0.13244|-0.74134 => 45.9259809647
HOST|0.00002|-0.24077|-0.00947|-0.01691|-0.01264|0.79120|0.05981|0.62821 => -39.2963157476
HOST|-0.00025|0.01677|0.27806|-0.05864|-0.23307|0.48303|-0.22786|0.33248 => -197.586921585
SERVER|-0.00003|0.20206|-0.04554|0.01329|0.04907|-0.13357|-0.37342|0.03908 => -67.7201583861
SERVER|-0.00015|0.22150|-0.04519|-0.01603|0.03970|-0.07493|0.22300|0.83652 => 54.6631033368
SERVER|0.00023|0.15093|-0.12458|-0.14724|0.37181|0.22143|0.59470|-0.14059 => 304.061144601
SERVER|-0.00015|0.69149|-0.13971|0.10799|-0.28369|-0.59048|0.00039|-1.26011 => -49.6736248858
SERVER|-0.00014|0.34759|-0.21043|0.02614|0.19455|0.04265|-0.57482|-0.03810 => -72.7619907392
HOST|-0.00012|-0.14354|-0.05885|-0.08995|-0.04320|0.04737|-0.11606|-0.82018 => -92.3822260528
SERVER|-0.00006|0.40068|-0.01761|-0.04444|-0.06204|-0.16349|-0.24383|0.35823 => -72.3813454445
SERVER|0.00015|-0.25396|0.04204|0.00819|-0.13715|-0.48378|-0.12620|0.63828 => -116.279358033
HOST|0.00008|0.65694|0.14856|-0.09190|0.01634|0.20836|-0.21604|1.15184 => 47.2783172288
SERVER|0.00009|0.20227|-0.13604|-0.02726|0.31813|0.02504|-0.22602|0.71264 => 80.5152862841
HOST|0.00002|0.27195|0.15619|0.07912|-0.19569|-0.16663|-0.22998|0.50333 => -98.9859789111
SERVER|-0.00012|-0.53484|0.21691|0.19145|0.10478|-0.13662|0.29693|-1.11059 => -15.8229397069
HOST|-0.00001|0.06147|0.06887|0.02378|-0.11810|0.01714|-0.70324|0.44843 => -203.308087762
SERVER|0.00017|0.15388|-0.04962|-0.05773|0.00736|-0.08838|0.28295|0.69476 => 93.747151786
HOST|0.00003|-0.59341|-0.12928|0.02496|-0.02213|-0.20079|-0.28648|-0.47930 => -166.115398395
HOST|0.00008|-0.27104|0.07464|0.10049|-0.04750|0.01952|-0.32548|1.36605 => -120.962647941
SERVER|0.00009|0.26128|0.22555|0.00175|0.14795|0.23725|0.38758|0.83656 => 175.496729273
HOST|0.00002|0.20497|-0.20656|0.13494|-0.05469|0.91710|0.37824|0.08335 => 91.0544327243
SERVER|0.00020|0.21466|-0.04141|0.11087|-0.03349|0.08367|-0.16621|-0.97369 => -9.75349472983
HOST|0.00002|0.18258|-0.00410|0.08788|0.06421|-0.29868|0.21462|-0.44495 => 78.3013571083
HOST|-0.00004|0.03432|-0.05945|-0.08348|-0.26533|0.05476|-0.03289|0.20832 => -120.458045392
HOST|-0.00003|-0.17414|0.15193|0.02151|-0.02087|-0.06455|0.07687|-0.45095 => -26.9899828028
HOST|0.00014|-0.43169|-0.11563|0.16660|0.23614|-0.10759|0.46717|0.86283 => 168.766174635
HOST|0.00011|0.10396|0.11263|-0.10366|-0.09174|0.42073|-1.25727|-0.08759 => -284.833271292
SERVER|0.00001|0.07753|-0.15500|0.06083|-0.32427|-0.04384|-0.78263|-0.66001 => -303.764408492
HOST|0.00012|-0.00454|-0.03406|-0.09237|-0.03977|0.09880|0.11431|0.33503 => 13.0325387664
SERVER|-0.00011|0.38360|-0.18889|0.00480|-0.10097|-0.14665|0.01762|-0.88178 => -35.5975393827
HOST|0.00028|0.37327|-0.22058|0.18832|0.00985|-0.23437|-0.10156|-0.65978 => 72.4275404211
HOST|0.00009|-0.07250|0.27248|0.07809|0.33630|0.19631|-0.32472|-0.13969 => 62.0341729743
HOST|0.00012|-0.03212|-0.12640|-0.04827|-0.43066|0.30212|-0.49182|0.42589 => -262.801455594
SERVER|-0.00010|0.00687|-0.00199|-0.02736|0.12657|0.08952|-0.04126|1.10716 => -17.4053537525
SERVER|-0.00021|-0.17061|-0.00138|-0.06335|-0.18579|0.39763|-0.11314|-0.16202 => -174.811657091
SERVER|0.00011|0.55479|-0.03213|-0.15728|0.11350|0.56795|0.01272|1.07554 => 123.605771087
SERVER|-0.00008|0.24254|0.07753|-0.02247|-0.24410|0.44624|-0.04022|-0.72434 => -98.0058129597
SERVER|0.00003|-0.07791|-0.01341|-0.09344|-0.25080|0.51137|-0.51206|1.04946 => -240.962197749
HOST|0.00018|-0.45619|-0.07183|-0.01730|-0.03518|-0.22393|0.95311|-0.30760 => 159.013697969
HOST|0.00003|0.38289|0.13912|-0.00097|-0.00324|0.08655|-0.11288|-0.16957 => 26.3520230861
SERVER|-0.00015|-0.05303|0.09170|-0.07028|-0.23714|-0.35140|0.39768|-0.13960 => -61.3702941604
HOST|-0.00006|0.03555|0.01577|-0.01056|0.24637|0.31499|-0.10485|0.12287 => 57.7792434163
SERVER|-0.00002|0.39811|0.25633|-0.05094|0.16809|-0.08450|0.49573|-1.63307 => 195.952677306
SERVER|-0.00009|-0.60777|0.02091|-0.05987|-0.16117|0.28097|-0.34443|0.66335 => -261.792390799
HOST|0.00003|-0.03087|0.26284|0.11216|-0.00454|-0.20915|-0.71754|-0.00416 => -167.003152234
SERVER|0.00008|0.11220|-0.12237|0.05813|-0.43611|-0.29252|-0.58540|0.22240 => -297.474005788
SERVER|-0.00005|0.32526|-0.10180|-0.11706|0.12037|0.52398|-0.24369|-0.34456 => -11.1959471935
HOST|-0.00015|0.28773|-0.01794|-0.05620|0.27781|-0.30889|0.19805|0.60634 => 149.235183422
HOST|-0.00000|-0.39328|-0.18350|0.10704|0.09047|-0.66213|0.10376|0.61172 => 1.36442375323
SERVER|-0.00013|-0.51470|0.05528|-0.02023|0.16936|-0.03556|-0.14894|-0.63694 => -99.7317587719
HOST|0.00021|0.10588|0.10943|0.00737|-0.16230|0.48691|0.05922|-0.00834 => 13.5572871026
SERVER|-0.00012|-0.55268|-0.01081|0.25268|0.17104|-0.34374|0.00703|-0.14919 => -67.2473184549
SERVER|-0.00020|0.10089|-0.02446|-0.02883|-0.11766|0.05775|0.52206|-0.34898 => 32.8036511768
SERVER|-0.00008|0.01321|-0.28720|0.09697|0.26353|0.57300|0.08439|0.51594 => 81.4683217008
HOST|-0.00015|-0.10086|0.20563|0.00198|0.03238|-0.24820|-0.27298|0.73335 => -109.490847649
SERVER|0.00001|-0.53486|0.03703|-0.17476|-0.19168|-0.05436|-0.03461|0.31679 => -177.52397683
HOST|-0.00010|0.16632|0.02750|0.12973|-0.02567|0.37336|0.26020|0.80678 => 39.2635817597
SERVER|-0.00006|-0.13401|0.01924|-0.10204|0.32573|-0.02906|-0.39147|-0.10155 => -30.5120003092
HOST|-0.00018|0.12345|0.14801|0.04506|-0.22039|0.16840|0.68054|0.15235 => 49.4509739796
HOST|0.00002|-0.25782|-0.01278|0.15983|-0.01605|-0.37709|-0.10802|-0.43690 => -72.9080124552
HOST|0.00007|0.10431|0.26936|0.01137|0.08720|-0.15130|-0.10172|-0.63178 => 13.08969386
SERVER|-0.00002|0.14468|-0.21556|-0.01378|0.19749|-0.21127|0.22214|-0.39231 => 105.819357241
HOST|-0.00002|0.24896|0.18211|0.05823|-0.18855|-0.17612|0.35345|-0.71662 => 25.5702870578
HOST|-0.00013|0.46286|0.24247|0.01783|-0.04151|0.16059|-0.00926|-0.24625 => 25.4430726672
SERVER|0.00007|0.27982|0.19952|-0.02104|0.01629|-0.41068|-0.08077|-0.43086 => 14.4180217109
HOST|-0.00026|-0.06208|-0.04177|-0.09958|-0.09472|0.14620|-0.91201|1.02169 => -304.795594245
SERVER|0.00001|0.51234|-0.06618|-0.05915|0.05785|-0.55066|-0.51548|0.05092 => -46.4814924517
HOST|-0.00006|0.19746|0.07070|0.04093|0.22140|-0.25027|-0.54081|0.41287 => -40.6871756021
HOST|0.00001|-0.02995|0.26322|0.10688|0.20846|-0.28627|0.35679|0.74590 => 138.351327214
HOST|0.00013|-0.39976|-0.02986|-0.05859|0.22739|0.12566|-0.84060|0.27025 => -155.032791912
SERVER|-0.00001|-0.19221|0.14500|0.08531|0.21238|0.41685|0.14767|0.25955 => 48.6321220872
SERVER|-0.00011|-0.03497|-0.04486|-0.03489|0.01989|-0.08612|0.34712|-0.48566 => 37.9539977761
SERVER|0.00001|-0.14166|-0.17770|0.18250|0.08561|0.09637|0.33518|0.02193 => 49.3417458775
HOST|0.00013|-0.22274|0.07509|-0.05954|-0.28410|0.09359|0.08196|0.44809 => -101.853595895
SERVER|0.00003|-0.21436|0.29715|0.03987|0.20345|-0.47459|-0.00750|0.48939 => 24.1875084047
SERVER|0.00004|0.20887|0.07187|0.13425|-0.00016|-0.18528|-0.17541|-0.49977 => -27.0162749472
SERVER|0.00013|0.30331|-0.25360|-0.14783|-0.14547|-0.17472|-0.52314|-0.87859 => -128.690937409
SERVER|0.00032|0.36704|-0.03487|0.06979|0.24455|-0.12621|0.90602|-0.57065 => 359.090799446
HOST|-0.00009|-0.11566|0.23438|0.07968|-0.06291|-0.12733|-1.09286|-0.49432 => -314.700464048
SERVER|0.00003|-0.09692|-0.03586|0.02040|-0.23354|-0.04346|-0.45009|-0.28258 => -222.969323857
HOST|0.00012|0.21007|-0.18563|0.04065|0.15960|0.02589|-0.40643|0.52716 => 10.4473452327
SERVER|0.00009|-0.54977|0.01713|-0.00090|-0.08403|0.86214|0.57999|0.13735 => 15.0201964069
SERVER|-0.00015|0.12405|-0.07454|-0.05063|0.17837|0.31310|0.12927|-0.47992 => 60.202759108
HOST|-0.00003|-0.19968|0.18720|-0.09006|0.08196|-0.34353|-0.77035|0.75597 => -209.706167703
HOST|-0.00009|0.17708|-0.09079|-0.15217|0.23315|-0.27807|-0.26518|-0.23065 => 29.1316375972
SERVER|0.00003|-0.05911|0.30740|-0.14456|0.25597|0.01408|-0.21191|0.23889 => 16.7991047178
SERVER|-0.00010|0.19492|-0.17625|-0.01931|0.00938|0.09511|-0.17410|-0.02274 => -60.9733632813
HOST|-0.00007|-0.20484|-0.02931|-0.33045|-0.03333|0.20027|-0.43723|0.01107 => -159.581021908
SERVER|-0.00002|0.08777|-0.08007|-0.09587|0.02562|0.21464|-0.71480|-0.80144 => -166.849957918
SERVER|0.00008|0.30430|-0.03208|0.06542|-0.17546|-0.19206|0.20395|-0.39518 => 21.2640846908
SERVER|-0.00011|0.08231|-0.30221|0.09663|-0.13354|0.56790|-0.85997|0.92467 => -290.321969405
