HOST|0.00012|-0.08047|0.23622|0.00841|0.09698|-0.35206|0.00915|-0.14965 => 37.5697718456
SERVER|0.00022|0.54701|-0.07259|0.03901|0.27061|-0.19133|-0.19643|-0.11133 => 138.783827074
HOST|-0.00015|-0.16629|0.05822|0.09369|0.15982|0.12239|0.40091|-0.71287 => 100.109810397
SERVER|0.00007|-0.02448|-0.14624|0.01708|-0.20612|-0.12388|-0.55688|-0.09690 => -215.300814356
HOST|-0.00003|0.12685|0.03885|0.13734|0.07028|0.14836|0.10407|-0.36087 => 42.347794646
HOST|0.00006|-0.18913|0.01156|-0.17306|-0.11685|-0.29415|0.06038|-0.07181 => -33.1562832169
SERVER|-0.00004|-0.23320|-0.15853|0.05220|0.12724|0.14158|0.43743|-0.21396 => 76.4386297611
SERVER|-0.00004|0.20080|-0.12427|0.16197|-0.01519|-0.04954|-0.01395|0.09438 => -15.532762798
HOST|0.00008|0.06718|-0.06112|0.10875|-0.14967|-0.53535|1.20273|0.34655 => 233.347026769
HOST|-0.00018|-0.21757|0.15515|0.10559|0.17592|0.00402|-0.00933|0.21708 => -7.25479074681
SERVER|-0.00004|-0.37313|-0.17450|0.02236|0.24345|-0.40810|0.37187|0.00657 => 91.0707683475
SERVER|0.00011|-0.50835|0.26035|-0.04895|-0.03431|-0.26833|0.48579|0.49868 => 18.7263483427
HOST|0.00007|-0.13065|0.05477|-0.07194|-0.12120|-0.37372|-0.17388|0.13090 => -109.408177678
HOST|0.00003|0.17201|0.04101|-0.04641|0.04481|0.75926|0.39841|-0.02539 => 122.420543862
HOST|-0.00005|-0.01407|0.00796|0.09259|-0.04329|0.03726|-0.40457|0.60744 => -129.479267168
HOST|0.00007|0.31881|-0.13951|-0.09486|0.13744|-0.09618|0.46962|-0.35854 => 202.747574818
SERVER|-0.00002|0.26245|-0.01107|-0.04401|0.07176|0.24010|0.45385|-0.11396 => 139.719183171
HOST|0.00013|0.24756|0.09823|-0.13074|-0.08962|0.40502|-0.25654|-0.43104 => -24.8677366471
HOST|-0.00002|-0.51090|-0.01226|-0.19722|0.16721|0.36923|-0.02306|-0.05293 => -25.0371866845
HOST|0.00006|-0.12400|-0.10698|-0.04208|-0.05794|-0.08938|0.46939|-0.29722 => 66.420141555
HOST|-0.00004|0.51478|-0.05085|0.09589|0.37139|-0.12214|0.16336|0.17296 => 234.290755456
SERVER|-0.00005|0.25007|-0.05009|-0.15116|0.38464|-0.11114|0.00666|-0.02143 => 143.557246788
HOST|0.00006|0.14390|-0.09172|0.08334|0.19844|0.41214|0.16550|0.27377 => 134.669346349
HOST|-0.00000|0.43759|0.00884|0.05150|-0.06028|0.56650|0.63933|-0.17498 => 180.15088275
SERVER|0.00012|-0.40633|0.03061|0.13029|-0.03201|0.30428|0.38767|-0.31228 => 8.542055814
SERVER|-0.00000|-0.20580|0.04146|0.02365|-0.08700|0.02728|0.29428|0.51529 => -20.0175760143
SERVER|-0.00020|-0.01433|-0.09978|0.00082|0.07733|0.43041|0.23942|0.30563 => 14.6845331074
HOST|0.00018|0.51130|-0.11027|-0.04013|0.16160|-0.18061|-0.17437|-0.24275 => 99.3287778654
HOST|0.00009|0.09873|0.29089|-0.01804|0.06706|-0.52310|0.39577|0.61170 => 130.271206309
SERVER|0.00005|0.01097|-0.02159|0.02654|-0.15861|-0.76531|-0.62367|-0.67844 => -214.019828945
HOST|0.00009|0.08332|0.10942|0.03898|-0.24282|-0.03528|0.18871|-0.52536 => -34.1417151172
HOST|-0.00005|0.19333|-0.01854|-0.06359|0.25638|0.13331|0.00239|0.07459 => 99.0163820015
HOST|-0.00002|0.29061|0.38489|-0.13049|0.07185|-0.74912|-0.05529|-0.63567 => 43.4139485612
HOST|0.00004|0.14422|0.13072|-0.07889|0.20727|0.03794|-0.40744|0.36140 => 14.7499778892
SERVER|0.00005|-0.02366|-0.06275|0.02861|0.41903|0.22457|-0.54465|0.33348 => -11.5762023538
SERVER|-0.00015|0.20647|-0.16880|0.00059|0.08451|0.23692|0.71781|-0.20538 => 185.120315416
HOST|-0.00011|-0.24594|-0.04215|-0.02562|0.08534|-0.09985|0.04054|0.33943 => -33.2460334637
SERVER|0.00012|0.16131|0.04634|0.07902|0.05802|-0.14793|0.18018|-0.61341 => 82.4133780335
HOST|0.00015|0.37297|-0.08652|-0.06925|0.02443|-0.21457|-0.61847|-0.03981 => -69.7145021299
SERVER|-0.00007|-0.43651|0.16983|0.01473|0.01148|-0.19505|-0.58295|0.68431 => -233.889245546
HOST|0.00014|-0.17323|0.19428|0.03679|0.27036|0.27741|-0.02334|-0.55864 => 77.9141670614
SERVER|-0.00012|0.13637|-0.07530|-0.03381|-0.17099|-0.29534|0.14986|0.22138 => -64.1015459137
HOST|0.00002|0.09460|-0.09651|0.06716|0.17146|-0.11085|-0.48262|-0.77211 => -41.0134512575
SERVER|0.00009|-0.08014|-0.01733|-0.14519|-0.24780|-0.61184|0.25367|-0.44702 => -67.0563217074
SERVER|0.00018|0.09354|0.13089|-0.18565|-0.20993|0.27611|0.57283|-0.07260 => 69.2783007217
SERVER|-0.00010|-0.20418|-0.01410|0.04235|-0.24718|-0.03008|-0.12109|0.51737 => -187.014940778
SERVER|0.00009|0.20008|-0.40291|0.06356|-0.24916|-0.15055|-0.37774|0.69058 => -170.608655523
SERVER|-0.00005|0.41124|0.14558|-0.11071|-0.36550|0.42616|0.13391|0.74552 => -85.3874472414
HOST|-0.00032|-0.02239|0.00375|0.02815|0.03168|-0.24738|0.36376|-0.20579 => 22.1294701711
HOST|-0.00026|-0.18795|-0.00463|-0.03981|-0.31780|-0.69338|-0.54063|0.09767 => -323.339808922
HOST|0.00002|0.09301|0.01219|-0.00331|-0.16674|-0.24495|-0.24167|-0.03060 => -111.853906026
SERVER|-0.00005|0.11277|0.05807|-0.02093|-0.04722|0.69605|0.04833|0.20110 => -26.78377462
HOST|-0.00026|0.35246|0.10118|0.01357|-0.01725|0.00767|0.19086|0.41932 => 25.0626430906
HOST|0.00007|0.29754|0.06789|0.14022|-0.12845|-0.46564|0.76748|-0.59661 => 164.522495374
HOST|-0.00013|-0.50267|-0.04636|-0.09736|0.27003|0.05061|0.32882|-0.03857 => 72.7051285794
SERVER|-0.00000|-0.09767|-0.41282|0.10893|0.02323|-0.34658|0.03276|-0.98286 => -39.0633619335
SERVER|-0.00012|0.47852|0.04742|-0.21791|0.03274|0.44939|-0.34006|0.12783 => -46.8514193733
SERVER|-0.00000|-0.87428|0.02010|0.05778|-0.02574|-0.22447|0.39131|-0.02077 => -64.60511424
SERVER|0.00006|0.24407|-0.14683|-0.00627|0.05690|-0.36688|0.11540|0.32571 => 65.6299459834
HOST|-0.00009|-0.10862|-0.26127|0.03131|0.00819|0.04885|-0.35208|0.45107 => -120.045879283
SERVER|0.00006|-0.30437|0.10416|0.05623|-0.16902|0.14330|-0.37608|-0.28343 => -210.835983227
SERVER|0.00018|-0.27485|-0.17444|0.07843|0.16511|-0.43702|0.25444|-0.23246 => 88.1970555826
SERVER|0.00009|0.04788|-0.11967|-0.03701|-0.29219|-0.06318|0.05613|0.50601 => -95.5433836404
SERVER|0.00026|0.04691|-0.31659|0.08612|0.15113|-0.10359|-0.68766|0.50865 => -69.7506745638
HOST|0.00004|0.22747|0.00162|-0.07110|0.21809|-0.67805|0.39471|0.20244 => 190.220611082
HOST|-0.00002|-0.35407|0.26588|0.02459|-0.00921|-0.43756|-0.13281|-1.05308 => -112.807239437
HOST|0.00007|0.12625|0.00970|0.19412|0.30084|0.18507|-0.16442|0.22932 => 73.179314944
HOST|-0.00000|-0.02526|0.10602|0.02835|0.27724|0.07712|-0.37099|-1.04351 => 4.61413176807
SERVER|-0.00004|-0.44299|-0.00136|0.16799|-0.29323|-0.22182|-0.00330|0.94810 => -197.42189718
HOST|-0.00001|0.58969|-0.18779|-0.11714|0.10994|-0.10166|0.55264|1.29123 => 230.524902041
HOST|-0.00025|0.14898|0.14316|0.07990|-0.10807|0.80906|-0.20055|-0.29015 => -128.514219713
HOST|0.00007|-0.20077|0.11503|-0.02320|-0.25279|0.55930|0.25434|0.36689 => -57.3639127226
SERVER|0.00004|-0.00138|0.01345|0.09161|0.09663|0.01736|0.14386|-0.46366 => 47.4181185075
HOST|0.00029|-0.21156|-0.18990|0.03914|-0.03650|0.19635|0.07391|-0.20480 => 22.2259159972
SERVER|0.00007|-0.62234|0.10886|-0.02564|0.13431|0.44758|0.20277|-0.52539 => -9.12647045883
SERVER|0.00003|0.08374|-0.09569|0.15837|-0.00724|0.14360|0.00472|-0.28798 => -16.7600484512
SERVER|0.00008|0.24739|0.10780|0.12389|-0.04779|-0.44359|0.15859|0.51815 => 53.3604239141
SERVER|-0.00011|-0.11839|-0.01498|0.14874|0.15528|-0.37102|-0.45805|-0.05571 => -119.471714187
HOST|0.00009|0.07776|-0.23760|0.04751|0.15469|0.05566|-0.34216|0.58275 => -7.6982653956
SERVER|-0.00010|-0.03080|0.06324|0.02903|0.09731|-0.45135|0.01651|-0.40964 => -1.68948583385
SERVER|0.00011|0.20821|-0.06607|-0.12532|-0.04992|-0.41497|0.25108|0.12001 => 51.2563185142
SERVER|0.00007|-0.22568|-0.06492|0.06337|-0.01216|-0.16632|0.18475|0.57884 => -15.1158201647
SERVER|-0.00005|-0.32500|0.37056|-0.19623|0.12874|-0.15043|-0.82842|-0.30065 => -215.376196502
HOST|0.00001|0.15296|0.08029|-0.00244|0.09053|0.35447|-0.15927|-0.39234 => -1.73519812039
HOST|0.00001|-0.43401|-0.00654|0.02270|0.08972|-0.10770|0.46434|-0.15466 => 60.0954304413
SERVER|0.00006|-0.07003|-0.26643|-0.00477|-0.07281|0.31564|-0.03294|0.80437 => -60.5432280974
SERVER|0.00002|0.52124|0.11188|0.06345|0.05464|0.33407|-0.06156|-0.61017 => 62.3868756284
SERVER|-0.00003|0.18218|0.00297|-0.11003|-0.15306|-0.03485|-0.31148|1.17231 => -137.5383465
SERVER|-0.00007|0.06527|-0.09990|-0.09231|-0.16200|0.00625|-0.05381|0.29829 => -98.1318768926
SERVER|0.00000|-0.36125|0.15458|0.00439|-0.05009|-0.17331|0.04123|1.06157 => -81.0217357365
SERVER|-0.00009|0.08206|-0.27489|0.12752|0.01677|0.21973|0.20967|-0.87322 => 17.1231144614
SERVER|0.00013|0.11654|-0.07443|0.01433|0.11029|-0.30393|-0.16107|-0.49818 => 16.5760557345
SERVER|-0.00001|-0.21852|-0.07867|-0.08699|-0.23374|-0.30909|-0.46315|-0.28485 => -247.715217922
SERVER|-0.00012|0.21205|0.11245|0.15057|0.07746|0.25276|0.68859|-0.61151 => 176.888180766
HOST|-0.00003|0.08927|0.18858|-0.06990|-0.13295|-0.59437|-0.12291|-0.64976 => -63.9524391264
HOST|0.00016|0.12210|0.03876|0.07942|0.18813|0.04037|0.22238|0.66309 => 151.239926354
HOST|-0.00005|0.20454|0.04294|-0.01946|-0.03696|0.52234|0.27419|0.21695 => 49.0826913208
HOST|0.00005|-0.64097|0.05439|-0.01198|-0.18701|0.89153|-0.30891|0.80473 => -238.258496756
SERVER|0.00013|-0.04947|-0.06306|0.16502|0.11863|0.21326|-0.13828|-0.45269 => 2.12057239407
HOST|0.00014|0.10720|0.11304|0.01752|0.39113|0.11835|-0.24036|0.20401 => 128.27814718
HOST|0.00003|0.09001|-0.01548|0.14677|0.44544|-0.51055|0.17880|0.09894 => 203.137283445
SERVER|-0.00013|0.02674|-0.12130|0.00267|0.08292|0.52172|0.13921|-0.19128 => 19.5841302341
HOST|-0.00004|-0.42381|0.03382|-0.04089|0.35089|0.00589|0.09470|-0.77988 => 61.4773045294
SERVER|-0.00014|0.03029|-0.18152|-0.24243|-0.25801|-0.11169|-0.05947|-0.17683 => -157.582463581
SERVER|0.00020|-0.33377|0.14726|0.00852|0.11733|-0.41060|-0.15892|1.48512 => -58.2494393596
HOST|-0.00000|0.50579|-0.07694|-0.13595|-0.36012|0.16106|0.01507|-0.63034 => -66.113629903
HOST|-0.00004|0.05801|-0.11969|0.01214|0.11118|-0.26964|-0.03967|0.27524 => 34.1051012622
SERVER|0.00004|0.03251|-0.00330|-0.03675|-0.18761|0.36398|0.39209|-0.57104 => -10.2865919588
HOST|0.00005|0.29985|0.19168|0.05168|-0.35339|0.07315|0.29275|0.06095 => -25.4509397305
SERVER|0.00020|-0.18408|-0.02918|0.04600|-0.05737|-0.38717|-0.07465|0.71338 => -54.1860433185
SERVER|-0.00002|0.53120|0.09229|0.23855|-0.05815|0.29255|-0.02092|0.87304 => 11.5554121675
SERVER|0.00001|-0.28005|-0.25747|0.16411|-0.12837|0.40265|0.31076|0.56455 => -37.2003595281
HOST|-0.00019|0.36546|-0.23511|0.12727|0.14534|0.05856|-0.55901|0.09906 => -70.4928706115
SERVER|0.00011|-0.20871|-0.14894|0.15519|0.16628|0.73334|-0.38946|0.14820 => -67.4996378213
SERVER|-0.00000|-0.19675|0.24159|0.23493|-0.02598|-0.08187|0.42309|0.08988 => 36.9389941895
HOST|0.00016|0.62371|0.06107|0.11208|-0.07873|-0.02855|-0.14821|-0.25659 => 59.5723013905
SERVER|-0.00012|0.38467|-0.07320|0.02731|-0.23551|-0.01018|-0.35931|-0.70288 => -155.08525605
HOST|-0.00004|0.39265|-0.08036|-0.13396|-0.05552|0.29445|0.54398|0.26910 => 147.558919672
SERVER|0.00001|-0.03287|0.05103|0.01079|-0.08352|0.08642|-0.62829|0.44985 => -216.21075839
HOST|0.00005|0.04430|-0.16477|0.12349|-0.21173|0.04634|-0.48656|0.48981 => -167.149309523
HOST|0.00017|-0.41847|-0.29799|-0.03612|-0.30480|-0.31579|0.11424|0.03002 => -140.550257721
HOST|-0.00001|-0.43612|-0.08577|0.12327|0.14367|-0.36502|0.29987|-0.08488 => 56.7852265936
SERVER|0.00003|-0.03087|0.11547|-0.02116|-0.00571|0.88181|0.26859|-0.03541 => 32.4120505448
HOST|-0.00025|-0.39970|-0.19729|0.03300|0.10912|0.08501|0.40990|0.21425 => 20.744723727
SERVER|0.00003|-0.05966|-0.12954|0.01252|0.20057|0.30573|-0.00529|0.23568 => 42.8956201508
SERVER|0.00003|0.32129|-0.20357|0.13989|-0.07473|0.04070|0.07795|-0.81498 => 4.25747935289
SERVER|-0.00016|0.18191|0.06266|-0.13379|-0.17964|0.04955|0.04433|0.10552 => -82.418646637
HOST|-0.00003|-0.18478|-0.07534|0.10877|-0.08435|-0.07181|-0.24065|0.14353 => -126.906558441
HOST|-0.00003|-0.41339|-0.06179|0.02664|-0.20707|-0.10824|0.23008|0.82273 => -107.015655785
HOST|0.00004|0.05709|0.22035|0.08524|0.08788|-0.46472|-0.18629|0.33044 => -11.2314872119
SERVER|-0.00008|-0.39241|0.04986|0.04894|-0.03928|-0.03718|0.10956|0.11478 => -71.8017883512
HOST|-0.00000|0.21510|0.04060|0.00589|0.22525|-0.38006|-0.14256|0.25433 => 72.7830901408
HOST|-0.00002|-0.21613|-0.14872|-0.01891|0.17615|-0.84737|0.12238|0.10082 => 48.7169161097
SERVER|0.00017|0.42002|0.12064|-0.06609|-0.25120|-0.19955|0.45633|0.18358 => 68.354953231
HOST|-0.00000|0.40783|-0.13810|-0.10914|0.06470|-0.09290|0.06567|0.41256 => 72.7711549347
HOST|0.00009|-0.29015|0.33136|-0.03967|0.06128|-0.26442|0.01819|-0.05649 => -17.7473790512
HOST|-0.00009|0.30193|0.02636|-0.08950|0.07787|-0.13547|-0.28190|0.42163 => -13.8278801465
HOST|0.00007|0.79712|-0.21484|-0.05764|0.14298|-0.18289|-0.04775|0.26548 => 172.150135704
HOST|0.00004|0.11301|-0.02117|0.10897|-0.16095|-0.26139|0.03216|0.07312 => -46.8088979826
SERVER|-0.00010|-0.68034|0.11442|-0.19937|0.02446|-0.23556|0.68333|-0.45346 => 20.8880219667
HOST|0.00002|-0.51033|-0.11274|0.03907|0.02083|0.18633|-0.00192|-0.46595 => -68.5835804083
HOST|-0.00008|-0.32699|0.21257|-0.03974|-0.10863|0.05409|0.31469|0.11439 => -30.3986213828
HOST|0.00006|-0.46977|0.21210|0.03769|0.28908|0.54738|0.48944|-0.35800 => 148.183706031
SERVER|0.00022|-0.55815|0.16962|0.00880|0.09489|-0.48756|-0.42732|-0.15845 => -132.529454226
HOST|-0.00022|-0.33909|0.10783|0.05290|-0.21146|0.28210|0.66752|-0.42951 => -28.6029442404
SERVER|-0.00011|-0.04059|-0.03958|0.06107|-0.00160|-0.00293|-0.30819|0.21429 => -141.176085551
SERVER|0.00010|-0.14757|0.11338|-0.10637|-0.01375|0.04668|0.51633|-0.65221 => 89.9315978114
SERVER|-0.00005|-0.24106|-0.10132|0.05686|-0.06282|0.49498|-0.00695|-0.08063 => -103.16380739
HOST|-0.00008|-0.24172|-0.10349|-0.18252|0.18258|0.17847|-0.23227|-0.00393 => -47.9895579405
SERVER|-0.00010|-0.51533|-0.18938|0.14351|-0.02047|0.45343|-0.41435|0.01142 => -216.902436637
SERVER|0.00001|0.70484|0.06141|0.03956|-0.28750|-0.02851|-0.51673|-0.40036 => -136.437107438
HOST|-0.00005|-0.34277|0.12865|0.06857|-0.02508|0.10430|0.18613|-0.05449 => -37.3017451113
HOST|-0.00014|0.14127|0.18529|-0.13645|0.18370|-0.33338|-0.50861|0.00618 => -63.0498901436
SERVER|-0.00019|-0.09915|0.00862|0.00119|-0.10921|0.39595|-0.08677|-0.25585 => -138.66503296
HOST|0.00001|-0.36706|-0.22082|-0.15726|0.27515|0.21692|-0.28996|-0.51401 => -49.4078902277
SERVER|0.00014|-0.09555|0.27799|-0.04645|-0.06512|0.50839|-0.09711|0.07682 => -86.3939816421
HOST|0.00002|0.46728|-0.09937|-0.01694|0.16808|-0.30501|-0.58678|0.28083 => -16.4219269378
HOST|-0.00014|-0.37259|-0.11094|0.05838|0.40464|-0.25137|-0.60288|0.93725 => -90.4226892551
HOST|0.00003|-0.06031|0.06176|-0.04443|0.17850|-0.32619|0.17289|-0.12920 => 82.2569856522
SERVER|-0.00007|0.10822|-0.17244|0.03246|0.02572|-0.58850|0.06328|0.70788 => -11.7767754853
SERVER|0.00007|-0.39648|0.16446|0.14144|0.27221|-0.40058|-0.39273|0.16105 => -69.7333582269
SERVER|0.00019|-0.02228|-0.12189|0.16744|-0.16930|0.09462|-0.36894|0.19954 => -140.14764412
HOST|-0.00016|-0.04675|0.01934|-0.01087|-0.29659|0.12337|-0.25553|-0.16041 => -217.626349886
HOST|0.00000|-0.14885|-0.00911|-0.00275|-0.27103|0.09353|-0.37380|-0.23585 => -204.741535812
SERVER|-0.00008|-0.27127|0.06825|0.10314|0.00532|0.35975|0.66295|0.00087 => 66.8812084732
SERVER|0.00010|0.03571|-0.07928|0.03204|-0.19342|0.13895|-0.09557|0.05451 => -102.711199781
SERVER|-0.00004|-0.00253|-0.05897|-0.13274|-0.26786|-0.62773|-0.13266|0.38187 => -171.326805324
HOST|0.00002|0.01629|0.14841|-0.00982|0.24129|-0.35746|-0.64088|-0.18861 => -73.7061594452
SERVER|0.00006|-0.01872|0.20674|-0.02676|0.33653|0.11687|0.57209|-0.18176 => 236.777555916
HOST|-0.00008|0.30714|-0.08791|0.04827|0.02765|-0.15610|-0.67357|0.51134 => -134.40309867
HOST|-0.00015|0.07287|0.06917|0.14334|0.11976|-0.27443|1.19404|-0.50202 => 284.977832884
HOST|-0.00002|-0.07435|-0.01308|-0.14732|0.06655|-0.57271|-0.49223|0.85903 => -121.262935616
SERVER|-0.00012|0.03795|-0.06570|0.08803|0.12167|-0.16077|-0.40361|-0.13506 => -89.4851586261
SERVER|0.00016|-0.07898|0.15590|-0.04234|-0.00538|-0.58567|0.19968|-0.64130 => 21.9706567906
HOST|-0.00009|-0.24518|-0.07830|-0.02495|-0.02248|-0.32019|0.32113|-0.52677 => -5.06790424585
HOST|-0.00000|-0.19234|0.04072|0.00275|-0.32439|0.62506|-0.40182|0.37699 => -237.371160826
HOST|-0.00000|-0.51848|-0.12861|-0.00665|-0.16020|0.28423|0.35531|0.58626 => -74.1247235929
HOST|-0.00006|0.38398|-0.25522|-0.03957|0.02485|-0.05451|-0.14176|-0.09154 => 11.9505500385
HOST|0.00025|0.16909|-0.02588|0.05897|0.16401|-0.45994|-0.75517|-0.22137 => -66.5743961707
SERVER|0.00007|-0.09935|0.22632|-0.08978|-0.11026|-0.64606|-0.14089|-0.60778 => -89.7534545447
HOST|0.00002|-0.06873|-0.04794|0.01639|-0.03317|-0.00195|0.04516|0.00409 => -27.3358581383
HOST|0.00014|0.33349|0.01555|-0.05043|-0.17799|-0.03744|0.08013|0.32231 => 17.5554796532
SERVER|0.00001|0.12076|0.06955|0.07620|0.32476|-0.07133|-0.27774|0.59333 => 36.0095723419
HOST|0.00010|-0.26059|0.09281|0.08422|-0.27342|0.77227|-0.34425|0.16280 => -210.279319293
SERVER|0.00000|-0.00329|-0.09764|-0.04197|0.07216|-0.62457|-0.13477|0.25812 => -38.139062449
HOST|0.00004|-0.19423|0.03951|-0.03431|0.03610|-0.49210|0.40536|0.50763 => 83.9084524838
HOST|-0.00004|0.39545|0.01076|0.07394|0.10971|0.11986|-0.36765|-0.32907 => -20.4788841621
SERVER|0.00004|0.14399|0.33929|-0.01091|-0.16470|-0.02516|-0.11009|-1.09216 => -79.3364243651
HOST|-0.00020|-0.22481|0.09850|-0.11557|-0.50886|-0.13295|-0.05506|0.23231 => -252.526736925
HOST|-0.00002|0.04915|0.02259|-0.02271|-0.25115|0.13653|0.13068|-0.16167 => -66.5242943737
HOST|0.00005|0.03371|0.17125|-0.11115|-0.08527|-0.57128|-0.45554|-0.56778 => -128.604113422
HOST|-0.00019|0.15009|-0.23602|-0.07556|0.09398|0.98676|0.89415|-0.31012 => 211.727913138
SERVER|0.00021|0.38504|-0.30136|-0.04059|0.26169|-0.08225|-0.43621|-0.12021 => 68.0486636684
HOST|-0.00002|0.16047|0.19052|-0.04781|0.17538|-0.10930|0.09685|0.46560 => 89.2400242819
HOST|-0.00017|0.11355|0.17128|0.08172|0.05435|-0.14910|-0.28833|0.40334 => -73.4539455929
SERVER|-0.00012|-0.00567|0.05018|-0.00862|0.10895|0.34074|-0.13618|0.08913 => -37.1895563416
SERVER|0.00008|-0.02722|-0.14130|0.00556|0.21053|0.25808|0.01991|0.15463 => 70.8325719839
SERVER|0.00017|-0.45121|-0.20828|-0.02179|0.23433|-0.27637|-0.47924|-0.65489 => -101.123530417
HOST|0.00006|-0.22340|-0.02979|-0.11901|0.15805|-0.10343|-0.24208|0.33927 => -28.7577052374
SERVER|-0.00000|-0.30218|-0.11356|0.06248|-0.11282|0.28738|-0.35782|-0.37755 => -182.571537271
SERVER|0.00009|-0.05489|-0.04931|0.13787|-0.13820|-0.64095|0.04327|0.09656 => -65.6431521441
SERVER|0.00010|-0.25827|0.22922|-0.02367|0.21175|0.40424|0.09789|0.84318 => 36.2540373189
HOST|-0.00008|-0.22490|-0.05451|-0.09592|0.06263|-0.33771|0.04902|0.99927 => -24.0095679255
SERVER|0.00007|0.07245|0.04813|0.05130|0.10060|-0.27145|-0.23538|0.06043 => -29.478032515
HOST|0.00001|0.02421|-0.15302|-0.25621|-0.07851|0.46409|0.54668|0.29676 => 96.4686879476
SERVER|-0.00008|-0.40708|0.26553|-0.17473|-0.27070|-0.18406|0.18019|0.29102 => -145.177384015
HOST|0.00028|-0.00487|0.13522|0.05707|0.12537|-0.15327|-0.11146|-0.01202 => 87.5102203148
SERVER|0.00022|-0.03424|0.01625|-0.14252|-0.23787|-0.34482|-0.32926|1.14621 => -152.392483984
SERVER|0.00003|0.20911|-0.22355|-0.03339|-0.00912|0.04034|0.10539|1.57574 => 27.0790657177
HOST|0.00011|0.38257|0.12749|-0.03282|-0.15258|0.17968|0.23996|-0.10687 => 45.6858486821
HOST|-0.00005|-0.16975|-0.03083|0.11606|0.04500|-0.51426|0.72035|-0.45202 => 139.622872686
SERVER|-0.00018|0.01746|-0.04709|-0.03783|0.07018|0.48669|-0.32669|0.26548 => -107.739248819
SERVER|0.00005|-0.63743|0.15627|-0.00412|0.21037|0.07215|0.17308|0.72628 => 6.90305558623
SERVER|0.00017|0.43763|0.19196|0.00798|0.11694|0.23455|0.09179|-0.14004 => 123.178505148
SERVER|0.00003|0.21945|0.11416|-0.03120|-0.27465|0.01925|0.40669|-0.41548 => -4.82138418541
HOST|-0.00014|-0.04936|0.08617|-0.00914|0.30257|0.03056|-0.09105|-0.40096 => 64.5914683962
SERVER|-0.00003|0.16940|-0.12212|-0.05814|0.22700|-0.16991|0.37764|0.07435 => 159.216100846
HOST|-0.00009|0.25622|-0.04237|-0.13597|-0.30206|0.56424|-0.18043|-0.23617 => -126.752833681
SERVER|-0.00025|0.33487|0.04074|-0.09159|-0.25069|0.46587|-0.21531|-0.20769 => -159.101208488
SERVER|0.00010|0.07421|-0.03090|0.01830|-0.02771|0.50450|-0.76394|1.44541 => -177.978721822
SERVER|-0.00005|-0.05632|0.11041|-0.10820|-0.03129|-0.11546|0.60535|0.25224 => 92.0762824156
HOST|0.00005|0.39577|0.19678|-0.01854|0.15974|-0.62122|0.59145|-0.88221 => 246.273415091
SERVER|-0.00026|0.23827|-0.10289|-0.02507|-0.08439|-0.30619|-0.37200|0.30567 => -153.240640844
HOST|0.00003|-0.21633|-0.13211|0.05628|0.24586|0.30836|-0.54443|-0.44641 => -78.3830349805
SERVER|-0.00008|-0.14146|-0.19531|-0.12819|0.01925|0.36503|-0.04955|-0.30133 => -55.3878503948
SERVER|-0.00004|0.32401|-0.13749|0.21916|-0.26162|-0.14137|-0.35055|-1.17139 => -174.569454088
HOST|0.00006|-0.15985|0.07909|0.22277|-0.39010|0.48300|-0.67530|0.31572 => -320.517086247
SERVER|0.00013|0.47872|-0.23418|-0.12991|-0.04920|-0.41718|-0.24296|-0.03546 => -10.8053134089
HOST|0.00000|-0.31720|0.15760|-0.12342|-0.16241|-0.26354|0.38113|-0.73318 => -28.4739954276
SERVER|-0.00002|-0.12381|0.06387|-0.00051|0.06219|0.11975|0.55481|0.08008 => 97.1033317215
SERVER|0.00009|0.04162|-0.18259|0.06844|0.06438|-0.23873|-0.49748|-0.37170 => -82.449551848
HOST|-0.00008|-0.00328|0.13903|-0.02408|-0.21079|0.37326|-0.32480|-0.09230 => -172.157938434
HOST|-0.00005|-0.46714|0.05470|-0.09171|-0.08220|-0.32950|0.36975|-0.44600 => -36.5812375192
HOST|0.00020|-0.36979|0.15460|-0.02464|0.13207|-0.34226|0.41686|-0.64905 => 114.184395205
HOST|-0.00022|0.09831|0.12017|-0.03704|0.43684|0.25375|0.05061|-1.03716 => 140.255617312
HOST|0.00006|-0.20602|-0.00554|0.11724|0.18061|0.26339|-0.24320|-0.40700 => -24.1852128137
SERVER|0.00015|-0.20717|0.32782|0.08295|-0.05953|-0.07398|0.27081|-0.55962 => 6.86336586463
SERVER|-0.00007|0.00083|0.22373|-0.06278|0.04882|0.50139|0.35983|0.68470 => 26.6558523384
HOST|0.00000|0.51009|0.00299|0.03503|0.40043|0.16475|-0.37387|-0.42694 => 121.929853806
SERVER|-0.00011|-0.15585|0.03758|-0.05387|0.19633|-0.15189|0.46765|-0.19565 => 98.9989984026
HOST|0.00011|0.42030|0.20629|0.07518|0.06012|0.07151|-0.53831|-0.57224 => -41.5357623491
SERVER|0.00002|0.09944|0.19216|-0.05731|0.19016|-0.15135|0.13400|0.38768 => 82.8266646215
SERVER|0.00001|-0.13886|-0.07948|0.03180|0.15148|-0.61569|-0.38532|0.15909 => -72.9477396997
SERVER|-0.00011|-0.09989|-0.03390|0.14721|0.10778|-0.43847|-0.31351|-0.55428 => -89.7426100151
HOST|-0.00011|0.46338|-0.20010|0.04838|0.03505|-0.08062|0.17646|0.31755 => 96.9928809138
HOST|0.00002|0.31827|-0.24456|-0.03479|0.05370|0.06483|0.27414|0.37595 => 120.168866559
HOST|-0.00009|-0.02575|0.13828|0.01086|-0.05743|-0.02388|0.00317|-0.32836 => -50.4242865401
SERVER|-0.00006|-0.05451|-0.05100|0.14469|-0.19294|0.33059|-0.16542|0.68698 => -145.367786076
SERVER|0.00000|0.27182|-0.03632|0.09358|0.17060|0.14516|-0.78869|0.36314 => -113.598530306
HOST|-0.00005|-0.08677|0.17816|-0.05069|-0.01888|0.08170|0.06015|0.21031 => -21.6644188011
SERVER|-0.00002|0.12122|0.10787|-0.06678|0.16902|-0.13381|-0.82118|0.02159 => -147.021479129
SERVER|-0.00002|0.33160|-0.22734|0.00102|-0.19222|0.19566|0.23184|0.40996 => 9.67302681917
SERVER|0.00009|0.00797|0.23884|-0.07506|0.00259|-0.30781|0.20798|-0.37892 => 27.3613380427
HOST|0.00002|0.41617|0.00930|0.01506|-0.37015|-0.04302|-0.22674|0.00741 => -141.251592114
HOST|-0.00005|-0.62822|0.17983|-0.03781|0.36698|-0.15640|-0.23356|0.12725 => -26.3944182572
HOST|0.00002|0.17472|-0.17557|-0.03655|0.22632|-0.53811|-0.15849|-0.11059 => 50.3163313921
HOST|0.00010|0.06889|-0.04887|-0.14770|-0.39779|0.28444|-0.14908|-0.78324 => -167.114891187
HOST|0.00011|0.08305|0.00403|0.02571|-0.02382|-0.26091|0.34032|-0.43220 => 76.5716226364
HOST|0.00015|-0.20793|0.27433|-0.00773|0.20836|0.15116|-0.05152|-0.81766 => 47.1191270038
SERVER|-0.00018|-0.08567|-0.32337|0.02147|0.27745|-0.16474|0.07486|0.90342 => 56.7591744704
HOST|-0.00001|0.09729|-0.17349|-0.01475|-0.13224|0.17081|-0.46043|0.38608 => -152.4721798
HOST|-0.00020|-0.02696|-0.19140|-0.03760|-0.19497|0.07792|-0.48903|-0.29778 => -238.509068685
SERVER|0.00017|0.15492|-0.06750|0.11698|0.19890|0.04590|0.30142|-0.17089 => 165.106988485
SERVER|0.00008|-0.70055|0.16341|-0.12020|-0.03787|0.19132|0.28010|0.55088 => -73.9117776151
HOST|0.00005|-0.43376|0.08531|0.05425|-0.10839|-0.04027|-0.18732|0.11020 => -146.975125414
SERVER|-0.00000|0.43538|-0.02452|-0.04326|0.12205|-0.02706|-0.87462|0.36432 => -134.636715916
HOST|-0.00019|0.17307|-0.01408|0.05158|-0.09993|-0.04310|0.06856|0.47302 => -45.8562295384
SERVER|-0.00015|0.08521|-0.02007|0.07934|0.06264|-0.44178|0.37355|0.16151 => 77.9656544046
HOST|0.00009|0.51207|0.08066|-0.08200|0.00628|0.05567|0.20184|0.15180 => 123.960705014
HOST|-0.00009|0.14152|0.26493|-0.03523|0.18139|-0.15215|0.46949|-0.68734 => 182.437626978
HOST|-0.00004|0.05672|-0.16033|-0.20639|0.12043|0.17657|-0.09890|0.28605 => 19.2648164142
HOST|-0.00022|0.23148|0.05141|0.00902|0.07878|-0.34813|0.86453|0.07570 => 204.494602595
HOST|-0.00011|0.02638|-0.04080|-0.03804|-0.58748|0.44946|-0.46274|1.39117 => -332.473513813
HOST|-0.00008|-0.08055|-0.13172|-0.02861|-0.11013|0.16042|-0.20117|0.59578 => -124.137449647
HOST|0.00009|-0.36675|-0.12814|0.03384|-0.01993|0.11091|-0.17534|0.27444 => -109.392429506
HOST|-0.00015|-0.09925|0.16000|0.03839|0.11843|-0.37642|-0.37343|-0.02588 => -102.768108149
SERVER|-0.00006|0.35594|-0.05022|0.16435|0.03305|0.42313|-0.53960|1.16851 => -106.652124784
HOST|-0.00020|0.40460|0.01966|0.05441|0.26156|-0.55386|-0.54229|1.32914 => -13.5479158725
SERVER|0.00002|-0.30180|-0.16000|0.22471|0.05521|0.02093|0.62049|-0.15927 => 81.7311210742
HOST|0.00013|-0.65181|-0.06179|-0.10094|-0.02628|-0.36002|0.29033|-0.30439 => -36.2881185006
HOST|-0.00000|0.44258|-0.24831|-0.07491|-0.12103|-0.39222|0.10470|-0.38872 => 38.8236539785
SERVER|-0.00007|-0.03252|-0.07168|-0.08850|0.34074|-0.05478|-1.03650|0.33574 => -160.887497004
SERVER|-0.00007|-0.27710|-0.12642|0.04736|-0.19801|0.04088|-0.62997|0.28670 => -295.742838309
SERVER|0.00012|-0.41499|-0.01394|-0.07107|-0.15975|0.11348|0.11249|0.29585 => -96.7989391052
SERVER|0.00000|0.12784|0.34644|-0.08546|-0.21656|0.37061|0.43073|-0.16013 => 13.6695314004
HOST|0.00004|0.05042|0.03618|-0.01889|0.11868|-0.68559|-0.25227|-1.29677 => -22.4874439762
HOST|0.00019|-0.24320|0.00087|-0.00109|0.00012|0.15660|0.00012|0.31912 => -14.1157348615
HOST|-0.00004|-0.08159|0.43573|-0.00221|0.12137|0.21619|0.74645|-0.42730 => 188.839975319
HOST|-0.00005|0.06334|0.00761|0.07087|-0.06605|0.26910|-0.31113|-0.35056 => -111.980249337
HOST|0.00011|-0.30563|0.03456|-0.08513|0.18880|-0.07098|0.43165|-1.22215 => 128.717662535
HOST|0.00001|-0.08800|0.14577|-0.08424|0.08403|0.10664|-0.29131|0.05627 => -58.6371570483
HOST|0.00012|-0.56396|0.10795|0.06228|0.34665|0.22016|0.45628|0.42414 => 166.915591859
SERVER|0.00007|-0.32591|-0.02765|-0.05232|-0.36833|0.03403|0.33242|0.37616 => -131.17860279
SERVER|-0.00002|0.16951|-0.18071|-0.04335|-0.08183|-0.33463|0.60019|-0.08260 => 116.311615515
SERVER|-0.00014|0.54242|-0.17286|-0.07691|-0.07538|-0.20022|-0.23055|-0.63781 => -75.6901288106
HOST|0.00003|-0.07596|-0.09355|0.07152|-0.19712|-0.39331|0.84481|0.42753 => 98.9165861325
HOST|-0.00003|-0.04243|-0.19688|0.02089|-0.04734|0.31588|-0.31000|0.63312 => -107.725093932
SERVER|-0.00001|0.13742|0.21335|-0.06310|-0.06827|-0.27050|0.99714|-0.21719 => 192.710881482
SERVER|0.00007|-0.22982|0.02358|0.14584|-0.03319|-0.16542|-0.50731|-0.33137 => -181.035957615
SERVER|0.00006|-0.08607|0.14832|0.06016|0.36821|-0.07581|0.10114|0.03378 => 129.088573025
HOST|0.00012|0.45442|0.35093|0.05635|-0.19557|-0.26954|0.41041|0.18900 => 94.5328320063
HOST|0.00007|0.10262|0.12202|-0.12523|0.34548|-0.02995|-0.41817|-0.12786 => 40.8907397041
SERVER|-0.00008|0.23529|-0.14750|-0.01340|0.18502|-0.08825|0.07034|0.35627 => 86.3754122371
SERVER|-0.00009|0.01901|-0.09917|-0.19156|0.19772|-0.04935|0.15062|0.51700 => 65.8933622676
SERVER|0.00015|-0.44973|-0.08493|-0.05255|0.06013|0.29826|0.31571|-0.56668 => 27.0842182863
SERVER|0.00002|-0.23100|-0.03203|-0.06180|0.01617|-0.43524|-0.55462|-0.20399 => -178.960063736
SERVER|0.00013|-0.42398|-0.08452|-0.22565|0.24452|-0.33707|-0.27436|0.06984 => -35.3585367189
SERVER|-0.00002|-0.03370|0.02052|0.00529|0.13255|0.53423|-0.39467|-0.06976 => -68.4424987582
SERVER|-0.00024|-0.00980|-0.12150|0.04333|0.30860|-0.33535|0.23540|-0.12433 => 88.496119784
HOST|-0.00007|-0.16863|-0.09465|-0.13091|-0.03013|0.60053|-0.06619|0.09266 => -66.718287547
HOST|-0.00002|-0.08442|-0.04678|0.06306|0.20273|0.07867|-0.35969|0.07007 => -46.3513041954
HOST|0.00005|0.37358|-0.11911|-0.00367|0.06421|-0.08130|-0.24251|-0.42856 => 28.7611809021
SERVER|-0.00013|0.02631|0.01727|0.08387|0.07764|0.27241|-0.11535|0.60234 => -33.0364439221
SERVER|-0.00018|-0.03385|-0.13696|0.04355|0.22227|0.24709|0.23272|-0.38740 => 73.3422817093
HOST|0.00016|-0.17518|-0.22604|-0.03966|0.02704|-0.58861|-0.59205|-0.34808 => -132.686056657
SERVER|-0.00012|0.03560|0.14785|0.03607|0.10824|-0.73475|-0.47862|-0.84179 => -129.304405795
HOST|0.00001|0.23693|-0.03698|0.08253|-0.09404|-0.04019|-0.20409|0.20080 => -54.6085518085
SERVER|-0.00003|-0.11709|-0.19463|0.18981|-0.22661|-0.36510|-0.14462|0.13921 => -155.497323582
HOST|0.00001|-0.97259|-0.07948|-0.04463|0.04783|0.44470|0.39746|0.52921 => -55.6970257893
HOST|-0.00011|0.19010|-0.04960|-0.09927|-0.10514|0.11860|0.22890|-1.12495 => 7.31138614224
HOST|0.00002|-0.17470|0.18702|-0.07520|-0.15460|0.38140|-0.01683|0.35320 => -83.0524109198
SERVER|0.00010|0.25325|0.06320|-0.01413|0.04945|0.76658|-0.13076|0.13061 => 20.5171034475
SERVER|0.00009|-0.21853|-0.03872|-0.00970|-0.01786|0.23097|0.36506|-1.08442 => 42.0383691538
HOST|0.00006|0.25909|0.06659|-0.03367|0.09024|-0.11504|0.28022|0.33847 => 136.049632093
SERVER|0.00005|0.45581|-0.12583|0.09086|0.22650|0.31772|0.43976|-0.33962 => 212.338624114
HOST|-0.00001|0.15903|-0.13045|0.05586|-0.20924|-0.14348|0.59789|0.56199 => 65.7943865557
SERVER|0.00003|-0.16400|0.23493|0.00427|-0.08332|0.24412|0.65690|-0.84348 => 77.0026587483
HOST|0.00004|-0.26584|0.05241|0.04138|-0.06552|-0.48957|-0.31522|0.15932 => -141.550102337
SERVER|0.00004|0.11216|-0.05763|-0.04643|0.01700|0.00622|0.38131|1.19562 => 77.1589233012
SERVER|0.00007|-0.07890|-0.03672|0.00915|-0.42659|0.02777|0.25740|-0.22091 => -112.630611938
HOST|0.00005|-0.01141|0.04222|-0.01759|0.00353|0.51311|0.08951|0.31033 => 15.3353894981
SERVER|0.00001|-0.11040|0.03688|0.06219|-0.05726|-0.02614|-0.17681|0.35612 => -95.3367800257
HOST|0.00012|0.33003|-0.15623|-0.04590|-0.11651|-0.55437|-0.48795|0.26520 => -109.098704058
HOST|-0.00010|-0.30410|-0.17978|0.03580|0.08803|0.13792|-0.24488|0.39944 => -87.1372501954
HOST|-0.00005|-0.08264|0.17202|0.02399|-0.13792|-0.04396|0.18382|0.01814 => -43.7675172303
HOST|0.00000|-0.66861|0.22134|-0.07565|0.00009|-0.16428|0.13628|0.42955 => -74.5868464367
SERVER|-0.00009|0.40226|0.17636|0.02066|0.12538|0.00259|-0.00938|0.11055 => 41.3124526115
SERVER|0.00009|-0.08600|0.18649|-0.04606|0.08717|-0.02703|0.39391|0.99868 => 112.095943388
HOST|-0.00001|0.10212|-0.19590|0.03902|0.26588|-0.07777|0.26731|-0.66976 => 160.982783881
SERVER|0.00019|-0.00135|-0.06861|0.01796|0.11983|-0.05968|0.13384|-0.63676 => 79.8240285216
HOST|0.00006|0.14555|0.26824|-0.00926|-0.03803|-0.21023|-0.88193|-0.33386 => -199.539856835
SERVER|0.00005|0.44760|0.04864|0.05206|-0.05147|0.45413|0.47058|0.45627 => 121.554083874
HOST|-0.00005|0.50912|-0.05811|-0.01783|-0.31729|-0.46564|0.12224|0.03572 => -17.9971733578
HOST|-0.00022|0.56926|-0.11657|0.02856|0.09880|-0.12686|0.40953|0.45162 => 153.969838756
SERVER|0.00004|-0.16019|-0.13264|0.07727|-0.19262|0.07515|0.43548|-0.40541 => -7.92393535142
SERVER|-0.00002|0.02762|0.04529|0.10591|-0.14926|0.67199|-0.49508|0.82021 => -207.026968561
HOST|0.00006|0.01249|0.18805|-0.03237|0.05471|-0.17906|0.36171|-0.13906 => 92.3301604364
HOST|-0.00012|0.11632|0.00060|-0.00824|-0.16235|0.13105|-0.19983|0.40622 => -129.945508874
SERVER|-0.00000|0.05371|-0.11569|0.07068|-0.14997|0.58488|0.73799|0.41312 => 82.3124554445
SERVER|-0.00007|0.39945|-0.00350|-0.16131|-0.35153|0.08176|-0.19956|1.37540 => -159.511452001
HOST|0.00008|0.04330|0.04387|-0.04095|-0.02432|-0.41438|0.18443|-0.91286 => 37.264237824
SERVER|-0.00002|0.64130|-0.30859|0.20020|0.28383|-0.16914|-0.13464|-0.17945 => 132.264136628
HOST|0.00002|-0.25492|0.06198|-0.08029|0.32110|0.23087|-0.48564|-0.35131 => -46.9542291956
HOST|-0.00007|0.33504|-0.12372|0.02805|-0.12690|0.71019|-0.10568|-0.31817 => -48.8263611937
SERVER|0.00011|-0.21629|0.13343|-0.05107|-0.01237|0.08816|-0.02713|0.03942 => -54.5139548219
HOST|0.00008|-0.38080|0.51113|0.02934|0.21210|0.31697|-0.20048|-0.32908 => -34.73333085
HOST|0.00002|-0.24794|-0.26232|0.08322|-0.03549|0.31749|0.04413|0.45407 => -26.9899213558
HOST|0.00015|0.53325|0.12713|0.01736|-0.11608|-0.37224|0.05001|-0.16792 => 65.06504307
HOST|0.00008|-0.02813|0.07758|0.20343|0.48257|0.47334|0.45827|0.62526 => 277.449414213
SERVER|-0.00007|0.21812|0.27773|-0.01167|-0.26242|0.23660|-0.49352|-0.42689 => -218.986898498
SERVER|0.00000|0.19755|-0.15915|-0.06267|0.14894|-0.21476|0.19715|0.92665 => 68.8191022933
SERVER|-0.00009|-0.18691|0.16544|0.19644|0.12589|-0.15266|0.56504|0.36848 => 107.553951487
SERVER|0.00006|-0.53256|-0.01898|-0.08980|-0.56598|0.35858|0.46523|-0.19546 => -186.583514592
SERVER|-0.00024|0.06720|0.12822|-0.00633|0.06610|0.14684|-0.98805|0.30113 => -273.608742582
HOST|-0.00014|0.28704|-0.01588|0.09449|-0.11547|-0.38145|-0.00534|1.17935 => -28.7066857538
SERVER|-0.00015|-0.33389|0.01076|0.00179|-0.12046|0.29601|-0.77307|0.24255 => -315.523733501
SERVER|-0.00013|-0.36608|0.33855|-0.04081|-0.23967|-0.22710|-0.00894|-0.02438 => -191.753007879
SERVER|-0.00001|-0.08103|0.32147|0.01044|0.02125|-0.15006|0.15465|0.12682 => -15.4314456862
SERVER|-0.00005|-0.27578|-0.14361|0.13635|-0.18744|0.12563|-0.02313|-0.35321 => -144.756643882
HOST|-0.00002|0.15138|0.17235|0.08546|0.22785|0.35772|-0.33120|-0.13245 => 10.1069849848
SERVER|-0.00024|-0.28614|-0.14620|-0.03099|0.05486|-0.23733|-0.49163|0.53678 => -207.388787359
SERVER|0.00004|-0.04871|0.05951|0.09841|0.17965|-0.29230|-0.54091|0.14302 => -83.3505637131
HOST|0.00015|0.40990|0.07578|0.09121|-0.13852|-0.37261|-0.08990|-0.20796 => -4.09564641425
HOST|-0.00010|-0.09791|0.16078|0.04439|0.03913|0.14154|-0.66187|0.87757 => -186.691731188
HOST|-0.00009|-0.13198|-0.16294|-0.19847|0.24167|0.36455|0.28427|0.43314 => 127.778462192
HOST|0.00005|0.03989|-0.17085|0.12423|-0.26265|-0.13176|0.02460|-0.78517 => -91.3721014795
HOST|0.00018|-0.20938|0.13504|0.10630|0.12904|-0.09579|-0.05237|0.39172 => 23.5114445732
SERVER|0.00007|-0.55588|-0.29509|0.00596|-0.23723|0.38253|-0.66995|-0.89575 => -332.110532254
HOST|-0.00001|0.63920|0.09545|0.12936|-0.43227|0.01774|0.28194|-0.45839 => -26.2955426636
HOST|0.00024|0.30995|-0.00502|-0.13887|-0.11627|0.27869|-0.34417|0.66167 => -44.7036548192
SERVER|-0.00013|-0.03936|0.35428|-0.08327|-0.38129|-0.14156|0.26202|-0.17419 => -121.925282419
HOST|0.00001|0.23627|0.16583|0.02769|-0.11602|-0.33820|0.10110|-1.54560 => 10.0363667773
SERVER|0.00007|0.30639|0.02411|-0.07199|0.13621|-0.69634|-0.48245|-1.10625 => -48.043886924
SERVER|-0.00001|0.21278|0.01283|0.14596|0.05975|-0.40932|-0.29903|-0.61520 => -74.9647607407
SERVER|-0.00006|0.15983|-0.26474|0.07082|-0.04077|0.12349|0.29728|0.36207 => 39.2087544397
SERVER|0.00012|-0.25460|-0.03073|-0.02253|0.11303|0.50913|-0.59822|0.07170 => -136.210703763
SERVER|0.00011|-0.23273|-0.14055|-0.00954|-0.08892|-0.09544|0.08039|1.03795 => -78.4788974518
HOST|-0.00017|-0.30884|0.14704|0.16640|0.09525|-0.36243|-0.09740|-0.74897 => -76.9040630354
HOST|0.00010|-0.14849|-0.22022|0.00215|0.15396|0.73482|-0.68828|-0.87762 => -119.17923187
SERVER|-0.00011|-0.18508|-0.02064|0.03866|-0.07715|0.44719|-0.14340|0.42982 => -137.124942467
HOST|0.00011|0.15666|-0.12395|0.10828|0.21863|-0.09193|0.26937|1.11592 => 172.813097065
SERVER|0.00001|-0.16351|-0.07464|-0.04279|0.00028|0.22499|0.45816|0.66983 => 54.7881885208
SERVER|0.00015|0.18688|0.16630|0.05641|-0.06112|-0.00480|0.06281|-0.56259 => 20.2737419123
SERVER|-0.00009|0.16831|-0.17285|-0.05925|0.16909|0.21267|-0.23736|0.27981 => -34.3511830023
SERVER|-0.00013|0.39184|-0.08624|0.15977|-0.26073|0.39411|-0.02391|-0.33519 => -103.643090032
HOST|0.00013|0.21265|0.07638|0.03353|-0.07833|0.37065|-0.39423|-0.06243 => -79.3060326902
HOST|-0.00001|-0.21090|-0.09623|0.27344|-0.22014|0.20245|0.03544|0.99191 => -124.556828557
SERVER|0.00013|0.38816|-0.01890|0.09708|-0.00801|-0.28975|0.07359|-0.41994 => 60.4790414357
HOST|-0.00012|0.44123|-0.13852|0.13673|0.18059|-1.04425|0.14918|-0.75377 => 131.79520513
HOST|-0.00011|-0.09071|0.06752|0.01635|0.09942|0.07119|0.04601|-0.33252 => -8.83503281027
HOST|0.00019|-0.09404|-0.05905|0.03446|0.14411|0.05970|-0.24445|0.52927 => 3.34328667489
HOST|0.00009|-0.00125|-0.20474|-0.17406|0.23494|-0.02045|0.24763|-0.81642 => 163.423999408
SERVER|-0.00028|0.04488|0.10348|0.04843|0.09159|0.55812|-0.15415|0.74605 => -59.7358884162
SERVER|-0.00000|0.43939|0.05009|0.14195|-0.12579|-0.88405|-0.10850|0.77198 => -41.19703907
HOST|-0.00017|0.21958|-0.05019|-0.02121|-0.15664|-0.38542|-0.01819|-1.19951 => -57.6531925922
HOST|-0.00001|-0.33907|-0.21239|-0.14423|0.10531|-0.68921|0.05035|0.05769 => -6.2746157605
SERVER|-0.00009|0.26472|0.12189|0.06233|-0.17642|-0.04576|-0.26349|0.83940 => -125.11024328
SERVER|-0.00005|-0.28366|-0.20135|-0.04117|0.13474|0.70408|-0.02035|0.04561 => -23.9451067393
HOST|0.00012|-0.59546|0.13323|0.02992|-0.01887|-0.32423|-0.22914|-0.33505 => -141.429624082
HOST|0.00002|0.14672|-0.16906|-0.13735|-0.07101|-0.21721|0.24965|-0.26398 => 38.5393336672
HOST|-0.00013|-0.20859|-0.26428|0.03899|0.11056|-0.40971|-0.08392|-0.54231 => -46.0324874602
HOST|-0.00007|-0.11147|-0.02543|0.08925|-0.08853|0.21981|-0.53998|-0.40335 => -187.789981683
HOST|0.00016|-0.03882|-0.04463|-0.01635|-0.05149|0.58684|0.08700|-1.01794 => 7.1065035051
SERVER|-0.00015|0.25768|0.35428|-0.02168|-0.00518|0.10780|0.19685|-0.69493 => 36.8872554028
HOST|0.00001|0.32476|-0.06874|-0.02921|0.09760|0.09502|-0.43448|-0.33664 => -12.364766943
SERVER|-0.00001|-0.60262|0.11303|0.03884|0.27403|0.24249|0.44121|0.53403 => 86.2206786135
SERVER|0.00012|-0.37131|0.01451|0.10575|0.26629|0.46898|0.10304|-0.00709 => 47.6989264766
SERVER|0.00013|0.43455|0.30882|-0.04658|0.06572|-0.26985|-1.40609|0.62348 => -245.703459786
SERVER|-0.00013|-0.02655|-0.01557|-0.02414|0.07798|0.31537|0.30931|0.25423 => 40.9343058258
SERVER|-0.00023|0.67135|0.17242|-0.25255|0.09399|-0.41527|0.39211|-1.32197 => 153.723138294
HOST|0.00022|0.15176|0.02386|0.03717|-0.18440|-0.03703|1.06275|-0.87563 => 229.962334666
SERVER|-0.00005|-0.34705|-0.06114|0.07014|-0.10526|0.23802|0.29485|-0.48643 => -57.2146066975
HOST|-0.00002|0.32847|-0.20287|-0.18281|-0.06746|-0.24191|0.19882|0.02465 => 46.9723847253
SERVER|-0.00007|-0.29714|-0.00540|-0.06049|-0.03434|0.20356|-0.41862|0.35770 => -188.779388977
HOST|-0.00009|-0.12787|-0.03941|-0.01395|-0.13786|-0.14089|0.04731|0.20216 => -80.7769680708
SERVER|-0.00018|0.07364|0.06224|0.09536|-0.02127|-0.40332|0.27733|-0.19604 => 2.33743485688
SERVER|0.00001|-0.16726|0.30402|0.24329|0.25309|-0.07179|0.73699|-0.30689 => 203.831011319
HOST|-0.00010|0.00560|0.01789|0.06868|0.01819|-0.22912|0.12973|-0.00567 => 2.11323902256
SERVER|-0.00006|0.69018|0.02326|0.00176|0.15904|0.41491|0.12731|-0.40170 => 140.225250727
SERVER|-0.00008|-0.19279|-0.12381|-0.04472|0.22349|-0.19991|-0.43272|-0.26857 => -89.6402706331
SERVER|-0.00012|0.24259|-0.17189|-0.03016|-0.02823|0.03222|-0.32836|-0.25478 => -130.703699005
SERVER|0.00018|0.40342|0.03423|0.02604|0.04445|0.12582|-0.90586|-0.30019 => -127.931602235
HOST|-0.00006|-0.15658|-0.09632|0.07499|0.05432|0.07040|0.12154|-0.47804 => 1.50793577669
HOST|0.00016|-0.11165|0.01765|0.10456|-0.33189|-0.45711|-0.25099|0.47834 => -175.107098441
HOST|-0.00024|-0.54044|0.00882|-0.08289|-0.10961|-0.00160|0.36577|-0.05048 => -74.993666222
HOST|-0.00021|-0.52459|-0.16612|-0.31148|-0.20613|-0.15217|0.81839|-0.51588 => 8.04746104518
HOST|-0.00003|0.10629|0.03676|-0.01211|0.07997|-0.60588|0.09685|-0.60123 => 56.1986474719
SERVER|0.00010|-0.19707|0.09737|-0.00553|-0.02302|0.02272|-0.18964|-0.63511 => -98.0064637152
HOST|-0.00014|-0.30359|0.13654|-0.09312|0.11409|-0.10050|0.19588|0.11183 => 12.4941604384
SERVER|0.00001|0.18617|-0.03856|-0.06052|-0.22971|0.00079|0.00663|-0.20043 => -83.925761171
HOST|-0.00006|-0.08621|0.07308|-0.07126|0.54521|-0.15526|0.19408|0.58763 => 213.571132481
SERVER|0.00003|-0.29301|-0.18807|-0.07035|-0.12812|0.33293|-0.52289|-0.89632 => -223.815591801
HOST|0.00011|-0.35429|0.03447|-0.06430|-0.09145|-0.30826|-0.33857|0.05545 => -133.462714253
HOST|-0.00005|-0.40216|-0.12557|0.14112|0.01988|-0.52144|-0.45362|0.18272 => -176.77329058
HOST|0.00014|-0.08071|0.08742|0.04808|0.22177|-0.03375|-0.79133|0.16980 => -94.1519237201
HOST|-0.00000|0.31682|-0.02631|0.13794|0.34003|-0.45475|0.48159|0.22692 => 260.063863275
SERVER|0.00012|0.19737|-0.19265|0.00336|0.01763|0.27819|0.55959|-0.36449 => 164.743929718
SERVER|0.00004|-0.12271|0.22203|0.06854|-0.01703|0.16332|0.42753|0.78886 => 48.3061017054
HOST|0.00006|-0.11864|-0.04904|0.02153|-0.01339|-0.41225|0.31043|1.15484 => 57.5802816331
SERVER|-0.00014|0.10417|0.01288|0.08652|0.05745|0.43452|-0.16298|-0.41001 => -60.143575665
SERVER|0.00001|0.15603|-0.10923|0.09445|0.08469|-0.27202|-0.52709|-0.76654 => -84.4159365712
SERVER|-0.00017|-0.01048|-0.11529|-0.10591|-0.07333|0.18293|0.69217|0.11477 => 78.3335934759
HOST|0.00027|-0.37490|0.21219|0.06225|0.00121|0.06248|0.08173|0.12973 => 1.41141020835
HOST|-0.00006|-0.04032|0.03344|-0.06810|0.10165|0.72974|-0.12680|0.42384 => -25.0978477296
HOST|-0.00016|0.39825|0.23182|0.01631|-0.09504|-0.52037|-0.11860|0.29380 => -49.5514496133
HOST|0.00002|0.31819|0.02427|-0.00608|-0.01529|0.83493|-0.39079|0.07656 => -50.1733056535
HOST|-0.00003|-0.18858|0.00800|-0.06455|-0.05785|-0.21499|-0.07452|-0.21660 => -87.3463739532
SERVER|-0.00003|0.39537|-0.11667|0.00347|0.05433|0.47319|-0.28021|-0.26592 => -18.3478103627
SERVER|-0.00007|0.32989|0.15524|0.05654|-0.49563|-0.01870|-0.54307|0.74337 => -290.503107095
HOST|-0.00005|-0.35352|-0.24943|0.02479|0.12520|-0.06156|0.08490|-0.17572 => -1.1169043741
HOST|-0.00007|0.25528|0.05556|0.19564|0.17937|-0.27382|0.26547|0.05185 => 136.80868045
SERVER|0.00013|-0.54391|-0.06200|0.04590|-0.05766|0.24157|0.14870|-0.09530 => -89.6483747844
SERVER|0.00014|-0.40602|-0.24278|-0.01888|0.21963|-0.37234|-0.45579|0.23130 => -92.5273915772
HOST|-0.00018|0.17716|-0.01232|0.00680|-0.37042|0.40467|-0.43553|0.58877 => -243.984663697
HOST|0.00020|0.11972|0.01026|-0.05361|-0.05807|-0.13418|-0.56567|-0.79485 => -100.94007808
SERVER|0.00019|0.00825|0.08788|0.02251|-0.29549|0.00344|0.08106|0.79820 => -90.2333170351
HOST|0.00003|0.34310|0.08684|0.20370|0.08281|0.12894|-0.13340|-0.65566 => 39.684777505
HOST|0.00014|-0.52029|0.25448|0.13240|0.20488|0.24703|0.24260|0.33012 => 71.2421953297
SERVER|-0.00015|0.13811|0.16811|0.12998|0.15063|-0.18017|0.62892|-0.99062 => 142.994726894
HOST|0.00009|0.03758|-0.14251|-0.28881|-0.09665|0.44827|0.37781|-0.54530 => 45.4620616439
SERVER|0.00004|0.24030|0.19192|0.07316|0.25400|-0.06757|0.23022|-0.31034 => 160.13762764
HOST|-0.00003|0.06070|0.04486|0.10623|0.20881|0.02012|0.23310|-0.46490 => 126.903463388
HOST|-0.00001|0.41990|-0.18109|-0.15712|0.00369|-0.21824|0.25787|-0.45733 => 100.00151509
SERVER|0.00001|-0.16226|-0.11716|0.03365|0.46326|0.00196|0.15204|-0.24320 => 153.195912404
HOST|0.00016|-0.26015|-0.03910|0.00253|0.24080|0.85232|-0.17688|0.60157 => 27.349278533
SERVER|-0.00005|0.00315|0.14786|0.06014|-0.05911|0.58986|-0.18015|-1.37664 => -93.9574798612
HOST|0.00020|-0.21847|-0.05917|0.05855|0.04153|0.92060|-0.25323|0.08785 => -30.4514720707
SERVER|-0.00002|0.05998|-0.05591|0.15204|-0.21818|-0.53253|-0.40770|0.18292 => -198.293918581
HOST|0.00000|-0.08088|0.24271|-0.16732|0.15480|0.14728|-0.07950|0.37130 => 2.32346787231
HOST|-0.00003|0.17274|-0.03517|-0.02827|0.09203|-0.14777|0.01831|1.23416 => 35.2605801249
SERVER|-0.00002|-0.22959|0.27143|-0.07780|-0.00115|0.42428|-0.23277|0.29155 => -119.688196446
SERVER|0.00002|0.50067|0.15689|0.06053|0.35242|-0.13884|0.05964|-1.09005 => 181.820192211
SERVER|-0.00012|-0.07995|-0.26958|-0.16433|-0.17098|0.08923|-0.28956|-0.79829 => -198.53579904
SERVER|0.00011|0.15920|-0.16769|0.03569|0.13285|0.21253|-0.56685|0.00463 => -67.2533641712
SERVER|0.00007|0.40764|-0.11901|-0.07494|-0.40112|0.08785|-0.44327|-0.26973 => -198.124064632
SERVER|-0.00004|-0.25558|-0.11731|-0.02914|0.24292|-0.00370|0.66747|0.00343 => 169.109290943
SERVER|-0.00011|0.08890|-0.06251|-0.13934|0.14264|-0.20118|-0.54923|0.21986 => -114.034729339
HOST|-0.00019|-0.19112|0.13907|0.14290|-0.06568|0.05988|-0.22412|0.26934 => -140.469739215
SERVER|0.00016|-0.15248|0.03267|0.04125|-0.16625|0.76986|0.43176|-0.30038 => 20.9285134654
HOST|0.00005|-0.04833|-0.08546|-0.07125|-0.01122|0.24665|-0.10295|-0.62629 => -36.3887692576
HOST|-0.00009|0.36269|-0.03125|0.00879|-0.20627|-0.20950|0.15917|0.38033 => -9.10309069386
SERVER|-0.00020|0.01446|0.06399|-0.04523|-0.09372|0.20280|0.27888|0.37918 => -25.9135498043
SERVER|0.00009|-0.19361|0.03855|-0.12635|0.00781|0.44884|-0.49753|-0.05791 => -138.612988471
SERVER|0.00014|-0.19273|0.07052|-0.00734|-0.04104|-0.11956|0.16317|-0.79333 => -7.43351229889
HOST|0.00007|0.29741|-0.01554|-0.12635|0.12131|0.02467|0.27069|0.10144 => 137.494380445
SERVER|0.00007|0.39370|0.03430|-0.02454|-0.17239|0.43610|0.33638|-0.53822 => 35.612948736
HOST|-0.00011|-0.49234|0.09729|-0.08864|0.05139|0.32148|-0.67736|0.39252 => -241.366259631
SERVER|-0.00012|-0.12534|-0.01994|-0.01915|0.10841|0.37851|0.16647|-0.38385 => -2.2367966633
HOST|0.00003|-0.29386|-0.00135|-0.00907|0.08999|-0.04109|0.08306|-0.15536 => 18.3862633624
HOST|0.00013|0.18384|0.14896|-0.00990|-0.16881|-0.58949|0.24151|-0.10211 => 34.8766242091
SERVER|0.00017|0.24271|-0.13061|0.00944|-0.25570|-0.23579|0.63636|-0.24417 => 88.9527946248
SERVER|-0.00004|0.60345|0.12058|-0.00205|-0.03576|0.69446|0.32877|0.04251 => 101.42042438
SERVER|-0.00001|0.08513|0.19113|-0.16767|-0.30288|-0.30796|0.00799|-0.61433 => -124.590418471
HOST|0.00005|-0.20302|-0.09981|-0.11421|-0.10569|-0.11850|-0.76470|0.13383 => -247.079162893
HOST|-0.00012|0.17275|0.12279|-0.05817|0.26592|0.13093|-0.16363|0.63884 => 47.7365834561
HOST|0.00017|0.16406|-0.07939|0.07294|0.39486|0.25130|-0.20610|0.76653 => 136.683008147
HOST|-0.00022|0.42572|-0.27178|0.21382|-0.07876|0.40418|0.49015|0.60311 => 92.6495256379
HOST|-0.00007|0.16274|0.19236|-0.08016|-0.23920|0.14252|-0.17403|0.57181 => -113.631407138
HOST|0.00003|-0.19287|-0.11571|-0.02119|0.01040|0.32167|0.00450|0.29472 => -30.9688724714
SERVER|-0.00009|-0.11509|0.02716|-0.00066|0.29565|0.09170|-0.28956|-0.52117 => -9.05378977056
HOST|-0.00004|-0.31846|0.03564|0.13472|0.02638|0.68429|-0.08048|-0.67034 => -80.5722652238
HOST|0.00004|0.55110|-0.15976|0.00454|-0.12997|0.92152|0.66168|-0.44193 => 182.251911839
HOST|0.00011|-0.25507|0.02334|0.04623|-0.40149|-0.53757|0.22466|-0.16421 => -112.355942032
SERVER|-0.00012|-0.43438|0.01739|-0.19121|-0.20979|0.28380|0.07144|-0.22633 => -165.529991757
SERVER|0.00012|0.06012|-0.05416|0.03329|-0.11808|0.23923|0.53924|-0.41465 => 81.8675024829
SERVER|-0.00001|0.59826|-0.12254|-0.04796|-0.24083|0.03269|-0.45078|-0.78607 => -138.142546551
HOST|0.00012|0.13709|0.19693|-0.08201|-0.06562|0.14647|-0.18392|-0.36423 => -34.9931968522
HOST|0.00002|-0.59205|-0.20682|0.08138|-0.09378|-0.19727|0.18645|-0.20693 => -80.8073583155
HOST|-0.00016|0.62011|0.21191|0.02387|0.24932|-0.23526|0.41758|1.22020 => 232.255718702
SERVER|0.00020|-0.07741|0.13648|0.18950|-0.13462|0.07401|-0.76927|0.20253 => -230.540733491
SERVER|0.00006|0.29330|0.09458|0.06869|-0.03075|0.42183|0.02419|-0.17376 => 24.3797759946
HOST|-0.00012|0.09627|-0.09042|-0.04492|-0.03348|-0.22434|-0.45214|0.02094 => -144.284296081
HOST|0.00003|-0.23797|0.04897|0.04573|0.05815|-0.10963|0.52596|0.46046 => 93.7935653592
SERVER|0.00006|0.42826|0.07850|0.06793|0.01007|0.14769|0.22004|0.43228 => 107.855324615
SERVER|-0.00002|0.08141|0.15805|-0.06559|0.10516|0.20240|-0.08746|0.51482 => 3.05036659719
SERVER|-0.00009|-0.22016|-0.02596|0.13760|0.06294|0.22849|0.06128|0.25273 => -42.6032987421
SERVER|-0.00009|-0.20584|0.30722|-0.00087|-0.23483|0.15114|0.20928|-1.12378 => -114.345543848
SERVER|-0.00001|0.03276|-0.18065|-0.13328|-0.06764|0.15745|-0.14432|-0.78281 => -84.8395440538
HOST|0.00003|-0.26561|-0.19933|-0.01784|-0.00372|0.18345|0.19343|0.27360 => -9.77340643791
HOST|0.00005|-0.00917|-0.04311|0.02933|-0.07786|-0.32459|-0.39929|0.23167 => -116.211643424
HOST|0.00012|0.07538|-0.15460|0.01684|0.21095|0.41575|0.15439|-0.12644 => 129.713625096
SERVER|0.00015|0.33694|0.10632|-0.12681|-0.15825|0.33939|-0.24237|-0.32673 => -69.2117109682
SERVER|0.00008|-0.12112|-0.13938|0.03313|0.02955|0.04446|0.25274|0.32145 => 38.0082722772
SERVER|0.00011|-0.02585|-0.20194|-0.07196|-0.41106|0.33461|0.43572|0.78132 => -77.6802342
HOST|-0.00007|-0.06899|0.06143|-0.04261|-0.00691|0.60681|-0.02842|-0.59752 => -34.2658442864
HOST|0.00021|-0.33797|0.08840|-0.11857|-0.01962|-0.30292|-0.44903|0.29537 => -139.450609721
HOST|0.00008|0.21837|0.14785|-0.16840|0.00755|-0.15522|-0.24314|0.03246 => -23.5049518883
SERVER|0.00009|-0.39596|0.07333|0.02851|-0.19968|0.35593|-0.65976|-0.02874 => -291.647832706
SERVER|-0.00017|-0.08235|-0.28656|-0.06941|0.24654|0.12303|-0.25687|-0.93272 => -26.8103039354
SERVER|-0.00014|0.01838|0.01982|-0.02259|-0.18696|0.21757|0.79202|0.30867 => 64.6668487305
HOST|-0.00007|-0.02481|-0.10562|0.05698|-0.05547|0.16671|0.31067|-0.11712 => 34.2465663046
HOST|-0.00013|0.04231|0.06431|-0.07041|0.03578|0.38889|-0.69369|-0.13170 => -178.228199736
HOST|-0.00009|-0.30236|-0.18610|0.06377|0.29100|0.04265|-0.37889|-0.35153 => -49.04248604
SERVER|0.00008|0.11751|-0.16895|-0.06840|0.18883|-0.34410|-0.26311|-0.44644 => -4.18622972879
SERVER|0.00003|-0.27119|0.14452|0.04844|-0.20402|-0.00489|0.04717|-0.50171 => -125.543571969
SERVER|0.00013|0.49609|0.15046|0.11141|-0.09938|0.34535|0.88644|0.00393 => 222.600870048
SERVER|-0.00001|0.24341|0.01013|-0.15658|-0.00903|0.26161|-0.24622|0.01766 => -53.6178377516
HOST|0.00013|0.59692|0.05949|0.01499|-0.04660|-0.23533|-0.01056|0.94311 => 86.0205846099
SERVER|-0.00023|0.23022|-0.04361|0.07788|0.18653|-0.38506|0.15315|0.64362 => 65.2778235926
SERVER|0.00003|-0.45219|0.21930|0.08351|0.17897|0.12736|-0.15673|-0.09827 => -50.9853900129
HOST|-0.00019|0.19352|-0.17442|0.05342|-0.15116|-0.12298|-0.12540|-0.31117 => -98.127413755
HOST|-0.00011|0.63422|-0.22817|-0.05303|0.30068|0.39428|0.05413|0.53823 => 187.041069465
HOST|0.00008|0.25704|-0.15287|0.12124|0.24405|0.08618|0.56375|0.81749 => 249.501973552
HOST|-0.00007|-0.03379|-0.04334|-0.07410|-0.05413|-0.38985|0.12724|-0.35090 => -17.7385006213
HOST|0.00010|0.54973|-0.10463|0.06165|0.05681|0.23634|-0.08647|-0.94369 => 89.4085661394
HOST|-0.00001|0.44603|0.02429|-0.02442|-0.29851|-0.16537|-0.00354|-0.52973 => -46.9152538774
HOST|0.00002|-0.31031|0.36852|-0.11271|0.09131|-0.14168|0.28323|0.26022 => 51.3737090271
SERVER|-0.00012|-0.41380|-0.04058|-0.06877|-0.27650|0.63921|0.10738|-0.16013 => -179.470533197
SERVER|-0.00005|0.40954|-0.03715|0.04675|0.09150|-0.57755|0.02290|-0.42915 => 60.4131131151
HOST|0.00020|-0.16673|-0.03811|0.05240|0.30854|0.42091|-0.31907|0.11751 => 38.8679981019
HOST|-0.00004|0.01260|0.02485|-0.04993|0.24824|-0.28245|0.33017|-0.34087 => 154.809637916
HOST|0.00018|0.14992|0.19422|0.00225|0.40427|-0.26748|1.01732|0.47537 => 423.622886089
SERVER|0.00006|0.17625|-0.07981|0.05689|-0.10512|0.39728|-0.30075|0.04959 => -105.789060281
SERVER|-0.00019|-0.18480|-0.18696|0.05559|-0.03682|-0.06342|-0.63902|-0.79170 => -246.817335421
HOST|-0.00002|0.16187|-0.05196|-0.07069|-0.00423|-0.24073|-0.06288|-0.03028 => -7.72709284035
HOST|0.00005|-0.08063|-0.02607|0.09055|0.21417|-0.19817|0.07415|0.41034 => 72.1168212707
HOST|0.00003|0.16700|0.02629|-0.07892|-0.37334|0.32806|-0.22355|0.17929 => -166.019090077
HOST|0.00002|-0.14275|-0.14835|-0.15102|0.17082|-0.10424|0.29466|0.45346 => 102.210848907
SERVER|-0.00002|0.51276|-0.01278|-0.17988|-0.12370|-0.16930|-0.20245|-0.44049 => -49.7687043756
HOST|0.00020|-0.50148|-0.20069|0.19659|-0.23813|0.04503|0.06028|-0.20561 => -139.006300283
HOST|0.00004|-0.46089|-0.06623|-0.02294|0.02937|-0.09880|0.83703|-0.37586 => 128.668088633
HOST|-0.00009|0.02385|0.13594|0.09827|0.29648|-0.37859|-0.00030|0.00387 => 85.0243200883
SERVER|-0.00017|0.23090|-0.12084|0.22646|-0.16013|0.41228|-0.64860|0.74581 => -252.615669294
SERVER|0.00011|0.02893|-0.05746|0.06420|0.16520|0.44623|-0.08329|-0.15163 => 27.8396698889
SERVER|0.00004|0.12788|-0.02721|-0.13870|-0.06631|-0.41406|-0.12767|-1.10344 => -58.3885168423
HOST|0.00022|-0.16035|-0.12273|0.02771|-0.06947|0.08584|-0.37547|0.32263 => -99.2207214866
HOST|0.00005|0.52664|-0.08738|0.16175|-0.22501|0.18199|-0.19072|-0.04123 => -56.9597319926
HOST|-0.00010|0.55324|0.13591|-0.03600|-0.00407|0.36683|0.06400|-0.66572 => 60.1695109751
SERVER|0.00001|-0.05266|0.10894|-0.05351|-0.36075|-0.23525|-0.10950|-0.07463 => -200.655914818
HOST|0.00022|0.32749|0.22601|-0.02138|-0.05863|-0.28488|-0.39289|0.34633 => -53.8385029701
HOST|-0.00007|0.45588|0.24659|0.00651|-0.40070|0.43200|-0.01715|-0.15527 => -122.202346118
HOST|-0.00020|0.58996|-0.30771|-0.10097|0.16852|-0.01871|0.55358|0.50934 => 235.527473254
HOST|-0.00012|-0.32295|0.03739|-0.03939|0.18706|-0.25874|0.05895|0.43749 => 3.5632090051
HOST|-0.00002|-0.04723|0.04242|-0.02669|0.07296|0.05583|0.03970|0.09627 => 18.3408884811
HOST|0.00000|-0.09216|0.06006|-0.03098|0.16119|0.07574|0.20261|-0.31294 => 72.7404443943
HOST|0.00004|0.46026|-0.04282|0.07431|0.06229|0.33451|-0.01381|-1.01078 => 78.0681267118
HOST|-0.00003|-0.33863|-0.21615|-0.00757|-0.00027|0.26317|0.43413|-0.67483 => 45.04515341
HOST|0.00012|0.21999|-0.01470|-0.05349|-0.23633|0.67080|0.05842|0.08887 => -22.0141586148
HOST|0.00004|-0.15192|-0.07090|-0.06921|-0.12357|-0.52977|-0.13125|-0.15242 => -95.8121415062
HOST|0.00013|0.08637|-0.08436|0.09714|0.04761|-0.00964|0.05816|0.69921 => 59.7276145961
SERVER|0.00002|0.48912|0.07016|0.01091|0.18848|0.03422|-0.18385|-0.67914 => 80.3828949819
SERVER|-0.00015|-0.22951|0.00981|-0.09867|0.04022|0.16888|-0.71756|-0.25989 => -243.498712601
HOST|-0.00008|-0.29041|0.17331|0.04427|-0.07011|-0.04339|0.35933|-0.03374 => -14.1896245801
SERVER|0.00007|-0.35919|-0.18155|0.12268|0.08799|-0.34751|-0.35396|-0.46005 => -108.347457504
HOST|0.00008|0.17445|0.05551|-0.02099|0.12697|-0.37906|-0.05252|-0.56405 => 71.6281913679
HOST|0.00016|-0.06765|-0.08975|0.07251|0.27238|-0.07314|0.81053|0.48393 => 287.82265824
HOST|0.00006|-0.15368|-0.07821|0.09929|0.43729|-0.43897|0.29665|0.38907 => 207.707338091
HOST|0.00006|-0.20101|0.01473|-0.11447|0.10457|-0.08207|-0.02915|-0.19175 => -3.93331892347
SERVER|0.00002|-0.05847|-0.00038|-0.02537|0.33424|-0.18758|0.17889|0.15956 => 133.061998083
HOST|0.00010|-0.21769|0.19532|0.03714|-0.01569|0.44384|-0.82196|-0.10100 => -228.180726885
HOST|0.00003|0.14513|0.03505|-0.06092|-0.05491|-0.02092|0.26232|-0.10056 => 46.0674219611
HOST|0.00007|0.29610|-0.04175|-0.09022|-0.02746|-0.09548|0.73977|0.36498 => 201.855585132
HOST|-0.00008|0.15156|-0.04297|-0.14197|-0.00692|0.14374|-0.21926|-0.22953 => -58.4851838522
HOST|-0.00015|-0.23569|-0.14780|0.03089|0.21011|0.16530|-0.07458|-0.12869 => -30.448024684
SERVER|-0.00028|-0.10038|-0.10699|-0.05516|0.16020|0.32070|-0.31528|0.18652 => -102.772963429
SERVER|0.00006|0.05278|0.01063|-0.02799|0.27426|-0.32234|0.41014|-0.57599 => 170.680111162
HOST|-0.00015|0.09745|0.04094|-0.00059|-0.38519|-0.21841|0.24213|-0.10644 => -102.539938258
HOST|0.00005|0.13818|-0.01207|-0.03852|0.22074|0.55076|0.32748|-0.12369 => 170.611280356
SERVER|-0.00003|0.43246|0.16215|0.15533|-0.04247|0.26676|0.12743|-0.52820 => 50.5482492619
HOST|0.00013|0.37308|0.14311|0.02179|-0.37569|0.28583|-0.34258|0.74590 => -145.13501923
SERVER|-0.00008|-0.29762|-0.15068|0.02090|-0.08526|0.18039|0.38057|0.19037 => -30.7781703261
SERVER|-0.00001|-0.06051|0.00737|0.02956|0.12982|-0.55196|-0.02360|0.14108 => 10.9394664039
HOST|-0.00002|0.44451|-0.01395|0.06258|0.04766|-0.31006|0.31685|0.54188 => 144.220298827
HOST|-0.00008|-0.12295|0.14399|-0.00346|-0.11401|0.36214|-0.28450|-0.08253 => -141.149936909
HOST|0.00003|-0.02680|-0.24040|0.01722|0.09934|0.44547|-0.32754|0.00324 => -59.9191565456
SERVER|-0.00003|0.04996|0.00456|0.01296|0.01349|0.32645|0.79392|1.34357 => 160.309765781
SERVER|0.00012|0.07515|-0.03709|0.00905|0.03944|-0.17805|0.02051|-0.31703 => 34.0853265944
SERVER|0.00003|0.05233|-0.20354|-0.07439|0.03248|0.08097|-0.16626|-0.44726 => -38.7059388982
HOST|-0.00008|0.27616|0.06027|-0.03488|-0.09672|-0.20363|-0.12023|-0.99921 => -42.2137860024
HOST|0.00010|-0.01113|-0.18757|-0.06444|0.17715|-0.69957|-0.11217|0.03054 => 30.5957224858
HOST|-0.00003|-0.04955|-0.14179|-0.05501|-0.06938|0.06614|-0.39192|-0.19813 => -126.556152699
HOST|0.00004|0.58795|-0.01096|0.01102|-0.03697|0.07728|0.06024|0.26121 => 74.7282668069
HOST|-0.00008|-0.15012|0.16958|-0.02453|0.13215|0.16590|0.01709|1.58877 => 7.48342334971
SERVER|0.00034|-0.27005|0.16164|-0.05001|-0.07918|0.05341|-0.00522|0.16646 => -31.8649100922
SERVER|-0.00002|-0.07524|-0.00964|-0.07499|-0.00761|-0.20617|-0.19876|0.45470 => -79.3528029763
SERVER|0.00006|0.71204|-0.05975|0.02314|-0.39835|0.08104|-0.44060|1.16072 => -167.728845003
SERVER|-0.00019|-0.26820|0.03587|-0.03112|0.05337|0.50050|-0.07498|0.22492 => -86.5494526124
HOST|0.00011|-0.21798|-0.11070|-0.05586|-0.12025|-0.04753|-0.34686|0.48477 => -149.97113292
HOST|0.00001|-0.23209|-0.04702|0.04121|-0.43955|-0.15988|0.08137|0.14299 => -181.395930435
SERVER|-0.00008|-0.04451|-0.07112|-0.04079|0.18479|-0.37565|0.85782|0.11883 => 218.355939764
HOST|0.00000|-0.29859|0.10111|0.08820|0.01615|0.16694|-0.49330|0.13383 => -159.980608082
SERVER|0.00010|0.22964|0.05593|-0.11349|0.21232|-0.03923|0.61831|-0.88662 => 243.055341464
SERVER|-0.00005|-0.18952|-0.01004|-0.11451|-0.31777|-0.21733|-0.03872|0.70322 => -177.261240908
SERVER|0.00015|0.58104|0.10273|-0.01053|0.03920|-0.21405|0.70828|0.36052 => 257.12549637
HOST|-0.00005|-0.11059|0.19162|-0.12317|-0.06107|-0.36468|0.01538|0.21825 => -55.1743475155
SERVER|-0.00015|-0.04334|-0.01569|0.11134|-0.05183|-0.25751|-0.09168|0.07953 => -95.8112260012
HOST|0.00001|-0.11855|-0.00796|0.13564|0.16760|0.09674|-0.56834|0.21544 => -96.3280155487
HOST|0.00017|-0.41926|-0.16632|0.10811|-0.12030|-0.46751|-0.59289|-0.64412 => -215.193959715
HOST|0.00003|-0.01358|0.23898|-0.06068|-0.11883|-0.17264|0.17815|-0.42451 => -19.5066452067
SERVER|-0.00012|0.32139|0.15191|0.05460|0.16422|-0.43824|0.09216|-0.54384 => 72.6487915463
SERVER|-0.00023|-0.00927|0.11657|0.19256|0.27522|0.30304|0.54955|-0.44023 => 151.404732116
HOST|0.00009|0.02715|-0.13078|-0.04192|-0.23802|0.31179|-0.06211|0.68302 => -91.626779054
SERVER|-0.00013|-0.11916|-0.01235|-0.02529|-0.04442|0.67488|0.17967|-1.30479 => -42.7822240865
HOST|0.00001|-0.13027|0.06921|0.17265|0.14549|-0.19844|0.12198|-0.50324 => 48.9700673063
SERVER|-0.00001|0.11492|0.15952|0.02093|0.04809|-0.20329|0.26159|-0.11566 => 60.6303995163
HOST|-0.00001|-0.24352|0.04651|-0.00469|0.10721|-0.46752|0.30812|-0.20383 => 69.060889014
HOST|0.00020|-0.11806|0.04898|-0.07369|-0.22488|-0.26502|-0.38225|0.40551 => -153.874440334
SERVER|0.00011|-0.57916|-0.18802|-0.01884|-0.26137|-0.39811|0.52512|0.89153 => -54.9330072771
SERVER|-0.00005|-0.30209|0.11317|-0.05456|-0.16139|-0.35791|0.01224|0.82964 => -133.156786735
SERVER|0.00021|0.14260|0.28374|0.16469|0.20242|0.17108|-0.39630|0.60468 => 12.4969188483
HOST|0.00011|0.00551|-0.01764|-0.21464|-0.07834|0.72586|0.47346|0.56714 => 89.8230051353
SERVER|-0.00013|-0.35213|0.36597|-0.15568|-0.00933|0.04763|0.01956|0.05351 => -97.2357389877
SERVER|0.00019|0.42189|-0.02734|-0.04889|-0.20976|-0.51285|0.18632|-0.64655 => 22.1432352994
SERVER|-0.00015|-0.00322|0.08869|-0.02081|0.08162|-0.09280|-0.50335|0.73172 => -131.65774139
HOST|0.00008|-0.40233|-0.14874|0.04705|-0.42459|-0.01235|-0.58615|0.17667 => -328.367916376
SERVER|0.00005|-0.23148|-0.06293|-0.14926|-0.22038|-0.39265|0.41737|-0.27796 => -31.6898834876
SERVER|0.00009|0.15469|0.19642|0.06039|-0.16684|0.62239|-0.14583|-0.86504 => -99.7195903009
HOST|0.00005|-0.06377|0.08775|-0.06502|-0.13077|0.90386|-0.20524|0.34230 => -113.145711459
HOST|0.00002|0.51881|-0.02638|0.10514|-0.17512|-0.08657|-0.89609|-0.29792 => -209.878390876
SERVER|0.00009|-0.08805|0.14114|0.08259|-0.04167|0.11180|-0.34844|0.85937 => -114.920410734
HOST|-0.00023|-0.05327|0.00299|-0.17415|0.45752|0.40228|-0.06611|1.22977 => 88.5896298913
SERVER|-0.00002|0.23735|0.00751|-0.06344|0.01574|0.21650|0.43388|-0.22083 => 117.93946699
HOST|-0.00003|0.13230|0.02652|0.04671|-0.17220|-0.73388|0.29203|-0.45975 => 18.675955901
SERVER|0.00005|0.33855|0.11208|-0.04549|-0.52358|-0.14218|0.41086|-0.37278 => -55.6710095998
SERVER|0.00028|-0.12938|0.08074|-0.16089|-0.05585|-0.56161|0.16231|-0.48881 => 25.9516962831
HOST|-0.00003|-0.68076|-0.00805|0.10579|-0.13345|-0.04215|0.01580|-0.71624 => -166.900640303
SERVER|-0.00004|-0.47678|-0.07937|0.02860|0.29456|-0.36613|-0.26641|0.39011 => -63.0246572593
HOST|0.00011|0.34921|-0.04241|0.14746|0.06891|0.55194|0.50661|0.48076 => 214.223784342
SERVER|-0.00011|-0.08716|-0.00623|-0.04042|0.07589|0.61744|-0.82382|0.21994 => -208.795487473
SERVER|-0.00004|0.01662|-0.01745|-0.18003|-0.44545|-0.38159|0.15923|0.14549 => -149.592857248
SERVER|-0.00003|-0.45589|-0.08130|0.00938|-0.05606|-0.01845|0.22530|-0.06206 => -74.2597865053
HOST|-0.00004|0.33129|-0.05802|0.02465|-0.14269|0.10765|0.60150|0.24374 => 131.968515563
HOST|0.00002|0.17991|0.15982|0.07254|0.10314|-0.44353|0.31285|0.28455 => 133.453624241
HOST|-0.00000|0.15776|-0.24793|-0.15974|-0.02727|-0.23980|0.25522|0.30893 => 61.6705384532
HOST|0.00003|0.07397|0.27541|-0.13930|-0.23844|-0.03920|-0.07037|-0.70829 => -110.391997407
HOST|-0.00022|-0.01406|-0.12932|0.08661|-0.20290|-0.26455|0.04264|-0.16228 => -111.575161327
HOST|0.00017|-0.12527|-0.13870|-0.09339|-0.10462|-0.23136|-0.38058|-0.68743 => -123.708644335
HOST|0.00005|0.02321|0.08014|0.04018|0.18944|-0.31280|-0.15462|-0.78015 => 44.1828234497
SERVER|0.00014|0.08063|0.00511|0.14115|-0.18509|-0.10788|0.29662|-0.35004 => 7.76046980001
SERVER|-0.00030|-0.21773|0.11899|0.00863|0.12851|0.43250|0.09003|0.06349 => -44.805882166
SERVER|0.00019|0.07728|0.23179|-0.02006|-0.13064|0.41298|0.54420|-0.44980 => 94.7611216457
SERVER|0.00023|-0.62893|0.15473|-0.02860|-0.10681|-0.35023|0.68099|-0.47880 => 27.9262617925
HOST|-0.00011|0.11665|-0.14210|-0.06627|-0.00519|-0.12954|-0.23068|0.97216 => -74.9297410041
SERVER|0.00008|-0.03509|0.22670|0.02984|0.03400|-0.36446|0.01347|-0.91439 => -2.71533914576
HOST|-0.00009|0.04428|-0.08739|-0.11424|0.37002|0.30207|-0.01338|-0.32661 => 116.735809786
SERVER|-0.00005|-0.37518|0.09178|-0.03939|-0.19173|-0.14439|-0.64888|0.59679 => -299.429547791
SERVER|0.00010|0.01363|0.20950|-0.06818|0.06593|-0.08716|0.30185|-0.71876 => 94.5793891439
HOST|0.00008|-0.10829|-0.12856|0.06209|0.16118|-0.83692|-0.14643|0.57550 => 26.2436018479
HOST|-0.00013|-0.27247|-0.03821|0.13292|0.13389|-0.08080|-0.12678|-0.80061 => -48.2442738699
HOST|-0.00008|-0.39871|0.12574|0.01121|-0.08791|-0.18762|-0.06651|-1.40207 => -139.177148337
SERVER|-0.00004|0.12775|-0.03724|0.13940|-0.25088|0.01384|-0.07887|0.56717 => -122.976547115
HOST|-0.00005|0.07717|-0.08219|-0.16656|-0.04278|-0.20001|-0.40800|0.26070 => -105.804353708
SERVER|-0.00010|-0.16705|-0.00376|-0.16016|0.02269|0.08602|-0.14970|-1.16364 => -107.307212899
SERVER|-0.00008|0.29950|0.02097|0.04481|-0.00877|-0.45461|-0.27121|-0.05906 => -53.2148814875
SERVER|0.00005|0.04343|0.05618|-0.04607|0.21595|-0.28187|-0.01454|-0.66498 => 60.0100723464
HOST|-0.00009|-0.29016|0.29496|0.04338|0.04020|0.08867|0.38569|-0.73697 => 34.0421423234
SERVER|-0.00024|-0.13907|0.10562|0.06684|0.07629|0.28582|-0.95970|-0.28217 => -290.54009812
SERVER|-0.00013|0.08979|0.25911|0.14742|-0.38720|0.01505|0.12211|0.27693 => -134.289212757
HOST|-0.00013|0.32604|0.16765|0.00932|0.29919|0.12801|0.08326|0.40781 => 141.344386146
SERVER|0.00008|-0.17621|-0.10780|-0.00730|0.13623|-0.17489|-0.13235|-0.56232 => -12.5464271773
SERVER|-0.00009|-0.31693|-0.04880|0.07131|0.16088|-0.40672|0.37510|-0.18327 => 50.8571134576
SERVER|0.00024|0.15514|-0.10987|0.08321|-0.08321|-0.27730|0.55342|0.38643 => 114.913773415
SERVER|0.00008|0.24003|-0.12521|-0.05305|-0.00541|-0.22425|0.67978|-0.46039 => 186.321793067
SERVER|0.00014|-0.06153|0.02708|-0.05131|-0.24070|0.10312|0.10550|0.62678 => -71.0378415063
HOST|0.00001|-0.23553|-0.06418|0.06005|-0.00644|-0.05631|-0.03047|-0.46600 => -58.6816873918
SERVER|0.00002|-0.06820|0.03667|-0.07470|-0.11502|0.11724|0.23933|0.07986 => -23.9967544421
SERVER|-0.00003|-0.03097|0.10540|-0.04343|0.10716|0.35185|-0.32563|-0.08467 => -62.9830115484
SERVER|0.00009|-0.03756|-0.21338|-0.00466|-0.17717|0.37966|0.20272|-0.35279 => -27.6137943726
HOST|-0.00007|-0.09561|-0.11196|0.11159|-0.17664|-0.08992|-0.27807|0.07620 => -160.781126399
HOST|0.00001|0.05358|0.25212|-0.09311|0.11528|-0.43570|0.29217|-0.64656 => 96.9154363721
HOST|0.00018|0.22716|-0.13993|-0.10511|0.08561|-0.04407|-0.51855|-0.13249 => -41.5170601706
SERVER|-0.00012|-0.71097|-0.13467|-0.03066|-0.19028|-0.12429|-0.23054|-1.16234 => -273.844201307
SERVER|0.00001|-0.12283|0.05257|-0.13287|-0.15723|-0.18167|-0.59739|0.23119 => -231.89110965
SERVER|-0.00020|-0.11388|0.05539|0.12916|0.17432|-0.37976|-0.64595|0.83547 => -170.167377615
HOST|-0.00008|-0.19464|-0.05915|0.02605|-0.14271|-0.10477|0.43555|0.12972 => -3.29037058898
HOST|-0.00019|0.15373|-0.09248|0.06330|-0.27050|-0.03423|0.25168|0.76592 => -63.7432542091
HOST|0.00002|-0.04850|-0.31916|0.12750|-0.26596|-0.13640|0.26565|-0.52476 => -52.3506935373
HOST|0.00013|0.08336|-0.18190|0.01266|-0.06446|-0.20640|0.77322|-0.60239 => 163.915786054
HOST|0.00010|-0.00418|-0.19625|0.08635|0.04115|0.17068|0.61912|0.89427 => 177.401279247
HOST|-0.00003|0.43778|0.04452|0.11778|-0.19640|-0.44325|-0.49810|-0.18048 => -144.229217421
SERVER|0.00018|-0.12864|0.08197|0.04450|0.08695|0.11637|0.67158|-0.36617 => 172.995549289
HOST|0.00015|-0.16526|0.11334|-0.04338|0.05582|0.71193|-0.40078|-0.26376 => -89.9199891177
HOST|-0.00029|0.24783|-0.07205|-0.02232|-0.00726|0.64655|0.34509|0.03283 => 50.0619425808
HOST|0.00008|0.38684|-0.09196|0.01254|-0.13387|0.02079|0.24772|-0.11756 => 65.0053503288
HOST|-0.00022|0.23243|0.39016|0.07275|-0.00996|0.24544|-0.04543|1.18420 => -27.2611305972
SERVER|0.00004|-0.39754|0.10007|-0.01113|0.18480|-0.36668|-0.72717|0.34376 => -187.067249985
SERVER|-0.00014|0.38285|-0.10914|-0.04328|0.08011|-0.20414|0.19241|0.55997 => 65.8871028645
HOST|0.00004|0.41699|-0.23578|-0.03299|-0.19060|0.27024|0.44909|0.15655 => 89.7860541461
HOST|0.00018|0.10541|0.03972|0.09124|-0.08181|0.13027|-0.11921|0.02462 => -16.9215431013
HOST|-0.00016|0.08779|0.04400|0.06953|-0.18657|0.62237|0.88299|-0.51111 => 105.375374159
HOST|0.00004|0.14013|-0.15890|0.02683|0.35442|0.19652|0.74579|0.25167 => 312.557582854
SERVER|0.00003|-0.29894|-0.20857|-0.10966|-0.06311|-0.05304|-0.34840|-0.12726 => -164.061016672
SERVER|-0.00002|0.36367|-0.14070|-0.07241|0.06630|0.33168|0.56166|0.43452 => 172.85496855
SERVER|-0.00001|0.14639|0.04734|0.05033|-0.21284|-0.03286|0.26108|-0.01309 => -20.8891356642
SERVER|-0.00000|-0.30985|0.25975|-0.06933|-0.08588|0.17829|-0.45339|-1.17021 => -217.20237195
HOST|-0.00005|-0.20228|-0.15077|-0.06238|-0.17124|0.07963|0.36736|0.59414 => -22.9232759181
HOST|-0.00005|-0.13543|0.00578|0.00486|0.25616|-0.02343|-0.51824|-0.36477 => -64.4898195039
SERVER|0.00011|0.49559|-0.11418|0.10543|0.07657|0.45364|0.21470|0.11057 => 144.059253354
SERVER|-0.00004|-0.04214|0.20516|-0.08046|0.01298|-0.36112|-0.46084|0.06911 => -148.75329486
SERVER|-0.00007|-0.16271|-0.09110|0.12004|-0.10470|-0.30365|0.60312|0.10089 => 38.261747787
SERVER|-0.00024|0.48730|-0.24051|0.04468|0.02769|-0.44633|-0.04352|-0.20789 => -14.2980364363
HOST|0.00002|0.06267|-0.05345|0.03680|0.02328|0.21231|-0.10682|-0.01986 => -28.3376221909
HOST|0.00008|0.08969|-0.22121|0.00260|0.08749|-0.08871|-0.44888|-0.94710 => -59.622227751
HOST|0.00023|-0.07629|0.14687|0.13705|0.03541|-0.06193|-0.65661|-0.25726 => -111.421720432
HOST|-0.00008|0.17623|-0.13223|0.02437|0.12669|0.39287|-0.37894|-0.21241 => -49.7386854165
SERVER|-0.00014|-0.18997|0.00139|-0.00779|0.11095|-0.06937|-0.23476|0.04034 => -98.995414067
SERVER|0.00033|0.08776|-0.14971|-0.01336|-0.01511|-0.83244|-0.29878|-0.15166 => -29.0308921029
SERVER|0.00003|0.20954|0.03904|-0.05372|-0.26133|-0.00754|-0.65086|-0.00574 => -228.489735606
SERVER|0.00025|-0.35349|-0.18145|-0.01282|0.23307|-0.15747|-0.41483|0.38477 => -75.7460154454
SERVER|0.00003|0.30788|0.20103|-0.04022|0.12438|-0.45737|0.21503|-0.16153 => 122.549765485
HOST|-0.00005|0.17720|-0.28953|0.07557|0.10531|0.16716|-1.27762|1.37257 => -249.352653011
SERVER|-0.00022|0.25190|0.06144|-0.00355|0.01281|-0.25587|0.07569|-0.57853 => -6.71029288355
SERVER|-0.00008|0.35830|0.10801|-0.09493|-0.01030|-0.61889|-0.08947|0.38463 => -11.1842020454
SERVER|-0.00021|-0.33722|0.15654|-0.11403|0.03544|-0.19963|0.06039|0.46330 => -73.5072732939
SERVER|-0.00002|0.01673|0.13251|-0.05831|0.09923|0.23627|-0.49017|-0.58910 => -108.584884444
SERVER|-0.00004|0.21155|0.16248|-0.00270|-0.10385|-0.14222|-0.51330|0.27489 => -148.556928019
SERVER|0.00016|0.02657|-0.13811|-0.00377|0.22873|-0.34451|0.12553|-0.40531 => 116.895064111
HOST|0.00009|-0.03152|-0.15890|-0.18563|0.12937|-0.14828|-0.00477|-0.12621 => 45.5367116717
HOST|0.00005|-0.19086|-0.22208|0.13057|-0.15862|0.84125|-0.18449|0.28560 => -128.689745629
HOST|-0.00006|-0.54878|-0.31050|-0.10448|-0.11290|-0.24827|-0.58126|-0.74871 => -271.986085294
SERVER|0.00015|-0.02838|0.09925|-0.08801|0.23100|0.08853|0.32235|-0.60948 => 144.25014372
HOST|0.00009|-0.35443|0.06255|0.06743|0.06104|-0.46608|0.44469|-0.33946 => 90.1978640681
HOST|0.00008|-0.21567|-0.03206|-0.10264|0.16947|-0.19323|-0.99421|0.61735 => -192.034495894
HOST|0.00001|0.03845|-0.14322|0.01413|0.18306|-0.39764|0.22507|0.54277 => 123.065246491
SERVER|-0.00013|-0.29895|0.24802|-0.03317|-0.27650|-0.45430|0.86955|0.04680 => 3.94280416966
SERVER|-0.00014|0.23641|0.03352|-0.09588|-0.16794|-0.27379|-0.21723|0.36997 => -126.900105626
HOST|0.00010|0.01647|0.08861|-0.02974|-0.00093|0.26464|-0.22632|-0.05633 => -40.9949093984
HOST|0.00014|0.08603|-0.03145|-0.01340|0.09673|-0.07716|-0.15490|-0.64021 => 45.6742058698
SERVER|-0.00008|-0.12721|0.02504|0.04166|0.05362|0.05934|0.24581|-0.25651 => 17.9548180106
HOST|0.00009|0.32663|-0.07043|-0.19449|0.22199|0.43588|-0.38886|-0.36187 => 53.0687743105
HOST|-0.00012|0.00380|0.14511|0.09287|0.18753|-0.18300|0.15255|-0.53070 => 73.5658398057
HOST|-0.00016|-0.07194|-0.13682|-0.13159|-0.24609|0.73624|0.00806|-0.64507 => -118.097420628
HOST|0.00017|-0.26035|-0.07301|-0.09798|0.08326|-0.26510|-0.36856|0.42808 => -84.5791017812
HOST|-0.00008|-0.42801|-0.12508|0.16495|0.04549|-0.29539|-0.89415|-0.51701 => -271.687726137
HOST|-0.00004|-0.14684|-0.06416|-0.10437|-0.37477|0.43873|0.27559|-0.14968 => -122.820088985
HOST|-0.00011|0.42524|0.03796|-0.12585|-0.35178|0.01197|0.20567|-0.32688 => -56.9047562129
SERVER|-0.00023|-0.14028|0.10859|0.07910|-0.04568|0.12961|0.37348|-1.05993 => -11.9269814139
SERVER|-0.00002|-0.06490|-0.19372|-0.07078|-0.21536|-0.59956|-0.02138|-0.91698 => -120.418066795
HOST|0.00007|0.23322|-0.07428|-0.17259|-0.05150|0.10687|-0.60122|-0.07045 => -107.923111915
SERVER|0.00019|0.17061|-0.06622|-0.14730|-0.10859|0.16482|-0.06791|1.20944 => -36.9557248342
HOST|-0.00006|-0.39905|-0.06854|-0.01120|-0.14722|0.12456|0.55242|0.30060 => 7.49059154181
SERVER|-0.00001|-0.58994|-0.07737|-0.07224|0.03774|0.24055|-0.45224|0.23240 => -221.954750566
HOST|0.00013|-0.00326|0.11704|0.03480|0.02206|0.24462|0.09242|-0.58701 => 27.1117084656
HOST|-0.00015|0.38251|-0.47669|-0.07717|0.02872|0.29112|-0.66257|-0.32068 => -129.305626615
SERVER|-0.00023|0.06218|0.07975|-0.09794|-0.08343|0.47287|-0.05027|-0.31765 => -112.482627704
SERVER|-0.00024|0.22975|-0.25700|-0.13009|-0.15335|0.11640|0.17381|-0.95915 => -44.1778593551
HOST|-0.00005|0.39481|0.18278|0.14220|-0.07052|0.08688|0.50941|-0.18104 => 124.932011834
HOST|-0.00002|0.29478|0.11446|-0.02389|-0.15687|0.06091|0.00134|0.61695 => -50.4094577293
SERVER|-0.00001|0.23172|0.12076|0.08130|-0.03705|-0.77035|-0.02014|-0.46298 => -24.17395424
HOST|-0.00019|-0.08142|0.01041|0.00821|0.29707|0.12815|-0.33440|-0.11360 => -9.27594656416
HOST|0.00007|-0.55003|0.12898|0.17822|0.17752|0.41992|-0.79943|0.44683 => -197.12998151
HOST|-0.00010|-0.21910|0.22859|-0.00040|-0.10830|0.97065|0.01871|0.06746 => -102.192271201
SERVER|0.00001|-0.29686|-0.06381|0.04172|0.15865|0.19003|0.02864|0.51038 => -17.3792812658
SERVER|0.00008|-0.34422|0.15601|0.04379|-0.02442|-0.76229|0.27256|-0.77014 => -10.4599261584
SERVER|0.00001|-0.02837|-0.04225|0.20293|-0.06021|0.23512|0.06402|-0.64706 => -40.369941835
SERVER|-0.00005|-0.16046|-0.06887|-0.01794|0.14014|0.33916|0.92439|1.35319 => 198.121034878
HOST|0.00004|-0.30212|0.19963|0.09823|0.28386|0.52339|-0.45467|-0.03687 => -55.2735137595
SERVER|0.00007|0.09501|-0.11717|0.03052|0.26929|-0.07432|0.79198|-0.91076 => 284.077691015
HOST|-0.00004|-0.02766|-0.01165|0.04407|0.03566|0.31704|-0.54723|0.44916 => -138.999681316
HOST|0.00006|0.33048|-0.00401|0.16231|0.08176|0.08443|-0.57420|-0.46196 => -55.6067456563
HOST|0.00001|0.14985|-0.12772|0.04372|-0.03273|-0.38661|-0.52212|-0.58863 => -129.312640873
SERVER|0.00043|0.15138|0.06693|-0.15317|0.05788|0.30738|-0.12639|0.06443 => 68.5350462343
HOST|-0.00028|-0.13093|0.00671|-0.12431|-0.22374|0.00934|-0.66064|0.93764 => -310.158388564
SERVER|0.00018|-0.49712|0.23937|0.02988|0.20886|0.30687|0.15181|-0.60868 => 36.499582944
SERVER|0.00002|-0.24169|0.04813|-0.06569|0.12655|0.23451|0.37613|-1.27935 => 59.7265801262
SERVER|0.00004|-0.06302|-0.11826|-0.10119|-0.04896|-0.41663|-0.06327|0.34118 => -62.6848752209
HOST|0.00012|-0.30285|0.01721|-0.03264|0.03464|0.38991|0.28843|-0.06785 => 51.240286105
HOST|0.00006|0.13489|-0.07905|-0.09221|-0.13442|0.51333|-0.03465|-0.23059 => -43.9446566326
SERVER|-0.00005|0.07466|-0.15765|-0.02609|0.08550|0.65270|-0.57301|-0.05793 => -122.501528602
HOST|0.00020|0.05996|-0.11654|-0.01595|-0.30876|0.79467|-0.02184|0.35358 => -95.9130428217
SERVER|0.00005|0.01152|0.07976|-0.21420|0.05951|0.15399|-0.02520|0.07956 => -13.3512140704
SERVER|0.00011|-0.41734|0.08099|0.02627|0.04280|0.04643|0.43968|0.10849 => 39.1778859994
SERVER|0.00024|-0.13904|-0.05197|0.06087|-0.11564|0.45032|-0.33119|-0.84474 => -148.553467263
HOST|-0.00002|0.21301|-0.23972|0.26074|-0.37438|-0.04657|-0.06319|-0.45479 => -133.55629909
SERVER|-0.00013|-0.08225|0.18636|0.10556|-0.31005|0.10105|-0.55307|-0.10651 => -297.077663242
HOST|-0.00010|-0.11382|-0.29072|0.04334|-0.10219|0.34570|-0.24291|-0.82270 => -147.544425233
HOST|0.00005|-0.24064|0.20311|0.08667|-0.06443|-0.39642|0.09786|-1.04434 => -35.6409404432
SERVER|0.00022|0.36489|0.17821|-0.00969|0.05686|0.49565|-0.02744|-0.23292 => 81.9546587036
SERVER|-0.00023|-0.06158|0.10152|-0.07952|-0.17023|0.06833|-0.24908|-1.38416 => -191.656316629
SERVER|0.00001|0.33903|0.14774|-0.10808|0.12285|-0.61000|0.78684|-0.04096 => 231.031936539
HOST|0.00003|0.09276|-0.13416|-0.05325|-0.02541|0.25845|0.18882|-0.42763 => 38.5771906049
SERVER|0.00002|0.16667|-0.03636|-0.06180|0.05694|-0.41751|0.13872|0.55950 => 65.8401254605
SERVER|0.00000|0.27060|0.20034|-0.07642|0.22270|0.14250|-0.51815|0.99076 => -26.0894867634
SERVER|0.00020|0.24986|-0.02474|-0.03638|-0.09307|0.06992|-0.08585|0.11787 => -7.95355400663
SERVER|0.00009|0.26594|-0.10183|0.04669|-0.36320|0.05292|-0.73134|-0.30611 => -266.567411878
SERVER|-0.00004|-0.28497|-0.09368|0.19550|0.12088|-0.04042|0.58179|-0.55896 => 93.6082746994
SERVER|0.00003|0.12095|0.16738|-0.02333|0.02428|0.03441|-0.34662|-0.80600 => -72.9361589582
SERVER|0.00015|-0.36598|-0.04257|-0.09302|0.11081|0.87224|-0.66816|-0.68310 => -173.554547813
HOST|0.00014|0.35944|-0.04923|-0.02976|-0.08095|-0.08952|0.01012|0.53367 => 36.9709743873
HOST|-0.00015|0.00767|0.07975|0.09056|-0.01649|-0.59279|-0.43646|-0.06445 => -125.672150479
HOST|0.00002|0.09830|0.08584|0.28313|0.00880|-0.33103|0.33287|-0.50820 => 84.3229550936
SERVER|0.00000|-0.08944|-0.03875|0.15896|0.30930|-0.22612|-0.34368|0.45819 => -3.4610176963
HOST|0.00009|-0.09471|0.07382|-0.09338|0.13956|0.13232|0.45471|0.02472 => 149.696130158
SERVER|0.00005|0.51733|0.15625|0.08069|-0.09800|0.35084|-0.37449|-0.00730 => -60.4850929444
HOST|0.00012|-0.37528|-0.12787|0.06860|-0.39974|0.20047|0.21123|-0.68657 => -141.735636935
HOST|-0.00006|-0.05058|0.20886|-0.04207|-0.29976|0.10455|-0.24659|-0.49175 => -187.097338877
HOST|0.00000|0.04193|-0.08433|-0.00759|0.15837|0.10514|-0.21117|-0.25424 => -4.82590056884
HOST|-0.00000|-0.24976|0.01042|0.22420|0.04681|-0.29731|-0.33622|0.34195 => -112.643612845
HOST|0.00017|0.37189|-0.10252|0.01570|-0.36624|-0.68374|0.53535|-0.20311 => 53.4542690838
SERVER|-0.00008|0.18042|0.12914|0.22741|0.45919|0.36349|0.58841|0.93392 => 292.385899522
HOST|0.00008|-0.43670|-0.25487|0.17152|-0.09583|-0.03546|0.11392|-0.67158 => -80.4293885142
HOST|0.00006|-0.06234|0.02252|-0.10525|-0.13209|-0.52123|0.11094|0.54267 => -35.7059807639
HOST|-0.00019|-0.41796|-0.04834|-0.12116|-0.02581|-0.07394|0.42684|-0.80455 => -6.66630398931
SERVER|-0.00002|-0.11488|0.00251|0.06491|0.33727|0.01670|0.80695|0.40063 => 245.954671959
HOST|0.00009|-0.15343|0.05621|0.05864|0.00101|-0.11680|0.64244|-0.21421 => 144.561622458
SERVER|-0.00003|-0.02424|-0.02714|-0.16604|-0.02195|-0.77545|0.05715|1.15508 => -31.6630405349
HOST|-0.00004|0.12860|0.03071|-0.04869|0.00789|0.05977|-0.11821|0.32011 => -26.6430651257
HOST|0.00011|-0.02432|-0.06442|0.03807|0.12851|0.06051|0.07481|0.04882 => 66.4365611544
HOST|-0.00008|0.20113|0.10741|-0.00220|-0.24171|-0.18572|-0.93970|0.03367 => -296.259202543
SERVER|0.00004|0.21108|0.19256|0.00156|-0.02693|0.25118|0.39400|1.22616 => 69.3861116066
SERVER|0.00010|-0.16615|0.15886|-0.16535|0.09163|-0.29126|-0.19640|0.29156 => -55.986900925
HOST|0.00010|0.46198|0.06990|0.11438|0.04459|0.08671|0.53952|0.67618 => 205.030293033
SERVER|-0.00007|0.15646|0.09502|0.06639|0.05646|0.30799|0.09037|-0.52615 => 22.9152394308
SERVER|-0.00009|-0.00981|0.15353|-0.02125|0.17118|-0.06139|-0.05064|-0.02286 => 3.57198300066
SERVER|0.00004|-0.62000|0.21508|-0.02078|0.06260|0.26762|0.04457|0.35368 => -77.0646463436
SERVER|-0.00003|-0.56888|0.17545|-0.07052|-0.08655|-0.20315|0.40922|-1.22646 => -66.2971830456
SERVER|0.00008|-0.76947|0.02884|-0.03311|-0.13017|-0.31041|-0.19874|0.12396 => -221.377821043
HOST|-0.00000|-0.08043|0.15597|-0.14868|0.20629|-0.65127|0.30605|-0.39452 => 135.199959006
HOST|0.00008|0.07212|-0.07883|-0.02999|0.16643|-0.10384|-0.08777|-0.72095 => 63.6615136906
HOST|0.00005|-0.01719|-0.07789|-0.06776|-0.19445|-0.26692|0.05298|-0.41397 => -68.8868442698
HOST|0.00007|-0.04145|-0.01938|-0.03890|0.01913|-0.62701|-0.16594|-0.39092 => -36.6920271379
HOST|0.00001|0.07780|-0.08291|-0.06962|0.15486|-0.07214|-0.35177|-0.68386 => -34.9961166585
HOST|0.00011|-0.00296|-0.05579|0.00773|0.44871|-0.33163|-0.07803|0.01765 => 140.940151488
SERVER|-0.00002|0.07736|0.09870|-0.06697|0.32483|0.24946|0.50902|0.00152 => 225.417281336
SERVER|-0.00003|-0.06981|-0.05326|0.03684|-0.20954|0.53946|-0.53785|0.15035 => -244.558942759
HOST|-0.00016|-0.59712|-0.16238|-0.19249|0.04620|-0.11955|0.73240|-0.76693 => 46.275952939
HOST|-0.00001|0.11435|0.32004|0.22537|0.16783|0.08766|0.05597|-0.24208 => 86.9840272441
SERVER|-0.00012|-0.21831|0.10367|0.02555|0.01466|-0.34610|-0.19709|1.40856 => -117.097523244
SERVER|-0.00015|-0.16643|0.00836|-0.03052|0.30460|0.59398|-0.71209|0.19013 => -125.79853711
SERVER|-0.00013|-0.52301|-0.00922|0.07876|0.08879|0.58603|-0.00091|-0.30644 => -120.214564955
HOST|0.00008|-0.23840|0.16131|0.01792|0.02294|0.16188|-0.51121|-0.78468 => -123.417574068
HOST|-0.00003|0.04811|0.07766|-0.02900|-0.12576|0.02020|1.00779|-1.12625 => 162.955614897
SERVER|0.00008|-0.29153|-0.09218|0.06086|-0.24739|-0.07091|-0.27611|-0.38373 => -199.908360005
SERVER|0.00012|0.01376|0.00754|-0.03172|0.26142|0.06293|0.15975|0.11805 => 124.104396158
SERVER|-0.00025|0.18124|0.20430|-0.15490|0.10734|-0.37623|-0.12221|0.10449 => -42.7219102245
SERVER|-0.00007|0.38333|-0.09374|0.12946|-0.12991|0.13717|0.16049|-0.82287 => 5.27067292223
HOST|0.00014|-0.20586|0.01132|-0.03233|0.06702|0.30041|-0.32815|0.38594 => -67.3367831581
SERVER|-0.00027|0.03718|0.20812|0.00723|0.02446|0.05975|-0.64364|0.59217 => -202.260105998
HOST|-0.00009|-0.18999|-0.01673|-0.06382|0.22205|0.39849|0.43252|-0.07635 => 122.595358595
SERVER|0.00017|0.26281|0.20036|-0.01101|0.07070|0.22331|-0.56974|0.33789 => -59.9885736783
SERVER|-0.00000|-0.36255|0.20895|0.00537|-0.07545|0.66038|-0.07240|-0.49656 => -127.655789333
HOST|-0.00008|0.42429|0.27430|0.03434|0.05806|-0.28332|0.32896|-0.66099 => 123.260236365
HOST|-0.00018|-0.23232|0.21601|0.00495|-0.04152|-0.32494|0.31084|0.67112 => -23.9201089877
HOST|0.00003|-0.15397|-0.28445|-0.07320|0.05584|-0.54601|-0.27682|0.52922 => -52.1657299414
HOST|-0.00012|0.09386|-0.14555|-0.00534|-0.05945|0.39380|0.01012|0.54500 => -46.9983190546
SERVER|0.00000|-0.67225|-0.01127|-0.07942|0.15082|0.36365|-0.11795|-0.10684 => -89.3942744
SERVER|-0.00002|0.05429|0.09116|-0.17033|-0.37253|-0.32943|-0.46541|0.20668 => -253.374156197
SERVER|-0.00004|0.17947|0.00587|-0.04992|-0.06687|-0.92328|-0.32669|0.20833 => -107.267940522
SERVER|0.00009|0.05061|0.08814|-0.08507|-0.33154|-0.25826|-0.20863|-0.11205 => -178.328558591
SERVER|-0.00013|0.01471|-0.14649|0.08632|-0.27611|-0.04782|-0.47003|-0.54141 => -257.616414224
HOST|-0.00007|-0.53947|0.25913|-0.03635|0.27918|-0.26585|0.19739|0.51838 => 40.4830069729
SERVER|0.00001|0.42416|-0.11231|-0.00989|-0.18877|-0.12102|0.60834|1.11091 => 118.276903195
SERVER|0.00012|-0.28053|0.03805|-0.19975|0.15311|-0.03227|0.39136|0.47264 => 93.2384841336
SERVER|0.00009|-0.19002|-0.23292|-0.08284|-0.11517|0.35083|-0.20464|0.06261 => -120.984613862
SERVER|0.00009|-0.33246|-0.04126|0.03318|-0.18885|0.38679|0.34951|0.50866 => -44.1982579432
SERVER|0.00002|-0.12404|0.14545|-0.11534|0.09589|0.12649|-0.08561|-0.25629 => -21.2724577106
HOST|-0.00008|-0.02826|0.02734|0.06172|-0.15032|0.01070|0.17960|-0.06053 => -30.2705493183
HOST|0.00002|0.04775|0.01253|-0.08871|-0.09731|-0.53680|-0.11251|0.33702 => -61.0211356224
HOST|0.00013|-0.36680|0.20990|-0.08407|-0.39098|0.18230|-0.22483|0.15157 => -234.974598517
SERVER|-0.00019|0.00832|0.30410|-0.01030|0.04846|0.12017|0.07050|0.10409 => -25.9285156261
SERVER|-0.00009|-0.00180|0.27549|-0.03884|-0.41021|0.00827|-0.07651|0.71941 => -206.233696042
SERVER|0.00006|-0.35038|-0.11756|-0.23160|-0.13040|0.33588|-0.17374|-0.74992 => -146.809620015
SERVER|-0.00004|0.20824|-0.11306|-0.07223|-0.08382|-0.02863|-0.15691|0.72513 => -66.404510205
SERVER|-0.00012|-0.06272|-0.08392|-0.01112|-0.30143|-0.27179|0.33032|0.09620 => -101.832010313
SERVER|0.00015|-0.13251|0.03610|0.05820|-0.14450|0.33475|0.34400|-0.39058 => 0.370584280297
HOST|0.00008|-0.63102|-0.00592|0.14354|0.31505|0.45729|0.39740|-0.37538 => 114.450302779
SERVER|-0.00008|0.07473|0.00804|-0.01610|0.04715|-0.24517|-0.55262|0.02604 => -140.695698158
HOST|-0.00011|0.20054|-0.12985|0.06252|-0.21954|0.56239|0.41510|0.02979 => 34.5027497436
HOST|-0.00001|-0.23190|-0.07478|-0.14894|-0.11151|-0.19005|0.01536|0.25788 => -87.4936515301
SERVER|-0.00005|0.02386|-0.24566|0.07675|0.14654|0.03077|0.36718|-0.33952 => 97.6315938207
SERVER|-0.00003|0.60431|0.25452|0.08346|0.28520|-0.59483|-0.31939|-0.15247 => 89.4334442063
HOST|0.00025|-0.43364|0.16090|-0.03887|-0.20161|0.15700|0.48985|-1.16773 => 5.93854241752
HOST|0.00015|-0.13683|0.05696|-0.08031|0.07096|-0.89390|-0.43680|0.17042 => -85.2885334063
HOST|0.00010|0.17249|-0.01437|0.07278|0.03345|-0.02200|-0.34351|-0.46936 => -39.6605906575
HOST|-0.00007|-0.13868|-0.30987|-0.10757|0.20179|0.63969|0.43430|0.52507 => 136.301609452
HOST|-0.00008|0.06018|-0.16069|-0.05292|-0.13970|0.14713|0.71750|0.54793 => 92.1273218146
SERVER|-0.00011|0.38179|0.21397|-0.07518|0.18944|0.27929|0.23666|0.08007 => 124.786599251
SERVER|0.00013|-0.03697|0.02155|0.08937|-0.18262|-0.36035|0.39449|-0.70379 => 16.6256885827
HOST|0.00011|0.05660|-0.36356|0.11427|-0.26217|0.14504|0.31878|-0.13438 => -7.63155170444
SERVER|-0.00004|0.33540|0.13587|-0.09587|0.12250|-0.33888|-0.07878|-0.42825 => 49.1016468449
SERVER|0.00015|-0.36097|0.17385|-0.00847|0.03154|-0.31286|0.25394|-0.41092 => 29.0007343584
HOST|0.00011|-0.36794|-0.12247|0.09447|-0.05153|-0.08591|0.33444|0.26254 => 7.6450876844
SERVER|-0.00018|0.34459|-0.07202|0.05861|-0.00940|-0.05365|0.23771|0.34522 => 49.3117354275
HOST|0.00015|0.28451|-0.07026|-0.15838|0.11391|-0.52140|0.00587|0.76853 => 89.6222375862
HOST|0.00006|-0.02684|-0.02078|0.01672|-0.02466|-0.27693|0.10616|0.54848 => 10.8179043282
HOST|0.00003|0.06376|-0.05488|0.10490|0.06391|0.13075|0.79053|0.54667 => 201.66230921
HOST|-0.00012|-0.27012|0.04521|-0.02033|0.36200|-0.00500|-0.48672|0.55672 => -41.8692197586
HOST|0.00008|-0.19892|0.19456|0.00444|-0.05474|-0.40358|-0.00761|-1.45417 => -41.350257033
HOST|-0.00015|-0.24382|-0.21837|-0.07197|0.00814|-0.01683|-0.72946|0.19295 => -244.902823917
SERVER|-0.00016|-0.45564|-0.09529|0.05157|-0.11189|-0.00393|0.60743|-0.15723 => -21.958750198
HOST|-0.00001|-0.02501|-0.02134|0.03426|-0.15112|-0.00852|-0.48678|0.14434 => -176.914286736
HOST|0.00003|-0.45328|0.22147|-0.05513|-0.18329|0.11088|0.54245|-0.62526 => -6.65209772407
HOST|0.00004|-0.22404|0.14093|-0.06044|-0.33427|-0.08026|-0.34126|-0.39593 => -223.737822157
SERVER|-0.00002|-0.24068|0.06625|-0.20188|-0.09703|-0.48398|-0.09834|-0.05838 => -125.482672535
SERVER|-0.00014|-0.13122|0.07237|-0.12034|-0.01523|0.66380|0.46922|0.26763 => 30.1597843028
SERVER|0.00004|0.14237|-0.06066|0.03871|-0.25623|-0.02983|-0.39263|-1.09730 => -178.984100361
HOST|0.00031|-0.18380|0.08341|0.06430|0.12271|-0.11927|0.36078|0.57680 => 157.548456532
HOST|0.00004|-0.16235|-0.07424|-0.03734|0.20209|0.12705|-0.16942|0.27589 => -1.07294286599
HOST|-0.00036|-0.52410|0.10357|0.06220|-0.17349|0.01400|-0.35907|0.20861 => -309.821438996
HOST|0.00006|0.17438|0.11942|0.07140|-0.11277|-0.21573|0.33054|-0.41069 => 58.8715448542
HOST|-0.00018|-0.51326|-0.08439|-0.02346|-0.36218|-0.12850|-0.74006|0.64697 => -428.170567081
SERVER|-0.00018|-0.34345|-0.22211|-0.20862|-0.07286|0.00741|-1.13823|-0.38349 => -393.910359681
SERVER|-0.00015|0.00477|0.27883|-0.03071|0.02043|0.63368|-0.07619|-0.20654 => -49.5045347147
SERVER|-0.00006|0.23205|0.02528|-0.16571|0.03005|-0.01084|-0.17005|0.07120 => -33.5907838349
SERVER|0.00023|0.21739|0.20288|-0.04749|0.00610|0.33342|0.25070|0.33534 => 108.73995165
HOST|-0.00020|-0.00236|-0.15206|-0.15442|0.11320|-0.40301|-0.01964|-0.32761 => -10.2993764362
SERVER|0.00003|0.23725|-0.28944|0.00239|-0.09564|-0.38653|0.63619|0.07561 => 121.75871895
HOST|0.00004|0.08445|0.10502|0.06608|0.16138|0.66622|0.04759|0.18141 => 69.2308280568
HOST|0.00012|0.41528|0.11763|0.04475|-0.14329|-0.28278|0.51262|-0.11619 => 127.739432933
HOST|0.00012|0.39762|0.26965|0.03696|0.06436|-0.02648|-0.03257|-0.66883 => 82.2772089858
HOST|0.00003|-0.38136|0.11838|0.12323|0.37420|0.15249|0.62322|-0.12651 => 213.220768284
SERVER|0.00012|0.00313|0.41587|0.04699|-0.17597|-0.25750|-0.76823|0.21653 => -247.211899445
SERVER|0.00004|0.21687|-0.12261|-0.00449|-0.06422|0.25098|0.06765|0.86096 => -2.79239672699
SERVER|0.00006|0.38137|-0.00214|-0.08562|-0.15410|0.29464|-0.27805|0.31799 => -89.3670635669
HOST|0.00021|0.21268|0.15981|0.05207|0.06595|0.54992|-0.74125|0.28221 => -77.4954324233
SERVER|-0.00002|-0.04384|-0.17463|-0.13036|0.07104|-0.72375|-0.05048|-0.19615 => -29.4757947047
HOST|0.00011|0.31702|0.15840|-0.02522|0.31416|-0.29897|0.09685|0.32514 => 190.213364898
SERVER|-0.00004|0.15849|0.01038|-0.00978|0.08184|-0.16067|0.40476|-0.33256 => 117.453890251
HOST|0.00015|-0.60723|0.03832|-0.06768|-0.05458|0.43615|-0.28415|0.87467 => -158.180977741
SERVER|0.00012|-0.09929|-0.13757|-0.09837|-0.03875|-0.16892|0.11158|-1.28045 => -3.58062917682
SERVER|0.00001|-0.29382|-0.15126|-0.06722|0.11330|0.36065|0.04436|0.52451 => -25.4535956945
HOST|0.00004|0.62716|-0.01566|0.02122|-0.18057|-0.74723|-0.09173|-0.41593 => 2.21474346198
HOST|-0.00022|0.19041|0.12074|-0.01297|0.09737|0.15373|-0.48828|0.34536 => -100.715023522
HOST|0.00012|-0.01254|-0.12162|0.07193|0.13002|0.44860|-0.36016|0.44129 => -18.5806568916
SERVER|0.00015|0.23833|-0.22123|0.03484|0.23509|-0.41590|0.15062|0.44398 => 145.270705794
SERVER|0.00002|0.60980|0.09074|0.11071|-0.02900|-0.30979|-0.06295|-0.36609 => 28.7839181472
SERVER|0.00009|0.64131|-0.09989|-0.03490|-0.04086|0.28953|-0.76288|0.13044 => -99.936008919
HOST|0.00005|-0.19096|0.04030|-0.06755|0.19731|-0.55232|0.36081|-0.12711 => 132.103776513
SERVER|-0.00012|0.33007|-0.09728|0.10147|0.07167|0.07119|-0.23875|0.35577 => -22.4306658274
SERVER|-0.00026|-0.10718|-0.07649|-0.07921|0.05571|0.14328|-0.31132|0.78842 => -132.665700641
SERVER|0.00012|0.53494|-0.06941|0.21650|0.16340|0.32562|-0.06459|-0.12653 => 118.228776119
HOST|-0.00021|0.04073|0.01172|0.01698|-0.04853|-0.70263|-0.09362|0.85129 => -81.5922298098
SERVER|-0.00002|0.01786|0.01264|0.01469|-0.45206|0.16265|-0.11707|0.28236 => -220.75393474
HOST|0.00011|0.39333|0.00399|-0.07757|0.05795|0.07432|0.35293|0.35647 => 173.245658677
SERVER|0.00006|-0.31376|0.20210|0.15110|0.32332|-0.42223|-0.20047|-0.78322 => -11.0008216843
HOST|-0.00025|-0.07461|0.15739|-0.17966|-0.03128|0.00946|-0.23447|0.26783 => -115.899772331
SERVER|0.00008|-0.26033|-0.01709|-0.01895|0.11740|0.03588|0.18598|-0.78147 => 41.9745159982
SERVER|-0.00001|-0.10806|0.10035|-0.03671|-0.28519|-0.07110|0.28751|1.32227 => -84.3977792937
SERVER|-0.00015|0.07182|0.33802|-0.04200|0.08060|0.08351|0.41438|0.42397 => 84.45968266
SERVER|-0.00007|-0.35903|0.12158|-0.03066|-0.11419|-0.48718|-0.60092|0.07400 => -263.586953486
HOST|-0.00006|0.21146|0.10268|-0.07589|0.15382|0.14425|0.20473|-0.12084 => 108.77504113
SERVER|0.00005|0.24955|-0.00521|0.03342|0.31759|0.11999|0.48082|0.93233 => 239.46789851
HOST|0.00018|-0.46451|-0.04167|-0.10940|-0.07959|0.30110|-0.15932|-0.00836 => -111.273932339
SERVER|-0.00020|-0.00987|-0.04155|0.19491|-0.11183|-0.12681|-0.16326|-0.10860 => -132.517543958
HOST|0.00011|0.09904|-0.24615|0.08660|0.14761|-0.28905|-0.20516|-0.12583 => 20.2411343937
HOST|0.00011|0.27740|-0.08605|0.09877|0.11706|0.33094|0.76918|-0.12005 => 256.844445314
SERVER|-0.00005|-0.16139|0.02824|-0.07010|-0.23522|-0.45217|0.48989|-0.08395 => -28.6674841319
SERVER|0.00004|0.08343|0.06553|-0.13645|-0.05513|0.30435|-0.53742|0.01842 => -146.116113214
HOST|0.00017|0.20829|0.01455|0.01080|0.01539|-0.85125|-0.01317|-0.41610 => 47.4378559561
SERVER|0.00017|-0.28519|-0.05393|0.10922|0.32755|0.02660|-0.45566|0.10527 => -18.3209218089
HOST|-0.00002|0.14315|0.02159|-0.15455|0.04725|0.24834|-0.14517|-0.47254 => -19.2183948847
HOST|-0.00013|-0.15137|-0.13867|-0.03339|0.02621|0.56753|0.17585|0.38028 => -8.17913027126
SERVER|-0.00008|0.02355|0.07217|0.02061|-0.13444|0.43368|0.04327|0.50460 => -83.9763833964
HOST|0.00002|0.46058|-0.03276|-0.02042|-0.26544|-0.07707|-0.03158|0.54919 => -25.566475142
HOST|-0.00001|-0.34679|-0.22139|-0.10775|-0.13870|-0.06269|0.30607|0.64748 => -48.498503977
SERVER|0.00008|0.15574|-0.05578|0.01001|-0.13320|0.74220|0.19590|0.05939 => -24.0967775018
SERVER|0.00008|-1.10031|0.10684|0.14708|-0.32612|-0.37115|-0.19775|-0.35283 => -329.995711041
HOST|0.00022|-0.21789|-0.08292|0.20273|-0.08148|0.27241|0.05913|-0.15746 => -21.9504233129
SERVER|0.00035|-0.46205|-0.08886|0.12404|-0.01150|0.49234|-0.36892|0.79916 => -119.265459712
HOST|0.00011|0.41456|0.06844|-0.05077|-0.18841|0.21753|0.48768|0.71353 => 117.741475448
