SERVER|-0.00005|0.11194|-0.05740|0.18102|0.13942|0.13924|-0.06868|1.28160 => 3.11714845315
SERVER|-0.00011|0.21180|-0.10273|-0.01480|0.13356|-0.18749|-0.44997|-0.00534 => -59.307868678
HOST|0.00006|-0.30199|0.08833|-0.01444|-0.23716|-0.65248|-0.04192|0.78780 => -148.630210758
HOST|0.00013|0.82918|-0.11373|0.06606|-0.07967|0.53230|0.08247|0.12846 => 117.760544595
HOST|0.00007|0.02538|0.14781|0.09264|-0.17903|0.02262|-0.55083|-0.31838 => -173.782987931
SERVER|0.00021|0.42078|0.05463|-0.06389|-0.23795|-0.34739|0.25138|0.99508 => 33.6046021112
HOST|0.00007|0.11542|-0.01232|-0.12529|0.25971|0.07019|-0.12784|1.27352 => 73.6793735356
SERVER|0.00006|-0.14247|0.06117|0.06339|0.19911|-0.24781|1.01673|0.47895 => 266.879330062
HOST|-0.00010|0.16571|-0.23037|0.00317|-0.03116|0.23119|0.32325|0.24496 => 67.1268509422
HOST|0.00010|0.28043|0.08184|0.07993|0.08457|-0.22799|-0.84843|0.73464 => -109.139015973
HOST|-0.00008|-0.13979|-0.23102|0.00509|0.32957|0.13202|0.61995|0.18993 => 218.158762696
HOST|0.00006|0.08556|-0.18182|0.07971|-0.08422|-0.03234|-0.12741|0.24792 => -41.7695794009
SERVER|-0.00007|0.02882|-0.12911|-0.15945|0.35337|0.05079|0.17071|0.26528 => 116.378833499
SERVER|0.00004|0.07628|0.06186|0.05366|0.17396|-0.85882|0.38480|-0.47247 => 145.779871566
HOST|0.00010|-0.12203|0.11289|-0.05288|0.10672|-0.21607|-0.20046|0.08280 => -24.3627751839
SERVER|-0.00028|0.00209|-0.15968|0.07053|0.14057|0.28463|0.17598|0.25413 => 9.20293994784
SERVER|0.00005|-0.17802|0.11762|-0.16126|-0.11076|-0.06516|0.28844|1.37170 => -33.4758634997
HOST|0.00015|-0.00718|0.10074|0.02136|-0.35294|-0.03098|0.20694|0.64519 => -68.1795280572
HOST|-0.00012|0.70339|0.14462|-0.00714|-0.00055|0.39742|0.24643|-0.83869 => 110.279482739
SERVER|0.00007|-0.33536|-0.10025|0.04033|0.32538|0.47387|-0.28501|0.07742 => -12.7851080722
HOST|-0.00010|-0.10147|0.36682|0.01851|-0.02131|0.07273|0.22818|-0.32517 => 4.2279376126
HOST|-0.00000|-0.10541|-0.16789|0.00122|0.32747|0.06244|-0.08379|0.48535 => 72.6771920176
HOST|0.00005|0.28414|0.07295|-0.06286|0.19054|-0.16398|0.56858|0.29814 => 225.823182134
SERVER|0.00010|0.14996|-0.11712|0.06175|0.12965|-0.05697|0.54956|0.32081 => 178.91302434
SERVER|0.00001|-0.79278|-0.08809|0.19806|0.18655|-0.01221|-0.40800|0.74392 => -167.870503111
SERVER|0.00009|-0.14100|-0.05745|-0.21396|-0.23170|-0.19688|-0.21331|0.03281 => -168.107860674
SERVER|0.00000|0.08548|-0.03068|-0.06221|0.19409|0.14755|0.37245|0.57318 => 143.796051562
SERVER|0.00006|0.05231|0.11423|-0.16473|0.07217|0.13686|0.31883|0.59868 => 88.5624208439
HOST|0.00017|0.11045|-0.07032|0.18503|-0.05857|0.55214|-0.40164|-0.64277 => -83.6075107716
HOST|-0.00021|-0.19737|-0.04850|-0.00530|0.12725|0.33431|-0.12079|-0.60229 => -46.843624799
HOST|0.00015|0.63406|0.08046|0.11026|0.32656|-0.60683|-0.12035|-0.48133 => 198.891116714
SERVER|0.00005|-0.45972|0.35231|-0.18356|-0.17641|-0.06434|-0.29157|0.07311 => -222.499940005
SERVER|-0.00001|-0.27469|0.31049|0.04576|-0.63369|0.60265|0.14144|0.12180 => -261.247145935
HOST|-0.00007|-0.06799|0.01037|0.03100|-0.05745|0.24599|0.52210|0.12869 => 71.9915799765
SERVER|0.00006|0.10130|-0.12036|-0.09940|-0.30283|-0.04446|-0.18173|-0.08313 => -145.339293799
HOST|0.00008|-0.35369|-0.00555|-0.02700|-0.03622|0.04380|-0.29962|-0.01542 => -106.010036381
SERVER|0.00005|-0.01298|-0.25599|-0.04806|-0.10343|0.61071|1.38546|-0.40665 => 265.798213846
SERVER|0.00017|0.03583|0.01325|-0.09744|0.07733|-0.53339|-0.17627|0.39574 => 0.159581819128
HOST|0.00005|-0.16178|-0.15317|0.02059|0.16085|0.19997|0.05708|-1.46754 => 55.7543969222
HOST|0.00004|-0.27038|-0.17727|-0.00041|-0.01177|-0.46535|-0.42522|0.61916 => -150.42350536
HOST|-0.00013|-0.05055|-0.09143|-0.14152|0.06611|-0.10858|0.64408|0.45281 => 126.046484806
SERVER|-0.00018|0.68042|0.17934|0.03998|-0.06117|0.16998|-0.50689|-0.10571 => -91.9642012778
HOST|0.00001|0.27593|0.25766|-0.06726|-0.32522|-0.03990|0.43611|-0.28900 => 9.80185694709
SERVER|-0.00002|-0.55509|-0.18027|-0.07830|-0.04580|-0.14951|0.05406|0.44091 => -112.901820962
SERVER|0.00017|-0.45490|0.02250|-0.11520|-0.06919|0.13166|0.13116|0.17014 => -59.5367393168
HOST|-0.00006|0.23858|-0.06395|-0.09188|0.31499|0.17382|0.02409|0.65196 => 139.41465848
HOST|0.00017|-0.38512|-0.04091|-0.01041|-0.15387|-0.00754|0.63456|-0.67257 => 58.1635827501
SERVER|-0.00000|-0.01265|-0.08230|0.02288|0.18776|0.28436|-0.35959|0.00165 => -44.4434785185
SERVER|-0.00009|-0.54792|-0.15415|-0.02005|0.22694|1.19280|-0.69364|-0.00076 => -198.496352887
SERVER|-0.00012|0.08284|0.09422|-0.03591|0.26810|0.22905|-0.50414|-0.15033 => -44.1452679868
HOST|0.00004|0.12791|-0.08524|-0.09217|-0.36615|-0.03029|0.11024|0.52091 => -99.3151830901
SERVER|-0.00028|0.04216|-0.00292|-0.11675|-0.10417|0.02500|0.19846|0.30502 => -56.5802970926
HOST|-0.00015|0.47505|-0.04436|-0.08944|0.08213|0.00129|0.63110|-0.30777 => 194.937677274
HOST|0.00006|0.53597|-0.17856|0.01757|0.06926|0.18057|0.36405|1.46820 => 180.490449771
SERVER|-0.00013|0.11041|-0.01875|-0.00875|-0.08569|0.51411|0.14269|-0.09415 => -35.1928409092
HOST|-0.00006|-0.35093|0.03160|0.00692|0.47057|-0.06689|0.42301|0.40501 => 214.658160065
HOST|-0.00007|0.64684|0.13657|-0.00242|0.11277|-0.63748|-0.16267|0.51785 => 73.5087918488
HOST|0.00008|-0.11207|-0.00161|-0.08214|-0.03950|-0.15065|0.02842|0.18583 => -20.298919326
SERVER|0.00009|0.07790|-0.18158|0.10085|-0.18343|-0.45910|-0.61038|0.03568 => -205.775506196
HOST|-0.00004|-0.49246|0.18702|-0.03028|-0.07525|-0.06172|-0.26885|0.02554 => -168.528262189
HOST|0.00000|0.12299|0.00776|0.04913|0.00121|0.15858|0.16041|0.40655 => 54.8023648075
HOST|-0.00001|0.29804|0.01337|-0.08153|-0.08906|0.39494|-0.49727|0.36922 => -117.820593215
SERVER|-0.00025|-0.46871|0.05763|-0.04520|-0.07333|0.32690|-0.34582|0.46226 => -256.378874679
SERVER|-0.00000|0.32225|-0.06761|0.11546|0.25222|0.43414|0.55155|-0.18414 => 215.247705024
HOST|0.00019|0.16799|-0.11263|-0.01194|0.04162|0.37008|0.63775|-0.79298 => 202.943590003
SERVER|-0.00008|0.24118|-0.02272|-0.07250|0.19028|0.71706|-0.27609|0.41108 => 0.218321920882
SERVER|0.00026|0.36846|-0.27803|0.01115|0.12849|-0.44236|-0.04784|-0.07759 => 99.1807517384
HOST|-0.00013|-0.32568|0.08994|-0.04298|-0.38039|-0.37129|-0.04035|-0.29803 => -224.632245211
SERVER|0.00022|0.12528|-0.13630|-0.05355|0.08688|0.14754|0.06195|0.14525 => 65.6171723404
SERVER|-0.00011|0.83708|-0.03244|0.01342|-0.02383|-0.33342|0.17653|-0.47476 => 108.078357138
HOST|0.00002|0.27064|-0.00980|0.13820|-0.08366|-0.21693|0.32165|0.07351 => 72.510625329
SERVER|0.00001|-0.23938|-0.07045|0.11567|-0.16001|-0.43033|-0.48670|0.17612 => -226.435848752
SERVER|-0.00002|0.09331|0.12600|-0.09874|0.14734|-0.03461|-0.52535|-0.65930 => -79.789053078
SERVER|0.00008|-0.36914|0.05823|0.08115|0.38733|-0.52779|-0.03417|-0.73550 => 71.2486897128
SERVER|0.00021|0.40395|0.01719|0.00569|0.00418|-0.92236|0.42881|-0.82781 => 152.182075429
HOST|0.00008|0.02705|-0.17419|0.03212|0.19080|-0.18737|-0.00224|0.01247 => 66.4287071047
HOST|-0.00014|0.34888|0.02594|0.09256|0.10220|0.03169|-0.50222|0.44807 => -58.4822289611
SERVER|-0.00001|-0.05531|0.10235|0.01864|0.00698|0.16764|-0.09911|-0.18030 => -47.9578621684
SERVER|-0.00009|-0.20841|-0.09309|-0.03813|-0.31981|-0.48151|0.18303|-0.39019 => -151.048310934
HOST|-0.00006|0.65262|0.06168|-0.03045|0.03551|0.32212|0.29147|0.12809 => 150.817036644
HOST|0.00008|-0.22100|0.19448|-0.08841|0.18888|-0.15989|-0.43414|-0.53400 => -69.1316970106
HOST|-0.00016|-0.33418|0.06274|-0.00412|0.13027|-0.35043|0.64087|0.30572 => 100.236356073
SERVER|-0.00006|-0.47363|-0.08904|-0.03319|0.02879|-0.70049|-0.43619|1.20035 => -196.085401774
HOST|-0.00001|0.30363|0.04447|0.03160|0.21201|-0.18651|-0.46220|0.35620 => 1.20316803239
SERVER|-0.00016|0.07316|0.11432|-0.11810|-0.33156|0.06244|-0.19427|-0.43967 => -208.199650229
SERVER|-0.00002|0.17265|0.00179|0.07515|0.16717|0.14350|-0.01050|-0.77003 => 39.4664567234
HOST|-0.00007|-0.40321|-0.03501|-0.25697|0.05885|0.08529|0.57050|-0.10408 => 80.0727134715
SERVER|0.00000|0.36908|-0.22808|-0.03157|-0.24989|0.11716|0.40619|-1.00136 => 31.2600147023
HOST|0.00007|0.03186|-0.00897|-0.01804|-0.19823|-0.32652|-0.18628|-0.27855 => -99.9139895432
SERVER|0.00016|0.30102|-0.07496|-0.10871|0.00739|0.06662|-0.46834|-0.01875 => -53.7345475776
HOST|-0.00014|-0.04647|0.08001|0.02028|0.08751|0.55390|0.09813|-0.30284 => 3.61762833368
HOST|0.00005|0.02586|0.12242|0.01603|-0.16335|0.01305|-0.43421|-0.49527 => -140.208706582
SERVER|0.00011|-0.46308|0.01866|0.09746|0.23354|-0.03315|0.24117|0.51268 => 42.6308162652
SERVER|-0.00000|0.44389|-0.15460|0.20245|0.04771|-0.02812|-0.35177|-0.67948 => -31.0583263762
HOST|-0.00011|-0.23212|-0.13847|0.08204|-0.28867|-0.30055|-0.28567|0.21885 => -231.575759197
SERVER|-0.00003|-0.31437|0.16848|0.02579|0.04824|-0.36891|-0.49203|0.28888 => -181.73877578
SERVER|-0.00004|-0.30000|0.07425|-0.14767|-0.04234|-0.74028|-0.48843|-0.55141 => -213.014427474
HOST|0.00000|-0.27743|-0.20816|-0.09108|-0.16870|-0.59404|-0.44810|0.70145 => -201.067764232
HOST|0.00009|-0.45817|0.11649|0.00206|-0.07033|-0.44440|0.34353|-0.13392 => -9.34231786932
HOST|-0.00004|0.06492|0.21140|0.11665|0.00277|0.06359|0.16523|-0.00892 => 32.1147646456
SERVER|-0.00011|0.17010|-0.05315|0.02547|0.18857|-0.26443|-0.01433|0.34298 => 39.3417116163
SERVER|0.00020|0.15049|0.10051|-0.01441|-0.06252|-0.52075|-0.77949|0.33666 => -166.48441813
HOST|0.00011|0.17561|0.12099|0.02354|-0.19095|-0.15492|-0.27198|0.04913 => -82.6596411002
SERVER|-0.00010|0.12368|0.02033|-0.01603|0.18643|0.18354|0.22229|1.10843 => 85.1531481464
SERVER|-0.00022|0.66677|0.21724|0.20149|-0.18545|-0.29381|0.04080|0.38267 => -26.4429040554
SERVER|0.00006|0.02947|-0.00660|0.16729|-0.08988|-0.00190|-0.03452|-0.91902 => -79.2381946414
SERVER|-0.00001|-0.17314|0.16306|0.02988|-0.13008|0.28901|-0.25473|-0.15527 => -149.791753752
HOST|0.00003|-0.25764|0.15211|0.00294|0.19326|0.02202|0.03442|0.64483 => 28.8987652086
SERVER|0.00004|0.37853|-0.09797|0.05494|-0.24445|-0.27197|0.16159|-0.73513 => -12.8900075957
HOST|-0.00012|-0.45809|-0.15324|-0.05528|-0.09968|0.18014|0.37390|-0.06118 => -49.7196468004
HOST|-0.00012|-0.10858|-0.08840|-0.10631|0.19066|0.30832|-0.22924|-0.25393 => -28.4249512161
SERVER|0.00010|0.26923|-0.07950|0.04726|-0.01606|0.10102|-0.15967|1.38975 => -14.5363146834
SERVER|-0.00013|-0.51347|-0.08065|0.05455|0.10147|-0.25287|0.39683|0.09336 => 11.5534168802
HOST|0.00004|-0.24959|-0.20475|0.11407|-0.26068|0.25804|-0.58318|0.21232 => -257.98997149
SERVER|0.00003|0.09436|-0.04287|-0.01167|-0.00395|-0.01922|-0.09542|-0.63864 => -32.0655123714
SERVER|-0.00003|-0.20928|-0.00753|0.00629|-0.17274|0.19153|0.00095|-0.07905 => -133.681373321
HOST|-0.00007|-0.06568|-0.18699|0.11502|0.15404|0.03748|0.01916|0.46373 => 23.4108592054
HOST|0.00000|0.30429|0.05571|-0.03906|-0.19121|-0.18415|0.57777|-0.57859 => 85.2349957587
HOST|-0.00008|0.47391|-0.04684|-0.04259|0.21191|0.08145|0.01816|-0.58842 => 134.670718631
SERVER|-0.00022|0.23775|0.18992|0.08752|0.20033|0.35340|0.06413|0.53453 => 51.2330331312
SERVER|0.00002|-0.05072|0.24074|-0.02925|0.13311|0.18226|-0.14697|0.06433 => -16.0413359429
SERVER|0.00018|0.07457|-0.01601|0.05085|-0.10368|0.81196|0.22767|-0.13632 => 30.1844171903
HOST|-0.00015|-0.31059|-0.13255|-0.12735|0.35566|0.49737|0.64691|0.12013 => 210.235836686
HOST|0.00001|-0.37680|0.00187|0.05687|0.10161|-0.92826|0.29386|0.32072 => 53.4402576406
SERVER|0.00005|-0.07119|-0.15963|0.20784|-0.11684|-0.50809|0.12353|-0.10546 => -44.8911782606
HOST|-0.00006|0.11053|-0.18872|0.04633|-0.06996|-0.21596|-0.02534|-0.37313 => -15.6182473618
SERVER|-0.00001|0.64600|0.01891|-0.05051|-0.01888|-0.05042|0.57470|-0.59132 => 183.367389842
HOST|0.00007|0.13190|0.05992|0.02541|-0.01577|0.21754|-0.25265|0.11872 => -37.6731491081
SERVER|0.00027|-0.36129|-0.11324|-0.00012|0.12768|0.30170|-0.32623|-0.78629 => -50.2538792046
SERVER|-0.00011|0.44229|0.10825|-0.10336|-0.05573|-0.46998|-0.40434|-1.21293 => -91.495402439
HOST|-0.00006|0.25938|-0.20205|-0.01038|-0.05990|0.20822|0.18328|0.33100 => 22.1137060029
SERVER|0.00022|-0.00356|-0.14897|-0.11528|0.09003|0.26345|0.21459|-0.83559 => 86.487086812
SERVER|0.00003|0.14275|-0.06181|0.05754|-0.15485|0.42178|0.10203|0.07129 => -44.7780397516
SERVER|-0.00004|0.03880|0.01941|0.09742|-0.35098|-0.29332|-0.51008|-0.19598 => -267.1660396
SERVER|-0.00003|-0.70314|-0.17777|-0.02998|-0.01597|0.11189|0.30294|0.31949 => -79.8230291877
HOST|-0.00003|0.10549|0.09706|-0.01294|0.04357|-0.57147|0.30055|0.15968 => 83.744962002
HOST|0.00001|-0.26652|0.04390|-0.05784|0.13043|0.05334|-0.61313|0.00138 => -151.415727345
SERVER|-0.00001|-0.08969|-0.08377|-0.02315|-0.36514|0.07707|0.23645|0.29465 => -114.241363827
SERVER|0.00012|-0.14934|-0.10616|-0.08611|-0.25460|-0.70616|0.63227|-0.93212 => 21.6037091876
SERVER|-0.00000|0.08659|-0.13736|0.04937|0.19521|-0.11366|-0.20582|-0.37834 => 6.18114985108
SERVER|0.00014|-0.10313|0.08535|0.04234|-0.17134|-0.12343|0.28323|0.04969 => -9.69922568645
SERVER|-0.00015|-0.28928|-0.21312|0.06592|0.27839|0.51321|-0.11764|0.54336 => -33.734235903
HOST|0.00023|-0.20261|0.15618|0.03452|-0.28320|0.41069|-0.11172|-1.22533 => -124.007541907
HOST|0.00002|-0.04215|-0.02008|-0.03112|-0.14274|-0.02420|0.44462|0.28506 => 45.8444617683
SERVER|0.00001|0.23099|-0.01886|-0.21697|-0.21550|-0.13819|-0.18954|-0.65893 => -121.062860722
HOST|-0.00029|0.28230|-0.11929|0.02804|0.04379|-0.57003|0.28955|-0.23324 => 55.4831068541
SERVER|-0.00020|-0.27435|0.13773|0.05642|-0.00216|0.08272|0.53616|-0.11831 => 2.80536444573
HOST|-0.00015|-0.56739|-0.23518|0.07096|0.14402|0.34261|-0.24605|0.50546 => -120.165538066
HOST|-0.00008|-0.87204|-0.17347|0.06832|0.21872|0.12395|0.18392|-0.14502 => -24.9758649178
HOST|-0.00018|-0.11268|0.17946|-0.03668|-0.00957|-0.23311|0.28927|0.17428 => -2.1177297835
HOST|0.00002|-0.30656|0.05405|-0.19683|0.09175|-0.28623|-0.26947|-0.45068 => -71.9862924071
SERVER|-0.00005|-0.20365|-0.18351|-0.03690|0.13082|-0.28556|-0.16479|-0.12440 => -52.0767226867
HOST|0.00018|-0.16114|0.03931|0.00866|-0.08532|-0.04478|0.02190|-0.44356 => -25.7287559298
HOST|0.00000|-0.42001|-0.08535|-0.01837|0.07207|1.01980|-0.12071|0.87269 => -53.5494064949
SERVER|0.00017|-0.47807|0.12068|0.05649|-0.02995|-0.13958|0.30732|0.46979 => -13.3847844554
SERVER|-0.00017|-0.06046|0.05416|0.07848|-0.05642|-0.41306|-0.13665|0.00408 => -114.728099169
HOST|0.00008|-0.14428|0.13955|-0.06247|-0.22482|0.04382|0.21387|-0.34453 => -59.0412858866
HOST|0.00019|-0.06520|0.04530|0.06544|0.04510|0.09456|0.02726|-0.48171 => 30.7544040665
SERVER|-0.00011|0.39555|0.22947|0.08334|0.02403|-0.41226|0.65563|-0.59801 => 166.530697168
SERVER|0.00009|0.53254|0.05596|-0.07358|0.24565|-0.58185|-0.19144|0.87387 => 109.712825079
SERVER|-0.00002|-0.03943|-0.11338|-0.02322|0.11138|0.28352|0.26460|-0.09303 => 70.7590817553
HOST|-0.00016|-0.18643|0.11055|-0.06504|0.10019|0.31644|-0.59424|0.51993 => -167.715919283
SERVER|-0.00000|0.11046|0.11168|-0.12669|0.07375|0.72467|0.21161|-0.79868 => 56.3734667939
SERVER|0.00010|0.41195|0.01996|-0.14663|0.20738|0.17705|-0.12322|0.45148 => 80.8875627844
SERVER|-0.00009|-0.15415|0.31234|-0.08690|-0.09874|-0.34884|-0.48649|0.54955 => -214.642625393
HOST|0.00001|0.07920|0.01978|-0.03777|0.33870|-0.16360|-0.37160|0.48821 => 31.1378941601
HOST|-0.00001|0.19076|-0.11917|-0.14349|0.16345|0.53435|0.18010|0.19276 => 127.587537441
SERVER|-0.00001|-0.39174|-0.05321|-0.13767|0.10464|0.08702|-0.69140|-0.28198 => -212.4656287
HOST|0.00001|-0.10243|-0.16985|0.03613|-0.29415|-0.32296|-0.15454|0.42719 => -171.074320967
SERVER|-0.00025|0.30225|0.02467|-0.03134|-0.06513|0.13801|-0.42561|-0.40533 => -145.836982285
SERVER|0.00002|-0.29162|0.10499|-0.06552|-0.02554|-0.10525|-0.16647|0.48147 => -133.097369146
HOST|0.00005|-0.17416|0.04276|-0.13554|0.31924|0.18704|-0.11764|-0.05190 => 51.4810229532
SERVER|-0.00003|0.38543|0.32991|-0.03324|-0.21137|-0.33534|0.10700|0.15003 => -27.1234345985
SERVER|0.00005|0.26445|-0.36656|0.00234|-0.17496|0.29159|-0.31765|-0.41660 => -122.244095791
SERVER|-0.00004|-0.31721|-0.07334|0.03601|-0.05240|0.59515|-0.10187|0.16616 => -141.001408366
HOST|0.00023|-0.08422|-0.02204|-0.10008|-0.11749|0.66557|-0.26228|-0.43498 => -84.4266466197
HOST|0.00002|-0.02944|-0.36089|0.10860|0.24017|0.16009|0.37092|0.73127 => 169.766519714
SERVER|0.00001|0.13080|-0.03302|0.02318|0.33648|-0.10197|0.19669|-0.24579 => 156.033073402
HOST|-0.00002|-0.48213|0.24608|-0.02081|0.37235|0.17506|-0.39226|0.34000 => -45.4219689045
SERVER|0.00013|0.05806|0.12366|0.06271|-0.02174|-0.10700|-0.17017|0.21388 => -37.9746754026
SERVER|-0.00017|0.47465|-0.19314|-0.10039|-0.16096|-0.33076|0.23424|-0.55457 => -1.71300228187
HOST|0.00004|0.37532|0.12731|-0.07838|0.14472|-0.15445|0.83320|-0.28921 => 283.450912346
HOST|0.00017|0.27371|0.05260|-0.05775|0.03130|0.70801|0.06793|-0.17885 => 82.2007008965
SERVER|-0.00008|-0.13759|0.15289|0.10584|-0.16939|0.18235|0.12925|0.45036 => -83.014262295
SERVER|0.00028|0.04022|0.13544|0.05333|0.03188|-0.76369|0.13182|0.31476 => 57.4185988736
HOST|-0.00023|-0.28699|-0.18213|-0.05730|0.53773|-0.46072|0.30125|-0.56568 => 164.021712584
HOST|0.00000|0.08811|0.06691|0.13667|0.05515|0.00444|-0.20544|0.12190 => -25.4844904479
SERVER|-0.00009|-0.60659|-0.40439|-0.06530|0.13629|-0.75804|0.79066|-0.07041 => 104.88194814
HOST|0.00012|0.00673|0.13406|0.00216|0.17527|-0.13750|0.36573|-0.40341 => 157.846822001
HOST|0.00017|-0.43521|-0.03085|-0.03287|-0.20289|0.27875|-0.16247|-0.29292 => -151.816492314
HOST|0.00007|-0.04452|-0.05854|0.07411|0.18632|-0.18795|-0.30100|-0.54767 => 14.0605624324
SERVER|-0.00006|0.91210|-0.01468|-0.10543|0.09111|0.44737|0.27620|-0.19587 => 180.184297615
SERVER|-0.00002|0.28073|-0.17523|0.06757|-0.04936|0.06251|-0.34645|-0.58442 => -84.2672362418
SERVER|-0.00017|0.18473|-0.14420|0.12600|-0.12585|-0.59007|0.13137|0.14867 => -44.3930370852
SERVER|-0.00002|-0.02122|0.01598|-0.09305|0.12268|0.13316|0.18955|-0.40803 => 44.6788437494
HOST|-0.00005|-0.43312|0.19707|0.02911|-0.25186|0.61299|-0.62074|-0.54141 => -297.223680519
HOST|0.00001|0.27669|0.14470|-0.22756|-0.33527|0.10065|-0.27969|-0.50484 => -163.191115305
SERVER|0.00005|-0.14962|0.11870|-0.03108|-0.11769|0.50109|-0.00566|-0.54711 => -107.244735354
HOST|0.00005|-0.60352|0.27133|0.00068|-0.16266|0.57822|0.26802|1.42724 => -75.6472556646
HOST|0.00016|0.21017|-0.07530|0.04910|0.07156|-0.25816|-0.49691|-0.12710 => -52.217503165
HOST|0.00011|-0.17430|-0.03682|-0.01980|0.17408|0.41515|-0.48786|0.40810 => -57.0030295103
HOST|0.00003|0.09419|0.13640|0.11074|-0.08215|0.25308|0.80404|1.02344 => 169.417306269
SERVER|0.00019|-0.64807|0.19689|-0.07075|0.06207|0.33152|-0.38198|-0.10102 => -168.892192645
HOST|-0.00003|0.23149|0.14438|-0.02262|-0.06435|-0.44895|0.13699|-0.19141 => 31.502423626
HOST|0.00011|0.43261|0.04138|-0.01356|-0.11580|-0.27921|0.32754|0.35460 => 95.2944462143
SERVER|0.00000|-0.32373|-0.21283|-0.16093|-0.40097|0.11254|-0.23658|0.23636 => -280.974437527
SERVER|0.00016|-0.27814|0.15578|0.09051|-0.04696|0.27534|0.41038|-0.15240 => 42.9533352298
SERVER|-0.00009|-0.20354|-0.09103|-0.08708|-0.04905|0.15390|0.30990|-0.91513 => -14.4227906315
HOST|-0.00009|-0.43790|-0.03016|-0.02132|0.10247|0.07822|-0.23713|-0.96597 => -117.145238333
SERVER|0.00002|0.16209|0.14639|-0.09561|0.11339|0.88072|0.07978|-0.73605 => 68.9309977597
HOST|0.00009|0.12613|0.00999|-0.00859|0.30393|0.00939|-0.56279|-0.04523 => 18.1786143419
HOST|0.00016|-0.14715|0.28762|-0.15676|0.25475|-0.24200|-0.18871|-0.71120 => 48.9648302666
SERVER|-0.00013|-0.01928|-0.17120|-0.07485|0.09486|0.25160|0.26027|0.50684 => 32.9340507509
SERVER|0.00012|0.26209|0.01967|0.09222|-0.22760|0.03122|-0.10446|0.75940 => -81.8010047056
SERVER|0.00011|0.33171|-0.04802|-0.01230|-0.25972|0.33330|-0.12776|-0.19540 => -77.7350060916
HOST|0.00007|-0.35859|-0.28235|-0.08903|-0.12759|-0.29780|-0.30818|-0.33766 => -160.178116451
SERVER|-0.00005|-0.49576|-0.07422|-0.11026|0.13599|0.15531|0.29337|-0.53375 => 10.2885845193
SERVER|0.00015|0.01711|-0.06534|0.00967|0.24775|0.58855|0.03355|0.74993 => 90.5568855668
HOST|-0.00002|-0.09423|0.17197|-0.11247|0.36811|0.12062|-0.06640|0.24415 => 104.784605777
HOST|0.00001|0.18969|-0.28364|-0.02448|0.33010|0.26026|-0.50478|-0.42931 => 31.2587557964
SERVER|0.00001|0.03188|0.01560|0.14068|0.22325|-0.09035|0.04989|-0.14112 => 78.1138488493
HOST|0.00012|-0.11178|0.02000|-0.16174|0.14295|0.05202|-0.62333|-0.37545 => -90.8851129524
HOST|-0.00017|0.00910|-0.02895|-0.15258|-0.36889|0.11734|0.54306|0.56979 => -52.4991722034
HOST|-0.00018|0.37195|-0.05020|-0.02784|-0.16860|0.64885|-0.22538|-0.08635 => -104.09573581
SERVER|-0.00014|0.32819|-0.12520|-0.08132|0.07281|-0.50180|-0.27609|0.19768 => -52.1581401886
SERVER|0.00029|-0.17470|0.10738|0.15919|-0.19502|-0.41716|0.52803|1.13408 => 44.7258777784
SERVER|-0.00004|0.26686|0.12288|0.06115|0.30621|-0.42927|0.06182|-0.39136 => 115.279129351
HOST|0.00007|0.08091|0.13232|0.06502|-0.19445|-0.50611|-0.09124|-1.91611 => -86.4920519102
SERVER|0.00001|-0.27084|-0.09039|0.19322|0.20479|0.31870|0.19413|-0.47912 => 52.202804749
SERVER|-0.00001|0.06502|-0.11488|0.06285|-0.02886|0.53425|0.54412|-0.68073 => 93.8596036294
HOST|0.00016|-0.49936|0.19095|-0.15122|-0.09058|-0.34601|0.43202|-0.17704 => 20.717866972
SERVER|-0.00005|-0.40911|-0.22434|-0.00408|-0.13076|0.34448|0.04516|-0.12749 => -143.068056853
HOST|-0.00025|0.04621|-0.14837|0.13420|0.26714|0.32650|-0.17605|0.62788 => 5.18024025271
HOST|-0.00002|0.45910|-0.37746|0.02188|0.00537|0.05410|0.87445|-0.36233 => 261.025565633
HOST|-0.00009|0.31649|0.04971|-0.15877|0.03909|0.08451|0.07693|0.04302 => 55.8645671191
HOST|0.00015|-0.19979|0.17062|-0.10477|0.16499|0.39610|0.36797|-0.04933 => 122.630407896
SERVER|0.00002|-0.15626|-0.10617|-0.07594|0.20081|-0.05923|-0.33425|0.43541 => -59.9789452507
SERVER|0.00012|-0.20846|-0.08758|0.01664|0.05326|0.10827|0.20199|0.66471 => 26.5658658549
SERVER|0.00003|0.46897|-0.09935|0.08060|-0.00439|-0.10571|-0.74848|-0.16615 => -136.248280728
SERVER|-0.00022|-0.02842|0.05279|0.05295|-0.30651|-0.00671|-0.26845|0.26801 => -229.566572255
SERVER|-0.00013|-0.12536|-0.04949|-0.09562|-0.18372|-0.08263|-0.21724|0.37229 => -193.147732358
SERVER|0.00008|-0.32704|0.15872|0.20407|0.17597|0.16120|0.22087|0.04543 => 56.8228984691
HOST|0.00001|0.68437|-0.10536|0.08575|-0.11242|0.27133|-0.56592|-0.43606 => -74.723176251
HOST|-0.00010|-0.43055|0.00740|-0.02612|0.35516|0.81722|0.03974|0.62318 => 59.3326975432
SERVER|0.00023|0.83521|0.07149|0.05731|0.19580|0.00087|-0.11033|-0.99031 => 164.410388162
HOST|0.00010|-0.39905|-0.03206|-0.08694|0.09304|-0.02116|0.16188|-1.17433 => 17.393358083
HOST|-0.00023|0.37999|-0.03656|-0.05290|0.21822|0.10393|-0.27163|0.20259 => 29.5119539431
SERVER|-0.00019|-0.26372|-0.00105|-0.17576|-0.00077|-0.14318|0.44153|0.12556 => 9.83911382717
SERVER|-0.00010|-0.26566|0.35456|-0.02379|-0.08174|-0.41331|0.43326|0.15745 => -20.4099945933
SERVER|-0.00009|-0.04494|-0.03916|0.01151|-0.05792|0.29499|-0.12124|0.45535 => -108.351586308
SERVER|0.00003|-0.34459|-0.02596|-0.01041|-0.01023|-0.25421|0.70667|-0.75048 => 74.972406531
HOST|0.00005|0.17335|0.34637|0.03318|0.13651|-0.23142|0.23831|-0.56788 => 126.563625092
HOST|-0.00004|0.07562|0.10152|-0.11172|-0.03519|0.78610|1.17884|-0.48342 => 255.034851719
HOST|-0.00009|0.33271|-0.18744|-0.07262|0.03148|-0.37988|-0.56776|-0.20458 => -97.1148015141
SERVER|-0.00014|0.54284|-0.20160|0.16279|-0.31603|-0.16166|0.23524|-0.54090 => -38.5071515243
SERVER|-0.00018|0.04927|0.42788|0.23623|0.22453|0.17428|-0.28452|0.50695 => -38.4836354857
SERVER|-0.00007|0.22554|0.14769|0.06495|-0.19120|-0.40425|-1.05624|0.06861 => -307.724193317
SERVER|-0.00000|-0.19912|0.07434|-0.00402|0.13575|-0.01837|-0.25424|-0.74669 => -73.9043386701
SERVER|0.00015|0.05974|-0.12354|-0.08840|0.13326|0.01371|0.20705|-0.89666 => 105.215636098
HOST|-0.00002|0.20426|0.12407|-0.09429|-0.17797|0.19318|0.00194|0.12046 => -40.1162799469
HOST|0.00002|0.36171|0.03083|0.00676|-0.03954|-0.24970|0.12335|-0.74813 => 46.0171301061
SERVER|-0.00012|0.06220|-0.07664|-0.14884|-0.23508|-0.07242|0.73196|-0.84673 => 45.498286877
SERVER|0.00005|0.13741|0.10522|0.03356|-0.03918|0.05123|-0.40457|0.39237 => -107.739856858
SERVER|0.00007|0.17802|-0.15488|0.11182|-0.04463|-0.82251|0.28608|0.40777 => 62.2173050741
SERVER|-0.00009|0.16094|-0.08930|0.07007|0.28354|0.10906|0.20959|-0.64701 => 133.340714802
SERVER|0.00015|-0.13943|-0.03901|-0.02640|-0.22352|-0.20223|0.35769|-0.68205 => -14.6813971451
SERVER|0.00007|-0.75963|0.38796|0.14542|0.11044|0.52572|0.86776|-0.15725 => 112.700147533
SERVER|0.00001|-0.88077|-0.03889|0.15738|0.11404|-0.65643|0.60107|-0.40073 => 35.3406118763
SERVER|0.00010|0.06937|0.08155|0.05309|-0.13226|0.06774|0.67886|-0.21425 => 106.197441725
HOST|0.00004|0.49064|0.24564|0.11056|-0.28950|0.06350|-0.26498|-0.32503 => -94.8209684843
SERVER|0.00007|-0.19224|0.25853|0.06965|0.32438|0.15360|-0.28366|0.85457 => -6.37989251213
SERVER|0.00007|-0.14526|0.15302|0.02993|-0.05988|0.28387|0.92010|0.05083 => 134.012503137
SERVER|0.00003|0.42616|0.23989|0.14482|-0.09899|-0.30511|0.40982|-0.52412 => 99.7253585621
HOST|-0.00024|0.23307|-0.07729|-0.26367|0.27879|0.03092|-0.26315|-0.00637 => 36.3183297801
HOST|-0.00011|0.47099|0.10618|0.09281|0.25459|0.08737|-0.01228|-0.54216 => 121.749492772
SERVER|-0.00012|0.35282|-0.07672|-0.04676|0.12812|-0.30743|-0.83550|0.49761 => -138.975293425
SERVER|0.00011|0.13506|-0.17093|0.09288|0.11417|0.77228|0.23035|-0.19979 => 100.257582561
HOST|-0.00000|0.07947|0.10160|-0.06870|0.16785|0.46820|-0.01389|0.48635 => 53.1228174867
HOST|0.00000|-0.32124|0.05354|0.10637|-0.32726|-0.42324|-0.14979|0.64471 => -201.761392416
SERVER|-0.00010|0.08389|-0.03990|0.12151|0.22946|0.50864|0.05140|-0.75743 => 50.6163611058
HOST|0.00012|-0.10262|-0.20712|0.17519|-0.17592|0.10564|-0.77298|-0.61584 => -250.140204425
HOST|0.00011|0.21185|-0.02054|0.05005|0.04970|-0.17068|-0.03913|0.66223 => 51.7837303869
SERVER|-0.00003|-0.38293|0.30663|-0.18063|0.22512|-0.25341|0.64741|-0.52875 => 154.921130635
HOST|-0.00004|0.03427|0.14050|-0.01017|0.03566|0.49081|0.16738|-0.30454 => 32.55291446
SERVER|0.00014|0.19426|-0.09716|0.00468|-0.31421|0.20288|-0.57281|-1.02767 => -227.318488813
SERVER|-0.00001|-0.35217|-0.05149|-0.03705|-0.02325|0.17148|0.03079|0.53527 => -72.2962431886
HOST|-0.00024|0.13978|-0.22649|0.00304|-0.02150|0.09053|0.43102|0.61736 => 51.2399009652
HOST|-0.00019|-0.24105|-0.18066|0.09149|-0.14912|0.09907|0.33870|-0.06808 => -37.7911612493
HOST|0.00010|-0.11480|-0.04978|0.09865|-0.08986|0.47095|0.00747|0.03669 => -43.9357403941
HOST|-0.00020|0.48327|-0.32698|-0.05296|-0.10473|-0.16432|-0.17197|-0.09063 => -59.4771597062
HOST|0.00002|0.10966|0.16216|-0.01205|-0.10654|0.58458|-0.52863|-1.00985 => -146.705333433
SERVER|0.00005|-0.07990|-0.28114|0.02559|0.05869|-0.13031|-0.25270|-0.00991 => -56.5292804884
HOST|0.00002|0.29096|-0.12330|-0.11049|-0.29018|0.01150|0.62763|0.62401 => 85.4297297423
SERVER|0.00001|-0.04508|-0.05270|0.11100|0.16498|-0.65876|0.69525|1.08170 => 184.065309906
SERVER|0.00006|0.22286|0.02852|-0.05080|0.23774|0.34918|0.77240|0.30357 => 272.367106233
HOST|-0.00003|-0.26119|-0.16569|0.03488|-0.36046|-0.10754|0.26113|-0.38272 => -129.278756421
HOST|-0.00021|0.30858|-0.00288|-0.08694|0.26644|-0.19494|0.21422|-0.33011 => 144.293140369
HOST|-0.00007|0.03058|0.15399|-0.17132|0.48569|-0.35677|0.54436|-0.50431 => 288.510499661
HOST|0.00013|0.25598|0.08310|-0.09667|-0.37212|-0.22378|0.35531|1.02869 => -7.0458840974
SERVER|0.00002|-0.04521|0.12073|-0.00539|0.09092|0.04401|0.57248|0.09847 => 132.856997664
HOST|-0.00003|0.11427|-0.34889|-0.01634|-0.03849|-0.71496|-0.44850|0.79504 => -116.81791394
HOST|0.00008|0.11546|0.14364|0.00855|0.25955|-0.29631|-0.45466|-0.31577 => 23.9109388377
HOST|0.00002|0.53678|0.13076|0.00382|-0.07536|-0.39919|0.13582|0.99082 => 72.2563202678
HOST|0.00008|0.07658|0.07510|-0.29863|0.06238|0.13622|1.01687|0.02497 => 261.824982548
SERVER|0.00003|-0.11282|-0.15186|0.01715|0.03532|0.13699|-0.16185|0.02286 => -86.7970495883
HOST|-0.00002|-0.20260|-0.26685|-0.03030|-0.04756|-0.10562|-1.31408|0.21778 => -356.730198691
HOST|-0.00004|0.12814|0.16277|-0.09176|0.14886|-0.60989|-0.40526|0.68032 => -40.9531292646
HOST|-0.00004|0.49727|0.01677|0.03083|-0.11619|0.06118|-0.50176|-0.14260 => -84.6289311424
HOST|0.00013|-0.64545|-0.03411|-0.01487|-0.28883|-0.39581|-0.36466|0.22280 => -275.585413795
HOST|-0.00014|0.05214|0.10556|-0.02483|0.27916|0.13879|0.22984|1.61398 => 122.595811098
SERVER|-0.00009|0.21070|0.11383|0.15629|0.07222|0.71298|0.10164|0.34782 => 36.9896799121
SERVER|-0.00022|-0.21391|0.05048|0.03727|0.40373|-0.07497|-0.09710|-0.29709 => 36.1037074096
SERVER|0.00011|0.03445|-0.13347|-0.01208|0.14359|-0.18463|-0.09505|0.37357 => 33.0981718855
HOST|-0.00037|0.48854|-0.08896|0.19695|-0.20358|0.16370|0.08817|-0.27295 => -69.9178759643
SERVER|-0.00005|-0.37248|0.21423|-0.18646|-0.08851|0.28268|0.33392|-0.47460 => -42.4421178853
SERVER|0.00002|-0.16902|0.01237|-0.12804|-0.41075|-0.03070|0.32571|0.03057 => -120.656159001
SERVER|-0.00006|-0.19923|0.08782|-0.00806|-0.16876|0.29722|-0.44060|-0.44644 => -246.13806442
HOST|0.00006|-0.15181|-0.09906|-0.05988|0.07748|-0.05839|0.00843|0.13545 => 22.9793864663
HOST|-0.00022|-0.20294|0.29235|-0.08050|-0.33798|-0.58133|-0.16360|-0.27327 => -241.442653999
HOST|0.00008|-0.66200|0.17504|0.02221|-0.08787|0.49911|-0.79708|-0.18677 => -307.610439572
SERVER|0.00012|-0.13834|0.09481|0.02586|-0.18747|-0.07629|-0.74399|0.13626 => -262.507510473
HOST|0.00005|0.09669|-0.12674|-0.08054|0.01463|-0.10111|0.85735|-1.07353 => 210.594183114
HOST|0.00002|0.12789|0.37063|-0.05259|-0.39095|-0.24198|0.28236|0.38965 => -58.2712169781
SERVER|-0.00015|0.01008|0.33819|-0.04519|0.23645|-0.08416|-0.14492|0.20072 => 15.0507152943
SERVER|-0.00010|0.11545|0.34354|-0.04063|0.06488|0.16288|0.36069|0.03601 => 73.8050743876
HOST|0.00005|-0.27969|0.15132|-0.02669|-0.08544|-0.29197|0.55736|-0.75417 => 56.1071264801
HOST|-0.00001|-0.01446|0.23171|0.10187|0.36316|-0.87537|0.17201|-0.50102 => 151.541869421
HOST|0.00008|-0.20470|-0.04088|0.03769|0.08922|-0.01776|-0.69274|0.01394 => -152.764148039
SERVER|0.00013|-0.15294|-0.11942|-0.08471|0.35813|-0.15078|0.55996|0.17468 => 229.091721833
HOST|-0.00000|-0.47102|-0.09327|-0.01520|-0.20080|-0.18496|-0.13803|-1.03592 => -184.243823913
SERVER|0.00003|0.01164|0.11465|0.16415|0.20144|-0.07428|-0.53288|-0.82214 => -69.3890006131
SERVER|-0.00007|-0.03699|-0.25489|-0.07605|-0.16481|-0.62510|-0.32106|0.46159 => -185.046198683
SERVER|-0.00009|-0.05875|0.22869|0.10574|0.12110|0.62753|0.00404|0.10557 => -17.0223805742
SERVER|0.00023|-0.08768|-0.02342|-0.02211|0.09947|-0.28498|-0.51908|-0.04225 => -106.243471876
SERVER|0.00009|-0.38059|-0.02398|-0.03642|-0.05744|0.24421|-0.49242|0.21021 => -196.685631514
HOST|-0.00016|0.21826|-0.13894|0.04944|-0.33485|0.46405|0.37307|0.03241 => -31.0692318483
SERVER|-0.00003|-0.47102|0.08327|0.12768|0.31366|0.51329|0.14521|0.42071 => 38.6836779318
SERVER|-0.00003|0.15846|0.22344|-0.08678|-0.01535|-0.92242|0.46011|0.33773 => 102.789045539
HOST|0.00009|0.42408|0.26432|-0.03257|-0.13726|0.76450|-0.05138|-0.26883 => -3.74068475686
HOST|-0.00004|0.02725|0.08288|-0.05177|0.04566|-0.17569|-0.03640|0.20965 => -2.31159579653
HOST|0.00015|0.32595|-0.00899|0.19024|0.08426|-0.18681|0.11781|1.55356 => 117.234890899
SERVER|0.00017|-0.03332|-0.09335|0.05947|-0.01287|0.07308|-0.01647|-0.35834 => -33.6509660229
HOST|0.00011|0.18088|0.01825|-0.12097|-0.31046|-0.64771|-0.20992|0.15954 => -132.361582588
SERVER|-0.00004|-0.04778|-0.20668|-0.12958|0.07138|-0.31413|-0.50088|-0.09488 => -129.429908651
HOST|0.00000|0.35318|-0.15788|-0.00481|-0.06271|0.07842|0.11510|0.56132 => 40.0956859226
HOST|0.00027|-0.04404|0.16507|-0.00936|0.06807|0.15473|-0.16647|0.11850 => 11.7075835576
SERVER|0.00005|-0.26837|-0.04803|-0.15695|-0.28554|0.49548|-0.37909|-0.31928 => -246.126939956
SERVER|-0.00010|0.35568|0.07250|0.02180|0.05573|0.53433|-0.75537|0.36600 => -151.7893137
SERVER|-0.00017|-0.33512|0.11670|-0.02777|-0.32749|0.31221|0.19545|-0.35669 => -184.244743101
SERVER|-0.00004|-0.08473|-0.06614|-0.12262|-0.06953|-0.40970|-0.13384|0.79956 => -98.9836589672
HOST|0.00002|0.32695|0.17101|0.09240|-0.17543|-0.15724|-0.77417|-0.24765 => -187.504425231
HOST|0.00001|-0.08574|-0.22902|-0.18236|-0.19121|-0.57390|-0.26229|0.51946 => -145.102815685
SERVER|-0.00014|0.32684|-0.20204|-0.07270|-0.02002|-0.24041|0.18584|-0.47706 => 29.4153722581
SERVER|-0.00006|-0.36776|0.11221|0.15564|0.09239|-0.11388|0.24306|0.13447 => -3.48592927234
HOST|-0.00006|0.42453|-0.16752|-0.06606|0.01672|-0.34314|-0.40599|0.26197 => -31.6579239512
SERVER|0.00003|0.33088|-0.14309|-0.03642|-0.14718|-0.05492|-0.06532|0.89781 => -37.1232474145
HOST|0.00006|-0.16569|0.21715|0.23788|-0.28573|0.24752|0.04329|0.22404 => -127.273821904
HOST|-0.00002|0.15991|0.08681|-0.00635|0.27265|-1.10595|0.40699|0.69572 => 197.101354104
SERVER|-0.00014|0.14360|0.01076|-0.08552|-0.24606|0.13004|0.35915|-0.44597 => -46.3312660122
HOST|-0.00027|-0.34318|0.04182|-0.11010|-0.40224|0.12540|0.14709|-0.12364 => -218.942425715
SERVER|-0.00008|-0.26586|-0.03234|-0.04272|0.19128|0.08400|-0.42408|0.15433 => -104.948071162
HOST|0.00000|0.20324|0.03590|-0.04020|-0.06045|-0.58102|0.03592|-0.02715 => 12.3383720182
SERVER|0.00013|0.33143|-0.09558|-0.15222|0.04215|-0.11691|-0.78177|0.07789 => -119.384203988
SERVER|-0.00010|-0.07575|-0.07290|-0.21643|0.09839|0.38987|-0.17293|0.18658 => -71.9900845508
SERVER|-0.00009|-0.02838|0.13987|-0.06842|0.02759|-0.15987|-0.30920|0.13045 => -112.181333818
SERVER|-0.00006|0.42503|0.23265|0.04066|-0.16445|-0.24361|0.04904|0.13845 => -23.0013357736
HOST|-0.00001|0.51373|-0.12878|-0.00174|-0.01525|0.70600|0.20031|-1.08177 => 95.587937411
HOST|-0.00007|0.27652|0.03106|-0.11294|-0.00583|-0.15674|-0.17568|-0.03186 => -24.0248707677
SERVER|0.00003|-0.04511|0.00100|-0.28175|-0.04593|-0.33025|-0.01804|0.58327 => -47.5242696989
HOST|-0.00005|0.35776|-0.17044|-0.09565|0.07013|-0.15100|0.77450|-0.19631 => 220.902389222
SERVER|-0.00004|-0.05681|0.10213|-0.04900|0.32629|0.11805|0.30852|-0.17665 => 142.964354305
HOST|0.00018|0.24314|0.14156|-0.04748|-0.14657|-0.09818|-0.93279|-0.74578 => -203.214041347
HOST|-0.00004|-0.11688|0.06652|-0.04359|-0.20902|0.30304|-0.38217|0.15007 => -201.161543113
HOST|-0.00007|-0.14064|-0.00610|-0.22024|0.23543|0.06519|0.15401|-0.67585 => 84.5155881914
HOST|0.00013|-0.14779|-0.00741|0.10268|-0.01469|0.12584|-0.29830|-0.35083 => -101.159524496
HOST|-0.00001|-0.06781|-0.01392|0.02085|0.12315|0.17160|0.12136|-0.61605 => 44.8266901491
HOST|0.00007|-0.05901|0.10124|-0.06291|-0.08424|-0.37595|0.43362|0.71151 => 53.6319225908
HOST|0.00024|-0.89152|-0.10242|0.05316|-0.07419|0.05000|0.16626|0.95353 => -84.7064388575
SERVER|-0.00031|0.26816|-0.12679|-0.16210|0.01448|0.18164|-0.42120|0.52438 => -146.981965258
SERVER|-0.00007|0.07344|-0.10839|-0.04332|-0.25461|0.12514|0.88052|0.66943 => 84.1198262492
SERVER|0.00016|-0.05063|-0.18784|0.02686|0.02783|-0.54905|-0.66853|0.44357 => -145.117337596
HOST|-0.00007|-0.04992|0.23598|-0.02567|-0.03823|-0.16633|-0.46146|0.76389 => -141.094662603
SERVER|-0.00010|0.03031|0.03852|-0.00007|0.01579|0.38359|0.57012|0.12724 => 91.1829341128
HOST|0.00005|-0.05093|0.05333|-0.00222|0.00759|-0.21551|-0.20441|0.11327 => -53.2699980104
SERVER|0.00020|-0.14061|-0.10374|-0.06349|-0.21619|0.43823|-0.18030|-0.54386 => -127.616125994
SERVER|-0.00004|0.48607|-0.13579|-0.00920|0.01307|-0.46716|0.23237|0.02674 => 84.3588036894
SERVER|0.00007|-0.26066|0.00890|0.21338|-0.25017|0.28952|0.01477|-0.35518 => -142.292744424
HOST|-0.00007|-0.51320|-0.02958|0.08874|-0.14069|0.27106|-0.51108|0.03157 => -262.462334431
HOST|0.00002|-0.27706|-0.10851|0.09308|-0.25196|0.33158|-0.29224|-0.70853 => -194.159254485
HOST|-0.00018|-0.27641|0.04791|0.01018|0.17409|0.35139|-0.20565|-0.13965 => -63.7162757222
SERVER|-0.00024|-0.01411|-0.31692|0.06826|-0.08451|-0.11365|-0.14321|0.47067 => -136.566817338
SERVER|0.00014|0.11724|0.08104|0.05313|0.02032|-0.20407|-0.08083|-0.43472 => 1.2834315679
HOST|-0.00014|-0.08996|0.02760|0.19794|0.15048|0.23121|-0.70886|-0.56165 => -158.409214193
HOST|0.00001|0.24551|0.11894|-0.05924|0.21301|-0.48349|0.28690|-0.23192 => 176.202718933
HOST|-0.00001|-0.20752|-0.11821|-0.02045|0.18732|-0.29133|0.14587|-0.10407 => 50.6616981085
HOST|-0.00027|0.42335|0.08447|0.01962|0.10248|0.09198|-0.26026|-0.72632 => -16.012340907
SERVER|-0.00012|-0.00598|-0.12029|-0.12982|-0.29757|-0.34415|0.08397|-0.98399 => -145.784071772
HOST|0.00000|-0.48504|0.08878|-0.11676|-0.29004|0.30708|0.03287|-0.45504 => -183.074447644
HOST|-0.00002|0.44386|-0.00941|0.15951|0.12001|0.11482|-0.51117|0.36000 => -14.9676506434
HOST|0.00001|0.21054|-0.14952|-0.09468|-0.02550|0.25711|0.18955|-0.32105 => 54.313072486
SERVER|-0.00003|-0.30515|-0.04932|-0.09833|-0.09541|0.07201|0.03072|-0.46523 => -96.5441933804
HOST|0.00006|0.31371|0.14209|-0.11967|-0.18189|-0.33193|0.00620|0.57034 => -28.901453408
HOST|0.00014|-0.02845|-0.03684|0.19764|-0.15160|0.23716|0.38660|-0.26187 => 35.0792758372
SERVER|0.00011|-0.09304|0.14088|0.08160|0.44495|0.05466|0.34470|1.03558 => 214.651959544
SERVER|0.00023|0.34321|-0.16339|0.11479|0.27223|-0.69079|0.15203|-0.08934 => 195.194536222
SERVER|0.00016|0.49190|-0.09928|0.03952|-0.06756|-0.22580|-0.04190|-0.81056 => 28.9879263931
HOST|0.00012|0.65861|-0.15010|-0.07659|-0.25519|0.19621|-0.35610|0.92218 => -51.2758837619
SERVER|-0.00001|0.46095|0.04792|0.11550|-0.48091|0.24212|-0.13781|0.00083 => -167.325155039
SERVER|-0.00002|0.23456|0.12346|0.16640|0.31814|0.07889|-0.17047|0.89976 => 72.033223086
SERVER|-0.00011|-0.60475|0.22049|-0.02035|0.20283|0.46228|0.43407|-0.11127 => 52.7406916718
HOST|0.00010|-0.38906|0.09552|-0.00154|-0.13049|-0.15055|-0.16799|0.54443 => -122.026424383
HOST|0.00028|-0.63960|-0.12631|0.17303|0.05176|0.02246|-0.25852|0.23346 => -102.150450851
HOST|-0.00010|0.20384|-0.18805|-0.10467|0.17758|-0.49217|-0.22501|0.50997 => 6.59195449606
HOST|-0.00027|-0.22459|0.06245|-0.10288|0.16555|0.28725|-0.50426|-0.87093 => -136.135349028
HOST|0.00009|-0.16467|-0.16933|0.08440|-0.03094|0.05734|0.41303|-0.31109 => 78.7190300127
SERVER|-0.00003|0.48751|0.06586|0.02178|-0.03825|0.07214|-0.03550|-0.33971 => 20.9701501839
SERVER|-0.00006|0.50054|0.12840|-0.04712|0.01769|-0.07443|0.42644|-0.35780 => 129.218032943
HOST|0.00013|0.20766|0.05323|-0.00493|-0.00938|0.33182|0.03269|0.29483 => 50.1481737634
SERVER|-0.00001|-0.07298|-0.17615|-0.20472|-0.08100|-0.07294|-0.23437|-0.03553 => -112.631863397
SERVER|0.00005|0.14600|0.20765|0.21248|-0.23647|-0.19202|0.23945|0.89755 => -52.9127963035
SERVER|0.00003|-0.42483|0.04003|0.01791|0.18256|-0.62231|0.79926|0.30200 => 154.228301907
SERVER|0.00007|0.47578|-0.13680|-0.04017|-0.00122|0.55510|-0.62319|0.43294 => -97.3183861135
HOST|0.00005|-0.01789|0.04561|-0.06829|0.22012|-0.18270|0.39112|0.00879 => 162.417167482
SERVER|-0.00020|0.49874|0.12913|-0.03026|0.11686|0.02482|-0.03988|-0.24041 => 50.4705626285
HOST|-0.00012|0.31124|-0.03113|-0.09794|0.11062|-0.12585|-0.47487|0.47367 => -55.0099319659
SERVER|-0.00009|-0.11045|-0.08218|-0.03249|-0.22196|-0.25151|-0.03448|0.48176 => -140.513781398
SERVER|0.00001|0.27318|-0.00687|0.09392|-0.17523|0.06754|0.25626|0.51044 => 0.631379118163
SERVER|-0.00005|0.00019|-0.08936|0.00387|0.32432|-0.07333|-0.17597|-1.24091 => 28.6389576141
HOST|-0.00012|-0.28827|0.10302|0.26518|-0.01584|-0.32512|-0.55086|-0.51260 => -196.079704045
HOST|-0.00006|0.44750|0.17703|-0.01667|0.14935|0.43092|0.38430|0.42775 => 184.804020615
SERVER|-0.00023|-0.21453|-0.03700|0.04936|0.03053|0.12962|-1.24543|0.29592 => -362.265509347
SERVER|-0.00002|0.37370|0.06104|0.02490|0.07921|-0.37848|-0.09457|-0.39713 => 31.9348783234
SERVER|-0.00002|0.15892|0.11831|0.15496|0.15444|-0.51895|-0.19899|0.00493 => -14.8466275845
HOST|0.00003|0.27442|0.23336|-0.01589|0.18313|0.29734|0.42958|-0.25561 => 190.500299211
HOST|0.00006|0.49705|-0.20447|-0.07309|0.14919|-0.12336|0.19623|0.34746 => 167.5608761
HOST|0.00012|0.01184|0.15087|-0.14796|-0.14536|0.01053|-0.11825|-0.42452 => -62.5394273566
SERVER|-0.00010|-0.19027|0.13850|0.16370|0.06383|-0.12324|-0.37602|-1.05032 => -125.60776463
HOST|-0.00020|0.05764|-0.12845|0.03150|0.14658|-0.26026|0.20798|0.48495 => 55.3958053881
HOST|-0.00005|-0.19830|0.03985|0.14035|-0.11603|0.22517|-0.32976|-0.17151 => -171.544347235
HOST|-0.00006|0.10651|-0.17517|0.04259|0.31161|-0.04734|0.37023|-0.69314 => 186.741156341
SERVER|0.00010|0.26537|0.06130|-0.05483|0.04900|0.15635|0.11368|0.37545 => 71.2957794083
HOST|-0.00007|0.36345|0.00261|0.08488|0.08220|0.15096|0.79643|-0.14993 => 241.712509842
SERVER|-0.00011|0.01871|0.20209|-0.19301|-0.08743|-0.73727|0.03615|0.62719 => -85.930491803
SERVER|0.00014|-0.07409|-0.04038|0.03987|-0.16203|-0.09010|-0.04092|0.83682 => -77.2820251881
HOST|-0.00003|0.34927|0.08610|-0.08729|-0.01053|-0.58037|1.12577|-0.21193 => 279.754582838
SERVER|-0.00015|0.21535|0.19849|-0.03894|0.45028|-0.66412|-0.48997|0.16882 => 31.8418372735
HOST|0.00011|0.17950|-0.07066|0.07855|0.20591|-0.08924|0.13218|-0.73475 => 124.224825056
HOST|0.00018|0.34560|-0.00508|0.02777|0.07118|0.03940|-0.06891|-0.40654 => 82.8562009512
HOST|-0.00012|0.02958|-0.00047|0.17742|0.10030|-0.18299|0.53287|-0.34918 => 119.691587566
SERVER|-0.00009|0.55151|0.04627|0.00842|-0.03980|-0.25430|-0.48096|-0.41512 => -95.2898746237
HOST|0.00011|0.02500|-0.07181|0.05987|-0.07064|0.09333|-0.07421|0.49309 => -30.4530380404
HOST|-0.00005|-0.16759|0.14097|-0.07817|0.07729|-0.90469|-0.08755|-0.24734 => -30.073729403
SERVER|0.00003|-0.14914|0.30606|-0.00819|-0.07606|0.85332|-0.12429|0.09222 => -102.116240765
HOST|0.00005|0.49747|0.05201|0.11777|0.04621|-0.05897|-0.14782|-0.16126 => 50.3954567198
SERVER|0.00010|-0.21178|-0.15460|0.02677|0.35235|-0.49085|0.26263|0.20588 => 154.002244289
HOST|-0.00007|-0.21364|-0.07665|-0.15832|0.18794|-0.16565|0.16981|-0.70716 => 50.4982914828
HOST|0.00014|-0.14410|-0.12440|-0.18509|0.16129|-0.17695|0.06214|0.95742 => 66.4083662739
SERVER|0.00005|0.07644|0.06870|0.05334|-0.27685|-0.00892|0.49583|0.64421 => 8.44549505001
HOST|0.00013|0.06064|0.36914|0.11484|0.26155|0.46912|0.30011|0.34184 => 191.872160916
HOST|0.00002|0.17996|0.19386|-0.06212|-0.02506|-0.35753|0.05995|-0.21712 => 21.1945639743
SERVER|0.00011|0.02148|0.10791|0.06729|0.28529|-0.49847|0.24577|-0.33250 => 150.498518086
SERVER|0.00018|0.13634|0.12272|0.02260|0.00055|0.14383|-0.89340|1.10130 => -194.568418614
SERVER|0.00011|0.08394|-0.33535|-0.00416|-0.10524|0.18925|-0.12980|0.02443 => -62.4025111189
SERVER|0.00005|0.53168|0.00108|-0.00744|0.16345|-0.59667|-0.02585|0.23068 => 106.25003665
HOST|-0.00003|-0.64854|0.26012|-0.12522|0.26603|0.26818|-0.13716|-1.03596 => -53.5810723284
SERVER|-0.00011|-0.02488|-0.12857|-0.02176|0.09058|-0.66297|-0.07952|0.50648 => -42.174636338
SERVER|0.00009|-0.03932|-0.26052|-0.17813|0.10336|0.87489|0.75027|0.11810 => 184.257922126
SERVER|-0.00020|0.14386|-0.07745|-0.01510|0.18857|0.54574|0.13930|0.20514 => 44.795736205
SERVER|0.00013|0.17477|0.01736|-0.03135|0.01138|0.24220|-0.50806|0.04962 => -99.7186522475
HOST|-0.00022|0.24215|-0.21721|0.08552|-0.06470|0.36150|0.01290|-0.02465 => -45.6205614679
SERVER|-0.00004|-0.10520|-0.02549|0.07377|-0.32749|-0.02448|-0.13456|0.75460 => -208.618592885
HOST|-0.00005|0.00374|-0.24081|-0.04449|0.11723|-0.28780|-0.80454|-0.01692 => -163.317241843
SERVER|0.00007|-0.69581|-0.19061|0.02532|-0.08824|0.12393|0.52014|-0.08886 => -22.8574181769
HOST|-0.00012|-0.40035|-0.06386|0.09372|-0.17180|0.38171|0.17598|0.79308 => -116.079481765
SERVER|-0.00013|-0.10032|-0.19339|-0.11125|0.29409|-0.09996|0.47235|-0.42194 => 147.077385236
HOST|0.00013|0.35439|-0.10283|-0.14765|-0.00863|-0.05888|0.16902|-0.56802 => 94.5188733938
HOST|0.00014|0.50912|0.08868|-0.11410|-0.22379|-0.38130|0.04013|0.02476 => 3.63086213498
HOST|0.00002|0.03027|-0.01699|0.06687|-0.14740|-0.09270|0.83086|0.60433 => 129.349697541
HOST|0.00010|-0.46552|0.03790|0.08262|0.21471|0.17779|0.35155|-0.39862 => 107.021428448
SERVER|-0.00013|-0.08765|0.11744|0.04173|-0.34410|-0.03703|0.62601|0.14108 => -54.5162437732
SERVER|-0.00009|0.01617|0.35745|-0.07028|0.12678|-0.17591|-0.44668|0.14722 => -98.399655038
HOST|-0.00019|0.27944|-0.15942|0.00791|0.33460|0.05281|0.26087|0.90473 => 166.25611909
HOST|-0.00026|-0.13699|-0.17351|0.11509|-0.08604|-0.50041|-0.71283|0.54853 => -265.863423969
HOST|-0.00002|0.44131|-0.18772|-0.06052|0.11601|-0.07907|0.23155|0.36765 => 153.281350633
SERVER|0.00011|-0.61003|-0.07590|0.04015|0.31315|0.25929|0.82601|0.12885 => 227.582909934
HOST|-0.00007|0.20333|-0.03185|-0.10302|0.00207|0.57293|0.77877|0.26454 => 176.678362773
HOST|-0.00007|0.27960|-0.12397|0.02429|0.23235|-0.16876|-0.25456|0.11418 => 34.1367494576
SERVER|-0.00039|-0.17961|0.20979|-0.07453|-0.23657|0.26774|-0.14758|-0.72199 => -227.368067098
SERVER|0.00012|0.34186|-0.00937|-0.09437|0.09697|0.35106|0.30379|-0.49064 => 124.083246366
HOST|0.00020|-0.05593|0.01351|-0.24719|-0.08927|-0.35205|-0.28321|-0.38018 => -87.3063097232
HOST|0.00009|-0.27006|0.50967|-0.11766|-0.21778|-0.16988|0.15909|1.04921 => -76.8170397655
HOST|0.00000|0.27549|0.05191|0.02444|-0.10068|-0.41804|-0.17923|-0.46429 => -56.3909976363
HOST|-0.00004|-0.45756|0.44270|-0.05923|0.05590|0.61546|-0.08984|0.23816 => -81.9030476373
SERVER|-0.00001|0.06138|0.24319|0.04280|-0.01682|0.04783|-0.33467|0.29619 => -101.121363293
SERVER|0.00013|0.03684|0.34767|-0.01191|0.35315|-0.12369|-0.59562|0.00350 => -13.4235950141
SERVER|0.00003|0.23806|-0.02373|-0.09537|-0.12728|-0.11882|-0.19268|0.64705 => -64.4765476733
HOST|0.00012|0.69608|-0.01517|0.01271|0.30195|0.29316|0.72646|0.38401 => 385.965044526
SERVER|0.00006|-0.06381|0.07084|-0.03520|0.04458|-0.42468|-0.61543|0.56529 => -150.961728937
HOST|-0.00014|0.16565|-0.24989|0.06034|0.53235|-0.68191|-0.15679|-0.96173 => 149.806886349
SERVER|-0.00013|0.37086|0.19842|-0.01696|-0.25703|0.16993|-0.10687|0.09660 => -106.913208198
SERVER|-0.00007|0.52869|0.06737|-0.07839|-0.12960|-0.02773|0.17418|-0.03444 => 31.9195432207
SERVER|0.00012|0.35968|-0.07334|-0.06716|-0.34179|0.48776|0.46652|0.26731 => 24.2758082854
HOST|0.00004|0.27005|-0.13230|-0.00740|0.06682|0.31730|-0.42947|-0.82204 => -41.147955393
HOST|0.00009|0.47865|-0.08605|0.07543|-0.08346|0.33458|0.77069|0.04892 => 208.777213823
HOST|0.00000|0.05676|-0.17046|0.14543|0.08642|0.21394|0.57888|-0.82631 => 158.087911428
SERVER|-0.00002|0.10206|0.13809|-0.09651|-0.01510|-0.47604|0.48005|-0.08314 => 88.7932276659
HOST|-0.00001|0.22394|0.05627|-0.07917|-0.15225|0.02394|0.34116|0.42684 => 32.1043423473
SERVER|-0.00011|0.24050|-0.18493|0.03380|-0.12870|0.39422|0.01855|0.13378 => -52.5571050876
SERVER|0.00015|0.04914|-0.27109|-0.04116|0.36356|0.19833|0.34323|-0.18581 => 202.072491363
HOST|0.00024|0.29429|-0.00323|0.11554|-0.17491|0.04749|0.11445|1.03652 => 27.3662983437
SERVER|0.00009|-0.06529|0.03907|0.11638|0.07863|-0.07989|-0.06145|0.30627 => -3.80510717679
SERVER|0.00005|-0.35150|0.08167|-0.03633|0.25099|-0.34958|-0.33183|-0.33445 => -57.6186613354
SERVER|-0.00016|-0.06097|0.14731|-0.27351|0.05104|-0.38379|0.08817|0.14101 => -28.1484235521
HOST|0.00010|0.10219|0.04721|-0.07075|-0.00346|-0.92793|-0.38893|-1.31242 => -76.4405426037
HOST|-0.00012|0.18282|0.31383|0.04282|0.00346|-0.25532|0.40323|0.35502 => 96.22363059
HOST|-0.00020|0.43227|-0.15961|-0.06572|0.01392|0.33796|-0.35529|-0.38871 => -40.7488796998
HOST|0.00012|0.08052|-0.18332|-0.02030|-0.13353|-0.34708|-0.23452|0.18122 => -80.2813593226
HOST|-0.00023|0.00680|0.07138|0.06253|-0.21274|0.08694|-0.38928|-0.40571 => -209.164383855
SERVER|-0.00011|0.02876|-0.40549|-0.03810|-0.51997|-0.40445|0.02107|0.20063 => -224.254455361
SERVER|0.00002|0.07725|0.01494|-0.02800|-0.06058|0.16270|-0.62130|0.96199 => -177.68248331
SERVER|-0.00009|0.31878|-0.18593|-0.12386|0.28899|0.04613|-0.48294|-0.22071 => -5.05502117921
SERVER|0.00006|0.26579|-0.19240|-0.21954|-0.15378|-0.29841|-0.30587|-0.78912 => -100.154095276
SERVER|-0.00012|-0.16006|0.29352|-0.08805|-0.09916|0.15947|-0.32645|0.04918 => -179.65302988
SERVER|0.00001|-0.21812|-0.24816|-0.08559|0.27181|0.54491|-0.29581|-0.91061 => -29.0112128404
HOST|-0.00001|-0.10124|-0.19445|-0.13452|-0.25137|-0.07745|-0.47351|0.37156 => -225.168202093
SERVER|0.00001|0.06407|-0.01437|0.15550|-0.12097|-0.27846|-0.00222|-0.17662 => -73.6505934642
SERVER|0.00002|-0.04274|-0.21383|0.15771|-0.06369|-0.18453|-0.60235|-0.17441 => -194.807899027
SERVER|-0.00017|0.02444|0.05427|-0.09237|-0.31307|0.50263|0.73259|-0.37115 => -3.00799117851
SERVER|-0.00032|0.04628|0.22217|0.06608|-0.33623|0.32454|-0.13197|0.09957 => -241.931388207
SERVER|0.00007|-0.10085|-0.07432|-0.11462|-0.03636|0.23887|-0.17210|0.02069 => -71.560376101
HOST|-0.00039|-0.09200|0.10799|-0.02884|0.17148|-0.08560|-0.08696|0.40466 => -31.7467586228
SERVER|0.00005|-0.64723|-0.12843|0.08177|-0.17370|0.07351|-0.16645|-0.74550 => -224.913589221
HOST|-0.00001|0.06261|-0.13190|0.13871|-0.03907|0.08898|0.23685|-0.52607 => 36.3727611553
HOST|0.00001|-0.05242|0.05644|-0.02248|0.19814|-0.22943|-0.08708|-0.49427 => 30.3076396054
SERVER|0.00007|-0.17390|-0.07410|-0.04016|-0.02865|0.61439|0.05869|-0.45163 => -29.9291508006
SERVER|-0.00007|-0.28362|-0.26161|0.00653|-0.11746|0.40022|-0.06353|-0.62077 => -145.547910737
SERVER|0.00010|-0.21791|-0.02281|-0.06950|-0.18184|-0.35481|0.54274|-0.22641 => 22.4567422749
SERVER|-0.00010|0.31604|0.19872|-0.01550|0.00141|0.25247|0.20086|-0.25424 => 39.6861070355
HOST|0.00006|-0.85859|0.23273|-0.06711|0.10388|-0.35286|0.09798|0.04696 => -43.354838782
HOST|0.00009|0.32134|-0.05889|-0.04280|-0.54177|0.48007|-0.22362|1.07508 => -189.46954531
SERVER|0.00010|0.26737|-0.06282|0.00512|-0.01828|-0.23756|0.61752|-0.04160 => 155.139869697
SERVER|0.00008|-0.14397|-0.01842|-0.00284|-0.36243|0.28306|0.10349|0.05739 => -138.984118525
HOST|0.00003|-0.41482|-0.01196|0.02325|-0.08526|-0.01379|-0.26020|-0.07254 => -158.312238572
HOST|-0.00004|0.43132|0.04418|0.01501|-0.20481|0.31396|-0.34743|-0.41588 => -105.712161154
HOST|-0.00009|-0.58890|0.26341|0.05799|0.02167|0.45995|-0.32230|0.34640 => -169.497044664
SERVER|0.00011|0.47445|0.00688|0.06943|0.16022|0.34589|-0.50032|0.24461 => 6.83466047926
SERVER|-0.00009|-0.30922|-0.16000|0.21046|-0.31364|-0.10881|0.79688|0.22448 => -1.901744482
SERVER|-0.00001|0.06571|0.29709|0.07173|0.16415|0.10648|0.02088|-0.37950 => 30.9634098323
HOST|0.00001|0.43794|0.24465|-0.02966|0.22040|-0.12981|-0.98332|-0.29069 => -98.594556588
SERVER|-0.00011|-0.06362|-0.14594|0.20248|-0.16321|-0.21829|-0.16915|-0.29997 => -160.668510895
HOST|-0.00005|-0.18661|-0.13966|0.04868|0.02264|-0.00418|-0.28011|0.39763 => -87.7308385297
SERVER|-0.00003|0.09391|-0.18673|0.11370|0.17205|-0.36619|-0.43143|0.03911 => -51.3076703545
HOST|-0.00003|0.17289|-0.07181|0.18943|0.15765|-0.49682|-0.04902|-0.24896 => 58.5265545401
SERVER|0.00007|-0.23900|0.10538|-0.14705|0.10661|0.18414|0.27625|0.29451 => 42.0887879406
SERVER|-0.00014|0.23043|-0.14303|0.04052|0.35982|0.04469|-0.40508|-0.54556 => 2.77494793565
SERVER|0.00002|0.23737|-0.03869|-0.03204|0.19146|0.23134|-0.43316|0.05239 => -28.4389227144
SERVER|-0.00009|-0.01987|-0.07457|0.05642|0.14812|-0.16694|-0.20326|0.69894 => -29.668716944
HOST|0.00002|-0.03953|0.10599|0.21796|-0.22263|-0.32371|0.17298|-0.15766 => -49.7815696897
SERVER|0.00005|0.00621|-0.14671|-0.03715|-0.03904|-0.04324|0.06474|-0.46591 => -14.6815837902
HOST|-0.00012|-0.30723|-0.09012|0.07818|-0.43676|0.15136|-0.23433|-0.04019 => -259.403356854
SERVER|-0.00003|0.18243|-0.04485|-0.18865|0.17798|-0.26475|-1.01616|0.14665 => -171.771449389
HOST|0.00002|0.11014|-0.03841|-0.05065|0.04636|-0.12518|0.16923|0.48534 => 61.4336171199
SERVER|0.00013|0.01242|0.14270|0.05838|-0.06185|0.25662|-0.13341|0.06376 => -47.8747121177
HOST|-0.00016|-0.47149|-0.10960|-0.16595|-0.18099|-0.03574|-0.13954|0.64589 => -202.014582079
SERVER|-0.00004|0.05752|0.19137|-0.00127|0.00456|-0.20108|0.46573|-0.64635 => 92.8184648089
SERVER|0.00004|-0.05838|0.23167|0.11712|0.12498|0.05399|-0.06473|0.17212 => 17.458729746
SERVER|-0.00006|-0.09256|0.10653|0.00833|-0.07161|0.57584|0.42652|-0.36890 => 1.46471872212
HOST|-0.00001|-0.75218|0.12586|-0.11815|-0.18745|-0.09057|0.56067|0.24866 => -62.6997817407
SERVER|-0.00030|-0.30120|-0.12973|0.03912|0.05191|0.24143|0.26673|0.15876 => -39.3950690956
SERVER|-0.00007|-0.14088|0.01008|-0.01600|-0.22736|0.12128|0.52123|0.42096 => -19.7497009579
SERVER|0.00009|-0.16885|-0.09136|-0.00931|-0.43956|-0.04012|-0.90267|-0.79855 => -399.21099645
SERVER|0.00003|0.05931|-0.12248|-0.13073|0.02347|0.39022|0.30406|-0.13316 => 68.5686721782
SERVER|0.00009|0.37738|-0.06780|0.11246|-0.07523|0.12125|-0.07518|-0.74600 => -0.153655925061
SERVER|0.00022|-0.00695|0.09884|0.04140|0.23112|0.17180|0.16503|0.88380 => 120.252407704
HOST|-0.00001|0.00206|0.09288|-0.06648|0.15687|0.79006|0.29933|-1.15312 => 123.566711518
HOST|0.00010|-0.30576|0.08296|-0.11862|-0.04788|-0.29560|-0.89142|-0.19935 => -273.383609369
SERVER|0.00000|-0.54146|0.13720|-0.20145|-0.14950|0.06913|-0.08849|0.07421 => -179.746953256
SERVER|-0.00006|0.24561|0.04442|-0.08547|0.04833|-0.67270|-0.01076|0.10876 => -16.4198506852
SERVER|-0.00006|0.03966|0.24646|0.14304|0.06388|0.40489|0.06568|0.54371 => -3.86326071589
SERVER|-0.00002|0.14125|0.29898|-0.09866|0.18495|-0.12895|0.80323|-0.24308 => 244.423138687
HOST|0.00004|-0.13433|0.02534|0.03131|0.13739|-0.24808|0.34789|-0.21147 => 119.030678478
SERVER|0.00011|-0.04086|-0.05620|0.01144|0.21686|-0.02332|-0.26399|-0.30447 => 5.48523994037
HOST|0.00010|-0.13493|0.09015|0.00358|0.08624|0.31560|-0.02512|0.42333 => 9.92238083256
HOST|-0.00007|0.09031|-0.16731|-0.10244|-0.16140|-0.21075|-0.18030|0.85230 => -113.827456198
SERVER|0.00003|-0.19639|-0.25150|-0.00175|0.03932|0.25617|-0.01037|0.52723 => -38.1047273144
SERVER|0.00007|-0.06608|0.08530|-0.01030|0.08666|0.01155|-0.00635|-0.42811 => -3.02469037599
SERVER|0.00005|-0.21186|0.01158|0.01735|0.17825|-0.38376|-0.10998|-1.63532 => 1.66471358582
SERVER|-0.00023|0.53762|0.16357|-0.07415|-0.03561|0.06956|-0.06997|-0.42238 => -21.4999703801
SERVER|0.00001|-0.38051|-0.05562|-0.07036|-0.02229|0.17066|-0.11938|-0.17049 => -108.242218785
HOST|0.00007|0.32674|0.10562|0.01910|-0.26400|-0.12084|-0.01792|0.11251 => -50.0037238272
HOST|-0.00018|0.70378|0.12751|0.04896|-0.19936|-0.65284|0.06533|-0.50123 => 21.277021213
SERVER|-0.00016|-0.02460|0.01327|-0.03788|-0.14992|-0.69758|0.28067|0.55423 => -79.8875136723
SERVER|-0.00002|0.14898|0.09769|-0.20245|0.14091|0.31536|0.10138|-0.04868 => 61.1930377859
HOST|0.00001|-0.03690|-0.18893|0.05873|0.08628|0.01584|-0.11877|-0.15634 => -8.23987996726
HOST|-0.00012|-0.31819|0.12615|-0.08778|-0.08956|-0.04207|-0.38233|-0.15758 => -186.467702911
SERVER|-0.00004|-0.02963|0.02008|-0.01180|-0.48218|-0.05480|-0.03168|0.47516 => -217.371369172
HOST|-0.00006|-0.42050|0.06000|-0.03101|-0.09815|0.06818|-0.26841|-0.09340 => -169.992306241
SERVER|0.00016|-0.37480|0.03636|0.11698|0.03488|0.19425|0.47539|0.37071 => 79.614707633
HOST|-0.00007|-0.18279|0.16560|-0.19704|-0.23576|0.41530|0.15397|-0.27677 => -109.779153308
SERVER|-0.00022|0.21840|0.13962|0.08721|-0.16993|0.34694|0.97800|0.29108 => 138.770416534
HOST|0.00012|-0.07466|0.05185|-0.01327|-0.24959|0.19068|-0.66581|0.49967 => -229.42396094
SERVER|0.00012|-0.38569|-0.19115|-0.13567|0.02008|0.10438|-0.03547|-0.72028 => -53.1328074547
SERVER|0.00014|0.06403|-0.23978|-0.14000|0.32936|0.20384|0.41167|-0.20663 => 224.615053548
SERVER|-0.00019|0.08311|-0.00096|0.06434|0.00500|-0.09840|-0.37224|0.05296 => -129.414960251
SERVER|-0.00006|-0.16244|0.03105|0.07941|-0.07431|0.24168|0.19003|-0.01883 => -53.3555649931
HOST|0.00024|-0.33638|-0.10788|-0.00895|0.03452|-0.33925|-0.34915|0.52638 => -93.6071198408
SERVER|-0.00002|0.07590|0.00749|0.06183|0.13315|-0.57808|-0.17237|0.76762 => -12.394944975
SERVER|0.00017|0.10212|0.07908|0.04480|0.12572|-0.55051|0.08116|-0.61344 => 59.2551439831
SERVER|0.00020|0.02602|0.08313|0.09729|-0.05285|0.34032|-0.26172|0.35117 => -77.4637841536
SERVER|-0.00018|0.15115|0.04800|-0.06255|-0.15544|-0.50292|0.31307|-0.53718 => -26.5664263999
SERVER|0.00002|0.16469|-0.08545|0.08722|0.11123|0.01485|-0.41794|-0.46702 => -48.5406012322
SERVER|-0.00019|0.21886|-0.02101|0.03883|0.00700|-0.23421|0.10249|0.31077 => -10.0440180715
HOST|0.00001|0.41665|0.02489|-0.00473|0.28790|0.06956|0.30147|0.13456 => 219.537304783
SERVER|-0.00019|0.32404|-0.24975|0.13973|-0.15438|-0.12163|-0.50216|-0.23157 => -175.031574138
SERVER|-0.00015|0.10666|0.06994|-0.06738|0.10096|0.36854|0.56459|-0.53840 => 123.95363676
SERVER|-0.00002|0.52126|0.08119|-0.03269|0.40618|0.24827|-0.41457|-0.34494 => 90.1909678457
HOST|-0.00021|-0.14763|0.17519|-0.06974|0.13101|0.20232|0.15152|0.25235 => 13.9830831525
SERVER|0.00012|-0.30707|0.15787|-0.03599|-0.05399|0.23804|0.03268|-0.23273 => -61.5836152927
SERVER|-0.00008|-0.16274|0.01371|-0.00874|0.09984|-0.16778|-0.01382|0.45162 => -28.419984961
HOST|-0.00020|0.10404|-0.13720|0.05406|0.01386|0.16653|-0.22451|0.26302 => -81.747624627
SERVER|0.00020|0.04052|0.25441|-0.10381|0.05394|-0.00339|0.17964|0.28108 => 69.2119704667
SERVER|0.00025|0.22928|0.09746|0.08057|-0.50508|0.54267|0.21971|0.16600 => -67.1835224863
SERVER|0.00007|-0.09178|-0.06188|0.18663|0.02036|-0.03320|0.96954|0.27688 => 190.528124615
HOST|0.00001|-0.07481|0.13612|-0.05939|-0.11410|-0.46542|0.31821|-0.05200 => 13.7205106989
HOST|-0.00017|0.06038|0.14047|-0.10434|-0.03769|-0.07973|-0.54094|-0.36790 => -166.772422269
SERVER|0.00002|0.26410|-0.00927|0.17754|0.09934|0.38656|-0.74009|-0.66480 => -109.923514212
SERVER|0.00000|0.24463|-0.13806|-0.02960|-0.10877|0.26796|0.88542|-0.73204 => 162.110834712
SERVER|0.00001|-0.35335|-0.07011|0.09072|0.18834|0.48898|0.25247|0.58146 => 49.2083256011
HOST|-0.00005|0.29364|-0.10333|-0.09717|-0.09266|-0.21900|0.09067|-0.35638 => -11.131611496
HOST|-0.00003|0.16038|0.00006|-0.01806|0.06774|0.57167|-0.81739|-0.21399 => -155.811095839
HOST|0.00012|0.28362|0.25342|-0.03360|-0.00570|0.28742|0.16313|0.24100 => 67.4891615386
HOST|-0.00011|0.47770|-0.17446|0.17141|-0.00299|0.46078|0.18419|0.46261 => 81.6660113306
HOST|-0.00009|0.65882|-0.07914|0.00234|-0.04476|0.08208|-0.20007|0.16979 => 0.414247780545
HOST|0.00017|0.25642|-0.07299|-0.05593|0.37946|-0.06991|-0.24722|0.29745 => 132.199675671
SERVER|0.00007|0.22640|0.27317|0.08885|0.28157|0.44941|-0.56206|-1.07419 => 8.88232879125
HOST|-0.00007|0.46721|-0.06690|-0.10890|-0.01031|0.26516|0.78221|-0.01295 => 222.988813591
HOST|-0.00009|0.35035|0.02251|0.11903|0.22597|0.24345|-0.01798|0.37422 => 102.693716761
HOST|0.00010|0.50304|0.11285|0.02825|-0.20473|-0.55826|0.01230|-0.40855 => -3.26265892322
HOST|0.00006|-0.38065|-0.08666|0.07903|-0.05164|0.15909|-0.44672|-0.13329 => -165.594644607
HOST|-0.00009|-0.41605|0.21483|0.14061|-0.21151|0.41936|0.41495|0.15541 => -80.6355769229
HOST|0.00021|0.59019|-0.13664|0.01894|-0.03141|0.14184|0.39069|-0.22112 => 193.461907241
HOST|-0.00003|0.65221|-0.06055|0.16733|-0.07893|0.04265|-0.96834|-0.29515 => -177.179758376
HOST|-0.00018|0.26091|0.00777|-0.04011|-0.13165|-0.82174|-0.15441|-0.21518 => -88.3964472155
SERVER|0.00024|0.55595|-0.04914|0.05515|-0.17585|-0.21745|-0.45391|-0.19189 => -83.7096110303
SERVER|-0.00005|0.07578|0.30536|0.15108|0.13038|0.11708|0.24509|-0.60726 => 83.3420296226
HOST|-0.00001|0.02305|0.12275|0.03938|0.09539|0.89066|-0.22111|-0.35276 => -26.4859975589
HOST|0.00010|-0.12121|-0.02669|-0.11106|-0.29883|-0.55023|-0.52531|-0.44562 => -246.831763579
SERVER|-0.00001|-0.21859|-0.02252|0.01488|-0.14681|-0.23404|0.38882|0.17621 => -24.2188105511
HOST|-0.00013|0.13094|-0.10555|0.04069|-0.05664|-0.20161|0.46085|1.39300 => 64.4642374617
SERVER|0.00004|-0.12102|-0.00785|0.10095|0.02778|-0.69105|0.23772|0.29431 => 20.7492537101
HOST|-0.00016|-0.32748|-0.18421|-0.08651|-0.01007|-0.22736|0.06517|-1.01422 => -69.981542478
HOST|-0.00012|-0.39087|-0.40499|-0.04005|-0.03649|-0.11443|0.09814|-0.30578 => -82.5863192611
HOST|-0.00000|-0.46393|-0.18278|0.11561|0.24126|0.38471|-0.34931|-0.45215 => -68.9662271804
HOST|0.00031|-0.08454|-0.03217|-0.19012|0.02557|0.46414|-0.35779|-0.11293 => -35.195325803
SERVER|0.00004|-0.30303|-0.05417|-0.04175|0.03140|0.09394|0.05478|0.18117 => -65.635182246
SERVER|-0.00018|-0.38093|-0.13055|0.04329|-0.06628|-0.08655|-0.05417|0.51935 => -163.731910474
SERVER|-0.00005|0.15416|0.14462|0.02386|-0.00236|0.47223|-0.39635|0.12025 => -107.621578573
SERVER|0.00013|0.11938|-0.07015|-0.06950|0.00091|-0.39936|-0.25001|-0.64386 => -54.0472770997
SERVER|-0.00007|0.60641|-0.02630|-0.06252|0.50383|0.06532|0.06365|0.58514 => 250.022130474
SERVER|-0.00007|0.19454|0.00548|0.20588|0.03361|-0.15834|0.24840|-0.26504 => 43.8321267506
HOST|-0.00005|-0.15286|-0.03368|0.08865|-0.14241|0.10752|-0.14173|0.80714 => -118.19457732
HOST|0.00006|-0.19157|0.09967|0.08341|0.19227|0.33473|-0.14935|-0.66345 => -4.26066199872
SERVER|-0.00007|0.19528|0.09013|-0.05921|-0.06072|0.49714|0.49698|0.26299 => 84.3630841823
HOST|-0.00004|0.13026|0.09475|0.04620|-0.03875|0.92444|-0.24134|-0.06013 => -72.2815010447
HOST|0.00012|-0.44796|-0.00099|-0.00432|0.35641|0.23835|-0.16576|-0.14670 => 37.0774826966
HOST|-0.00010|-0.03312|-0.11011|-0.15398|-0.18445|0.06163|0.14243|0.17189 => -59.9253782917
SERVER|0.00009|-0.02571|0.13826|0.05248|0.06163|-0.36827|-0.69683|-0.67040 => -153.233972214
HOST|0.00014|0.31575|0.16103|0.12655|-0.29376|-0.03949|0.17853|-0.17622 => 2.98359353667
SERVER|-0.00010|-0.45399|-0.07478|0.04363|-0.52916|-0.31760|-0.27464|-0.12298 => -365.795477207
SERVER|0.00026|-0.28174|-0.12673|0.21008|-0.11787|-0.05131|-0.28450|-0.32148 => -134.998608539
SERVER|-0.00020|0.05504|0.03696|0.04137|-0.17765|-0.05781|-0.06984|-0.17228 => -151.832192482
SERVER|-0.00006|-0.04901|0.18996|0.01126|-0.31868|-0.04307|-0.28777|-0.92015 => -225.602597649
HOST|0.00018|-0.00812|-0.10963|0.02399|-0.10418|-0.03177|0.66693|0.75286 => 121.04921193
SERVER|0.00010|-0.14386|-0.03755|0.00980|0.05065|-0.04397|-0.62883|0.35683 => -150.166431243
SERVER|-0.00013|-0.56546|-0.06371|-0.00153|0.12983|-0.29205|0.84723|0.77746 => 117.179008456
HOST|0.00002|-0.09331|-0.21064|0.13807|-0.03383|-0.56630|0.59010|0.23935 => 91.0213066603
HOST|0.00010|0.13785|0.03368|-0.06666|0.00352|0.02848|-0.43266|-0.54291 => -59.1099386466
HOST|-0.00001|-0.00563|0.08720|0.02760|-0.32663|-0.56090|-0.51890|-0.48975 => -258.258096289
HOST|-0.00016|-0.08735|-0.10880|0.11059|0.04489|0.17746|0.53460|0.08267 => 77.0306527565
SERVER|-0.00011|-0.39538|0.19905|0.09858|0.00962|-0.92551|-0.31267|-0.40370 => -184.265067983
SERVER|-0.00001|-0.30622|0.02169|-0.09532|-0.13860|-0.19286|-0.27789|0.09913 => -184.235958416
SERVER|-0.00004|-0.17555|-0.01030|0.00963|0.23965|0.17784|-0.27851|0.09185 => -49.1872528478
SERVER|0.00017|-0.16743|0.02825|0.00126|0.07204|-0.04841|0.09371|0.25643 => 17.4403794428
SERVER|0.00014|-0.15856|0.05779|0.01724|0.08186|-0.67247|-0.09799|0.55081 => -8.09838555907
HOST|-0.00002|-0.05341|-0.02388|0.03614|-0.18374|0.48935|0.63936|-0.88720 => 52.5680501955
SERVER|0.00007|-0.08650|0.21841|0.06226|0.32092|-0.23379|-0.09435|0.31915 => 64.09905048
SERVER|-0.00004|0.28026|0.13987|0.13053|-0.16215|0.37526|-0.14132|0.40601 => -80.8704594079
SERVER|-0.00006|-0.20742|0.02906|-0.01539|0.08825|0.37515|-0.44049|0.85221 => -137.206519422
SERVER|0.00009|-0.41833|0.23613|-0.20285|0.18843|0.60421|0.21422|1.18799 => 38.4181185816
SERVER|0.00012|0.11585|0.16313|0.07182|-0.01805|0.27016|-0.72159|0.07203 => -161.662976863
SERVER|-0.00016|-0.16986|-0.07765|0.06120|-0.11000|0.14867|-0.21200|0.58894 => -176.04987907
HOST|0.00001|0.16497|-0.08158|-0.10526|0.00397|-0.33038|0.15726|-0.91500 => 55.2233197551
SERVER|0.00011|0.18461|-0.11065|0.02910|0.00671|0.16507|0.18852|-0.31510 => 71.3414490895
SERVER|0.00024|-0.46688|0.07239|0.02807|0.07755|0.16013|-0.36413|-0.40212 => -111.354437628
SERVER|-0.00007|0.01321|-0.05901|0.16741|0.10926|0.36834|-0.17165|0.73820 => -47.5649542509
SERVER|-0.00002|-0.09829|0.23467|-0.07712|0.28321|0.15420|0.09506|-0.61549 => 79.9334913545
SERVER|0.00012|-0.14137|-0.14607|0.01974|-0.21816|0.17706|0.05754|-0.29688 => -107.397861584
SERVER|0.00006|0.22120|-0.23102|0.01385|0.29501|-0.64140|0.91852|0.25348 => 331.579992607
SERVER|-0.00008|0.52129|0.16501|-0.11593|0.00588|0.72882|-0.46402|-0.66748 => -69.5084962206
SERVER|-0.00005|0.25109|-0.05481|0.07275|-0.12772|-0.48357|-0.85347|1.07521 => -249.497053477
HOST|-0.00005|-0.15044|0.01259|-0.05292|0.34096|-0.84773|0.24500|0.41343 => 144.662810348
SERVER|0.00000|0.34073|0.05695|-0.02667|0.02648|0.24367|0.50003|0.81332 => 139.88059049
SERVER|0.00012|0.38602|-0.00175|0.12676|-0.28428|0.46630|0.09892|-0.69718 => -30.9601218843
HOST|-0.00001|0.26957|-0.01629|0.01372|-0.09294|0.69721|0.19957|-0.15694 => 38.5758630804
HOST|-0.00003|0.01065|-0.13254|0.04791|0.10016|-0.34513|0.10577|0.52369 => 38.5815959518
SERVER|-0.00022|0.01364|0.18604|0.10667|-0.21476|0.14385|-0.05674|0.06155 => -170.547990792
HOST|0.00001|-0.11260|0.14487|-0.05545|0.16281|0.51517|0.47506|-0.76623 => 143.145450693
HOST|-0.00004|0.61272|0.26152|0.23331|-0.16261|0.18260|-0.18777|0.10709 => -23.9564838749
SERVER|0.00010|0.33145|0.06818|-0.14188|-0.10959|0.42497|-0.13712|-0.06119 => -27.4742111738
HOST|0.00003|-0.40445|-0.14248|-0.00045|-0.16353|0.10572|-0.28471|0.15658 => -185.629469094
SERVER|0.00013|0.00404|0.02830|0.01053|-0.04836|-0.07101|-0.18014|0.49381 => -66.6373143378
HOST|-0.00013|-0.20562|-0.17248|0.02938|0.15229|-0.02633|-0.37097|-0.23562 => -98.9143480487
SERVER|-0.00012|0.16430|0.00655|0.13732|-0.10696|0.07006|0.68361|-0.30590 => 73.6057734752
SERVER|-0.00013|0.24537|-0.02118|-0.06076|-0.02202|-0.00454|0.25904|-0.06425 => 30.5347858794
HOST|-0.00015|-0.10026|-0.03602|0.11360|0.25532|1.12077|-0.09679|-1.15690 => 18.0968544558
SERVER|0.00001|-0.27226|-0.13718|-0.00583|-0.36029|-0.26755|-0.23640|-0.57257 => -250.964655447
HOST|0.00005|-0.07372|0.40585|0.04315|-0.11109|0.05768|0.38662|-0.78995 => 31.5234842184
HOST|0.00013|0.42448|-0.07410|-0.09751|0.10180|0.16039|0.23833|0.23911 => 153.52915538
HOST|0.00000|-0.31082|0.08463|-0.01651|0.15505|-0.05137|0.04693|0.63732 => 14.9034503876
SERVER|-0.00018|-0.07875|0.16411|-0.01606|-0.17130|-0.14347|0.05462|-0.15100 => -115.921341684
HOST|0.00011|-0.39308|0.30276|0.11254|-0.21212|-0.86039|-0.22591|0.02749 => -174.088585542
HOST|0.00005|0.84969|-0.08333|-0.10381|-0.20722|-0.27558|0.13260|-0.05983 => 72.8844238816
SERVER|-0.00015|-0.16752|-0.20117|-0.06759|-0.11139|-0.08893|0.14116|0.70795 => -91.8668317712
HOST|0.00013|0.20581|-0.03673|-0.06145|-0.40348|0.19056|-0.04830|0.21438 => -105.612576572
SERVER|0.00006|-0.01977|0.05336|0.08322|-0.05002|0.36910|0.55892|0.58804 => 77.5234790559
HOST|0.00006|-0.18257|0.01781|0.07200|0.02948|-0.01590|0.28621|0.10065 => 41.3321152613
SERVER|-0.00010|-0.29614|-0.00098|-0.03773|-0.18328|-0.23816|0.45029|-0.14144 => -59.6064672058
SERVER|-0.00005|-0.13263|0.07079|-0.01564|0.35856|0.02244|0.26388|-0.61278 => 106.110078615
SERVER|-0.00001|-0.06121|0.10637|0.07717|0.25254|-0.21203|0.26365|-0.25181 => 116.275226972
SERVER|-0.00001|-0.46988|0.02196|0.07164|0.34438|-0.70624|-0.00437|0.04913 => 32.878946849
HOST|0.00001|0.11282|-0.18403|-0.00702|-0.17077|0.26872|-0.17039|-0.55306 => -90.9389477356
HOST|0.00009|-0.29024|0.10462|-0.02324|0.20122|0.27775|-0.14291|0.67809 => -12.0255445465
HOST|-0.00004|-0.29568|-0.27763|-0.11971|0.12118|-0.11173|0.33700|0.38393 => 69.7133696656
HOST|0.00001|0.05635|-0.06846|0.02372|-0.29332|-0.21004|0.13124|0.14880 => -87.3676121941
HOST|0.00004|-0.37152|0.10777|-0.01235|0.00228|0.09220|0.03637|-0.33911 => -36.613279993
HOST|-0.00004|-0.55366|-0.01996|0.28124|0.41102|0.11394|0.59800|0.63034 => 176.663193508
SERVER|-0.00020|0.42360|-0.02698|0.00416|-0.15900|-0.21333|-0.76199|0.11597 => -229.037343868
HOST|0.00012|0.68605|-0.03009|0.19333|0.21389|-0.05299|-0.26585|0.69744 => 129.255720979
SERVER|-0.00016|-0.34032|-0.22821|0.04546|-0.06837|-1.00921|0.10351|1.15730 => -106.72281439
HOST|0.00000|-0.53648|-0.15978|0.06978|0.16140|0.51226|0.91649|0.25954 => 181.218444079
HOST|0.00016|0.30777|-0.04137|-0.08336|-0.11564|-0.12410|0.12698|-0.82944 => 56.219015126
SERVER|-0.00013|-0.19647|-0.07814|-0.18805|0.17652|0.20766|0.48546|-0.20052 => 78.9190910961
HOST|-0.00010|-0.30641|0.09051|0.03416|0.14467|-0.99785|0.53832|-0.23423 => 93.5028152346
HOST|-0.00004|-0.25353|-0.28906|0.02356|0.04030|0.58123|0.03928|-0.40413 => -25.6194303798
HOST|-0.00012|-0.29429|-0.16196|0.16336|-0.08604|0.44684|-0.31231|0.57683 => -163.56278156
HOST|0.00006|-0.17454|0.13405|0.02949|0.31805|0.39340|0.08508|0.27912 => 115.209137306
HOST|0.00009|-0.35515|0.11594|-0.09204|-0.40066|0.76357|0.12742|-0.52564 => -169.760244263
SERVER|0.00004|0.10284|0.06877|-0.05074|-0.08067|-0.24723|0.23683|-0.80938 => 21.6104321203
HOST|0.00003|-0.59786|0.04843|0.10205|0.23158|0.25790|0.11394|0.41394 => -4.44916630194
HOST|0.00007|0.15465|-0.09260|0.03154|-0.05641|0.02405|0.03991|0.43104 => 10.5151083223
SERVER|-0.00019|-0.04589|-0.09575|0.14041|0.04151|0.10601|0.26986|0.06297 => 12.6965215133
SERVER|-0.00017|0.20700|-0.08895|-0.07185|-0.17341|0.50354|-0.16456|0.19347 => -121.37371499
SERVER|0.00010|-0.41295|0.20969|-0.01714|-0.05410|0.07988|-0.34790|0.16059 => -168.593789765
SERVER|0.00001|0.32758|0.08808|-0.02593|0.02914|-0.33123|-0.24267|-0.45688 => -34.3037539451
SERVER|0.00015|0.07534|0.12801|-0.12905|-0.07518|0.66256|-0.38058|-0.00050 => -102.767314156
SERVER|0.00007|-0.24842|-0.23518|0.15731|0.07129|0.38428|0.17144|0.43864 => 12.256884765
SERVER|-0.00016|0.13419|0.07454|0.21421|0.19660|0.36090|-0.29834|0.24935 => -8.83388634646
SERVER|0.00017|0.20180|-0.29090|0.03350|0.09032|-0.06169|0.23537|0.00772 => 110.716291777
SERVER|0.00001|0.05116|0.14046|-0.03299|-0.21176|0.11021|0.52849|0.26140 => 29.6904126704
HOST|0.00009|0.16380|0.38929|0.03380|-0.01891|0.62233|0.28976|-0.54374 => 81.6705254696
SERVER|0.00007|-0.23541|-0.07464|0.06019|0.05759|0.08547|0.21810|-0.55559 => 7.28008593099
SERVER|0.00009|-0.07718|-0.10172|-0.03269|0.31929|-0.53858|0.60410|-0.02398 => 220.098929606
HOST|-0.00003|-0.04876|-0.29027|0.22765|0.16025|0.20398|-0.07224|-0.74447 => 24.1183573955
HOST|0.00019|0.47080|0.09360|0.18114|0.12472|-0.01540|-0.06338|0.07360 => 111.204325111
SERVER|0.00004|-0.01208|0.05029|0.01106|-0.03224|0.10657|-0.77370|-0.81941 => -220.299264261
HOST|-0.00017|-0.10720|-0.14032|-0.14478|0.39828|-0.17974|0.37864|-0.09151 => 177.477448418
HOST|-0.00000|0.00896|-0.01138|0.01601|-0.06654|0.01227|0.42898|-0.50553 => 57.4008564491
HOST|-0.00014|-0.30803|0.11819|0.04292|0.15882|0.18613|0.10112|0.14098 => 8.06323572339
HOST|-0.00016|0.16901|0.05636|0.09305|0.24516|-0.25214|0.16459|0.31557 => 111.272598726
SERVER|0.00011|0.31442|-0.17028|-0.16200|-0.05612|-0.13071|-0.27180|-1.23316 => -69.7326220701
HOST|0.00008|0.05085|-0.12686|0.02500|0.16719|0.00884|-0.00096|0.46173 => 92.4713873893
SERVER|-0.00010|-0.33080|-0.05825|-0.05532|0.24694|0.33165|0.16821|0.46249 => 41.5118270932
SERVER|-0.00024|0.33863|-0.02573|0.02854|-0.26555|0.20532|0.32483|-0.23537 => -41.9817363132
HOST|0.00012|0.47350|-0.12064|-0.02155|0.06134|0.30728|0.70909|0.55280 => 261.649947558
HOST|0.00004|-0.52280|0.00563|-0.08841|-0.05557|-0.00991|0.03943|0.11057 => -92.2506573262
HOST|0.00006|-0.05843|-0.05729|0.01151|-0.29051|-0.42000|-0.90316|1.37891 => -316.837872015
SERVER|-0.00010|-0.02123|-0.24951|-0.16358|0.23979|0.27237|-0.55952|0.01103 => -91.4935463932
SERVER|-0.00001|-0.16073|-0.16230|-0.06991|0.13030|0.42195|0.20516|0.44433 => 49.6961730781
HOST|-0.00008|0.34524|-0.03755|0.07900|0.16121|0.22668|-0.22806|1.07017 => 37.2654901822
HOST|0.00017|-0.09519|0.04839|0.03402|0.31128|-0.32827|0.55249|-0.20447 => 241.34001858
HOST|0.00006|-0.46680|0.11194|0.11976|0.17464|0.24004|-0.17315|0.23493 => -57.8095460077
HOST|0.00004|-0.09281|0.15315|-0.13836|0.12663|-0.04465|-0.02901|-0.42143 => 15.9272970444
SERVER|0.00008|0.08114|0.03792|-0.06608|0.08083|0.00079|0.36384|0.30630 => 105.601303221
SERVER|-0.00017|-0.23890|-0.01696|0.03357|0.21542|0.21433|-0.15230|-0.37642 => -47.3103534658
SERVER|-0.00005|0.34572|0.13649|-0.14597|-0.13288|-0.18378|-0.37719|-0.56429 => -123.602673393
HOST|-0.00041|-0.16665|0.25675|0.07172|-0.10120|0.24650|0.54738|-0.41363 => -24.3026721313
SERVER|0.00034|-0.23981|0.02061|-0.04939|0.14733|0.12531|0.36377|-0.36145 => 108.945937387
HOST|0.00001|-0.13317|-0.17362|-0.04635|0.28962|-0.11435|0.57210|0.17151 => 211.273328058
HOST|0.00019|0.09424|-0.20100|0.02840|0.27030|0.92276|-0.23931|-0.57380 => 65.0369909984
SERVER|0.00002|-0.48472|-0.00163|-0.02052|0.01424|0.13204|-0.16383|-0.76401 => -125.935311516
HOST|0.00010|0.09736|0.21522|0.02230|-0.06458|0.33416|-0.26288|0.04674 => -71.1961973684
SERVER|0.00010|0.55046|-0.39364|0.09407|0.07368|-0.25297|-0.57914|0.52432 => -39.7193936511
HOST|-0.00012|0.09082|0.09689|-0.04090|0.18192|0.98760|-0.68179|-0.21346 => -102.650193605
SERVER|0.00013|0.02992|0.17096|-0.09234|0.09543|-0.01382|-0.10286|0.90198 => 25.7854841023
SERVER|0.00012|-0.32005|0.00721|0.03167|-0.03111|0.32399|0.39976|-0.36608 => 18.2821934741
SERVER|0.00010|0.40569|-0.03282|0.03276|0.25356|-0.44188|0.72489|-0.07029 => 294.491200475
HOST|-0.00005|-0.49025|-0.04260|0.03116|-0.03496|0.03373|0.01758|-0.78493 => -92.4850640022
HOST|-0.00004|0.42912|-0.02233|-0.06076|0.01028|0.12100|-0.07946|-0.13595 => 25.7892181539
HOST|-0.00014|0.22815|0.24731|0.12871|-0.07934|0.04708|-0.44678|-0.35098 => -139.044940043
HOST|0.00008|-0.20013|0.03990|-0.04877|0.13883|0.71902|0.20500|0.14594 => 67.6962138112
HOST|-0.00010|-0.05766|-0.04879|0.01764|0.00230|0.19859|0.34154|-0.99106 => 55.8077655638
SERVER|-0.00008|0.25757|-0.06486|-0.16210|0.10965|-0.58181|0.12505|-1.01265 => 70.4462863125
HOST|-0.00015|0.12120|-0.01675|-0.08840|0.30647|0.62119|0.48877|0.20658 => 219.217812609
HOST|-0.00007|-0.07891|-0.04044|-0.00255|0.00483|0.28443|0.18985|-0.60913 => 5.97442962105
SERVER|0.00018|-0.04984|-0.26358|-0.00790|0.16898|0.54923|-0.34194|0.06720 => -9.55407849992
HOST|0.00002|0.31348|0.12054|-0.02858|0.00547|0.63380|-0.19061|0.33467 => -11.4009056534
HOST|-0.00005|0.18758|0.07172|0.13495|0.06552|-0.59056|0.61634|0.31042 => 180.616511208
HOST|0.00012|-0.32313|0.01001|-0.02559|0.19523|0.66474|-0.70006|-0.35840 => -122.715533441
HOST|-0.00014|-0.67284|0.08590|-0.21703|-0.25833|-0.18614|0.29455|0.43663 => -162.589301743
HOST|0.00010|-0.05058|0.07866|0.01890|-0.11130|0.19809|-0.29122|0.33766 => -110.882394407
HOST|-0.00003|-0.36790|0.16698|0.15438|0.25828|-0.26760|-0.58446|0.96950 => -115.602321752
SERVER|0.00005|0.08983|0.03456|0.04839|-0.06012|0.41863|0.72542|-0.42101 => 136.857726982
HOST|-0.00010|-0.20349|-0.01096|0.03620|-0.27291|-0.09532|0.50683|0.85205 => -20.4584990046
HOST|-0.00016|-0.11613|-0.12530|0.08174|0.03261|-0.71224|0.02873|-0.51003 => -43.3662933295
SERVER|-0.00001|-0.12447|-0.07429|-0.08865|0.01540|0.92806|-0.64136|-0.22229 => -182.108976946
SERVER|0.00010|0.02640|0.21535|-0.03264|-0.11018|-0.39320|-0.74241|-0.00480 => -212.133618704
SERVER|0.00009|-0.09982|0.09959|-0.03753|-0.07522|0.03636|-0.08165|-0.18007 => -72.7104371453
SERVER|-0.00007|0.06457|0.08386|0.05612|-0.49844|0.44162|0.15406|-0.51843 => -165.119416407
HOST|-0.00007|-0.14023|0.15199|0.09379|-0.15409|0.06161|0.02810|0.59784 => -94.8951017756
SERVER|0.00014|-0.01594|-0.18388|0.02244|-0.12757|0.19948|0.26565|-0.48164 => 7.150658115
SERVER|0.00021|0.69397|-0.03875|-0.02187|-0.10026|-0.30733|0.44867|1.69165 => 167.284826929
HOST|0.00005|-0.18904|-0.23089|-0.14729|0.19163|-1.05457|-0.85077|0.42986 => -161.618825295
HOST|-0.00013|-0.17965|-0.04852|-0.20655|0.00317|-0.13609|0.55943|0.24883 => 76.4179531422
SERVER|-0.00003|-0.37600|-0.09304|0.04900|-0.30647|0.09643|-0.00855|-0.13161 => -202.463503493
HOST|0.00009|-0.35128|0.09822|0.09523|-0.06113|-0.62640|-0.14172|-1.32886 => -103.72192461
SERVER|-0.00007|-0.19714|0.06159|-0.01415|-0.40146|0.09271|0.32410|-0.12639 => -143.432837029
SERVER|0.00007|0.17822|-0.07436|-0.09179|-0.12152|0.34461|0.32387|-0.23438 => 29.0868497372
SERVER|0.00006|-0.03552|0.31483|0.09761|0.12347|-0.47557|0.13863|0.53629 => 45.7030084387
HOST|-0.00005|-0.16558|0.19464|0.02565|0.11968|0.38191|-0.27455|-0.71122 => -66.2629518995
SERVER|-0.00008|-0.07533|-0.06751|-0.02257|-0.47616|0.59174|-0.02411|-0.55028 => -238.170350765
HOST|0.00005|0.26684|0.03190|-0.06996|-0.28142|0.24918|-0.15457|-0.62395 => -79.8594443495
HOST|-0.00009|0.39988|0.07280|0.23088|0.22887|0.72359|-0.04029|0.20134 => 90.2642069058
HOST|-0.00010|0.21777|-0.07641|0.03342|0.01119|0.26353|0.09367|0.62394 => 38.8236473492
SERVER|0.00001|-0.00780|-0.19266|-0.02191|-0.00774|-0.21851|-0.46122|-0.81445 => -128.791948731
HOST|-0.00012|-0.41401|-0.24368|0.01128|0.23772|-0.94348|-0.14773|-0.41177 => -21.0694567681
HOST|-0.00004|0.02010|0.10201|-0.00844|-0.20465|-0.70269|-0.25919|0.85375 => -143.321698071
HOST|-0.00021|-0.12791|0.01953|0.06257|0.10136|0.29587|-0.08632|-0.30868 => -40.7309601029
HOST|0.00005|-0.09900|0.10949|-0.06401|-0.14626|0.45334|-0.31269|-0.64822 => -123.316779175
HOST|0.00013|0.30122|0.13894|0.03633|-0.17693|-0.51074|0.28961|0.93519 => 71.7900042863
SERVER|0.00008|-0.09648|-0.15500|-0.04092|0.13240|-0.42452|-0.30066|-0.27715 => -56.2395215522
SERVER|0.00015|-0.17079|0.05841|0.12575|0.09032|-0.02776|0.21708|1.12414 => 46.28932202
HOST|-0.00008|0.15324|0.15579|-0.02648|0.03985|0.03196|0.00055|-0.57422 => 6.68518843195
HOST|0.00001|0.57771|0.05001|0.03539|0.01921|0.65449|-0.05959|0.87349 => 71.8616517044
SERVER|-0.00005|0.15710|0.23803|-0.02277|0.25477|-0.22978|-0.18476|-0.45331 => 41.1136131941
HOST|0.00016|0.05497|-0.18118|-0.07724|-0.04128|0.00703|-0.17135|0.95802 => -32.1707767519
HOST|-0.00019|-0.25460|-0.09574|-0.00836|-0.10187|-0.43460|-0.35003|-0.21300 => -202.062157042
HOST|-0.00006|0.21542|0.03943|0.21423|-0.15165|0.11338|0.10974|0.16625 => -12.9684876841
HOST|-0.00007|0.08037|0.18872|-0.00469|-0.30020|-0.15796|-0.44958|-0.87686 => -219.129274737
HOST|-0.00000|-0.03611|-0.24505|0.05394|0.12644|0.49009|0.01576|0.62601 => 45.2171586999
SERVER|-0.00009|-0.02253|-0.01584|-0.05075|0.07713|0.19205|0.02730|-0.07986 => -18.3282832452
HOST|-0.00011|0.38210|0.14209|0.15227|-0.04161|0.05526|-0.31079|-0.24281 => -62.7831565893
SERVER|0.00014|0.25383|0.10698|0.15320|-0.16808|-0.05790|-0.38006|-0.31403 => -117.679296949
HOST|-0.00016|0.28139|0.08476|-0.15299|-0.23187|-0.50226|-0.65972|-0.33530 => -230.935830618
HOST|-0.00024|-0.35390|-0.06518|-0.00595|0.12237|0.14066|0.12350|-0.15842 => -36.0208916617
SERVER|-0.00010|-0.02148|-0.11842|0.08621|-0.15571|-0.04610|0.82227|0.51312 => 73.417810978
HOST|-0.00000|0.15137|0.15379|0.08958|0.01298|-0.62474|0.51064|-0.09769 => 131.210485702
HOST|0.00009|0.00061|0.03711|0.04605|-0.06634|0.32374|-0.34167|-0.32167 => -102.714969332
HOST|-0.00007|-0.35666|0.08370|-0.03399|0.16221|0.12765|-0.72944|-0.13307 => -186.499988149
HOST|0.00017|0.63217|0.27019|0.02576|0.08057|-0.29522|0.39281|-0.76336 => 219.431595181
HOST|0.00009|0.23051|0.25747|0.14391|0.37264|-0.17105|0.28649|0.01026 => 238.341074561
SERVER|-0.00041|-0.06257|0.20894|0.06463|0.20189|-0.10942|-0.00411|1.15844 => -32.2697459265
HOST|0.00001|0.04064|-0.11109|-0.05379|0.26247|0.27421|0.17705|0.11067 => 125.467126836
SERVER|-0.00027|-0.35475|-0.35182|-0.15776|-0.07192|-0.16090|0.07975|-0.47752 => -135.32321983
HOST|-0.00001|-0.26552|-0.46594|0.07460|0.01274|0.67986|-0.34098|0.42896 => -112.042461878
SERVER|0.00001|-0.04205|-0.07650|0.02977|0.16188|0.15431|0.42645|-0.30338 => 131.375702771
SERVER|0.00010|0.06700|0.13887|-0.04993|0.10786|0.43288|0.61299|0.09370 => 173.016968647
HOST|-0.00014|0.23335|-0.14761|0.12991|-0.13231|0.17563|-0.36005|0.19107 => -122.982083029
HOST|0.00001|0.36866|0.38910|0.17204|-0.11090|0.07134|0.61077|1.04773 => 141.465985304
SERVER|0.00003|0.16887|-0.05731|0.13481|-0.39836|-0.29020|-0.09714|0.26560 => -166.624823846
HOST|-0.00014|0.44211|0.16603|-0.02283|0.03302|0.34307|0.44299|-0.43431 => 147.995313258
SERVER|-0.00024|-0.20220|-0.13205|-0.01371|0.20466|-0.27513|-0.03291|-0.23616 => -36.731337527
SERVER|-0.00005|-0.77562|-0.07353|0.04597|-0.09589|0.63815|-0.54084|-0.45590 => -302.559863497
HOST|-0.00021|0.06183|0.18586|-0.03158|-0.16437|0.42245|0.09699|-0.10199 => -85.1316062848
SERVER|-0.00011|0.22599|-0.24139|-0.02354|0.19151|0.41322|-0.09353|0.73593 => 32.0211180894
HOST|0.00001|-0.40305|0.24535|0.13539|0.06497|-0.23809|0.38590|-0.41496 => 37.1208461768
SERVER|0.00020|0.20431|-0.00817|-0.12904|0.26872|-0.36256|0.26433|0.17940 => 192.999035979
HOST|-0.00011|-0.30928|-0.21771|0.04646|-0.07660|-0.03065|0.26147|0.29327 => -23.8356220522
HOST|0.00017|-0.05884|-0.05332|0.05156|0.23818|-0.16107|-0.48085|-0.95772 => -11.617225508
SERVER|0.00014|-0.16175|0.23893|-0.12235|-0.16405|0.49747|-0.06373|0.85880 => -92.7162733546
HOST|0.00002|-0.36683|0.20558|-0.03250|0.09279|0.44555|-0.19576|-0.48772 => -79.1946107911
HOST|-0.00004|-0.08233|-0.14363|0.19800|0.01261|-0.06104|0.01880|-0.31363 => -31.0596450869
HOST|-0.00005|-0.26361|0.12624|-0.04124|-0.01401|-0.20738|-0.05278|0.10294 => -71.9390420494
HOST|0.00002|0.32143|-0.10024|-0.00417|0.24206|-0.09811|0.25852|0.37411 => 177.87845298
HOST|0.00001|-0.69392|0.01848|-0.12395|-0.06042|0.22626|-0.07249|-0.49857 => -143.008171181
HOST|0.00010|0.01736|-0.06739|0.08044|-0.17110|0.01102|-0.90251|-1.28678 => -268.219694349
HOST|0.00030|0.17992|0.09906|-0.25511|0.03763|-0.11979|0.12119|0.66371 => 110.164478306
HOST|-0.00015|-0.24512|0.04866|0.00097|-0.01552|-0.04196|0.86642|0.16284 => 119.494186072
HOST|0.00010|0.46202|0.01567|-0.17164|0.16755|-0.30021|0.31593|-0.51599 => 194.575382422
HOST|0.00005|-0.33508|0.09355|-0.06012|-0.30895|-0.12543|-0.21670|0.61003 => -215.079977954
HOST|0.00007|-0.53660|-0.09745|0.11076|0.00961|-0.10347|-0.71274|0.03070 => -230.061905329
HOST|0.00011|-0.14376|0.02366|-0.12599|-0.23275|-0.10309|-0.42800|-0.25594 => -187.029130027
HOST|-0.00012|-0.45564|-0.00168|-0.01379|-0.20994|-0.48498|0.03266|-0.07879 => -167.723871931
SERVER|0.00015|-0.58915|-0.22904|0.07325|0.06194|-0.13255|0.25799|-0.08195 => -15.533327186
SERVER|0.00005|0.03782|0.19573|0.00546|0.02779|-0.48812|-0.34724|-0.06487 => -95.3843548802
HOST|0.00010|0.34986|-0.16786|0.09811|0.35005|0.20526|-0.25068|-0.68164 => 123.853524702
HOST|-0.00010|0.52211|0.02865|-0.10812|-0.04906|0.64199|-0.24092|0.35939 => -34.3944509947
SERVER|0.00005|-0.29839|0.02873|-0.04662|0.19556|-0.52077|-1.31999|-0.39523 => -295.25293388
SERVER|-0.00014|-0.34383|0.02237|-0.13890|0.14363|0.38260|0.21774|0.75498 => -2.37243167548
HOST|0.00008|-0.16581|0.11707|-0.04619|0.12191|-0.43329|-0.31598|0.39365 => -52.4314028862
HOST|-0.00014|0.34296|-0.25516|0.06965|0.18189|0.21292|-0.03684|-0.19070 => 90.3500730654
SERVER|0.00003|-0.35647|-0.30125|-0.14244|0.18601|-0.38247|-0.12345|-0.49040 => -36.8504949879
SERVER|0.00025|0.05961|-0.11446|0.07188|-0.10753|-0.01142|-0.56603|0.82036 => -148.448591684
SERVER|0.00002|0.07477|0.14517|0.07356|-0.08230|0.51597|-0.30806|-0.77959 => -107.7020326
HOST|-0.00004|-0.16555|-0.06033|-0.02381|-0.01480|-0.07364|0.07212|0.54878 => -26.6771051279
SERVER|-0.00022|0.15170|0.08700|0.02226|0.13427|0.01302|0.04688|0.93941 => 9.94807994575
SERVER|0.00009|0.51798|0.13512|-0.00709|-0.15015|-0.27963|0.06128|0.11018 => 37.109444315
SERVER|-0.00019|0.16261|0.28258|0.02866|0.02295|0.30814|0.17138|0.35379 => 11.1812663829
SERVER|-0.00007|0.03095|0.04690|-0.09485|0.35522|0.58798|0.66371|0.00584 => 246.702171541
HOST|-0.00015|0.32284|0.07446|0.02771|0.32842|0.51552|0.34967|-0.17150 => 228.012070835
SERVER|-0.00011|0.51513|0.27907|0.11907|0.18284|0.01999|0.19700|-0.14907 => 134.851148599
SERVER|0.00010|-0.41814|0.14776|0.11276|0.04129|-0.01403|0.18120|-0.89758 => -21.1388477708
HOST|-0.00006|0.02553|-0.10916|0.03615|0.22034|0.05832|-0.16221|-0.34521 => 25.5446829107
HOST|-0.00002|-0.16392|-0.08839|-0.14259|0.11417|-0.76148|-0.50983|-0.54750 => -112.203068125
SERVER|0.00002|0.50373|0.07842|0.10784|0.05630|-0.43437|0.36520|-0.64335 => 165.476307348
HOST|-0.00008|0.20084|-0.17668|-0.07866|-0.08710|-0.20294|-0.67699|1.19283 => -180.18333002
HOST|0.00010|-0.24776|-0.09991|0.11197|0.03706|-0.40797|-0.36903|-0.00883 => -114.746663941
HOST|-0.00022|0.68185|0.22398|0.17779|0.17514|-0.16759|0.57357|1.00653 => 243.895579358
HOST|-0.00017|0.04826|0.04041|0.03615|-0.07841|0.38026|0.73995|-0.42656 => 100.729296883
SERVER|0.00003|-0.18357|-0.08057|-0.05669|-0.02747|-1.15807|0.04257|-0.35700 => -49.9201458333
HOST|0.00006|-0.17247|0.08937|0.19107|0.27975|-0.14030|0.06813|-0.11399 => 89.3457787293
SERVER|0.00004|-0.38388|0.11539|0.03391|-0.20442|-0.43085|0.33994|-0.87126 => -60.0751842613
HOST|-0.00021|-0.08259|-0.03723|0.00427|-0.01923|-0.30228|-0.20741|-0.34469 => -120.302741844
HOST|-0.00001|0.17148|-0.11798|-0.07467|-0.37204|0.04694|0.62504|-0.14086 => 21.7705580359
HOST|-0.00002|-0.00358|0.01935|-0.01087|-0.08933|-0.29703|-0.55170|-0.84164 => -179.740767591
SERVER|-0.00028|0.06274|0.10245|-0.18525|-0.18849|-0.01600|0.12206|0.21625 => -111.228017935
SERVER|0.00013|-0.40407|0.06238|-0.07960|0.20503|-0.37508|1.12158|-0.01353 => 263.429680377
HOST|-0.00011|-0.31542|-0.13354|-0.18711|0.11380|-0.33844|0.20704|0.79189 => 5.91373216154
SERVER|-0.00015|0.06883|-0.02361|-0.00111|-0.12199|0.27300|0.40623|-0.93287 => 13.9272969096
SERVER|-0.00001|0.33637|0.03022|0.06563|-0.06121|-0.46285|0.29813|-0.88438 => 71.511985718
SERVER|0.00020|0.20552|0.05704|0.02582|-0.13960|-0.28507|0.26421|-0.49416 => 39.5479595449
HOST|-0.00000|-0.00408|0.09884|0.05708|-0.26366|-0.02138|0.27603|-0.28837 => -34.8438492149
HOST|-0.00009|-0.13267|-0.15899|0.16778|-0.42207|0.72278|0.15154|0.70175 => -175.261992688
SERVER|0.00009|0.38881|0.01285|-0.06289|0.12414|-0.36912|-0.22129|0.53770 => 31.7872857867
SERVER|-0.00015|-0.41430|-0.23722|0.02210|0.07216|-0.32615|0.50408|-0.48516 => 34.0850346471
HOST|-0.00002|0.04267|0.21850|0.02015|-0.06578|-0.24374|0.12337|0.01003 => -13.5779224298
HOST|0.00002|-0.16142|0.02745|-0.07050|-0.07900|-0.08283|-0.16924|0.84493 => -87.9075956511
HOST|0.00003|0.19060|-0.10941|0.06346|0.14056|-0.06309|0.03396|0.03550 => 84.1134805228
HOST|0.00008|-0.33572|0.12185|0.13172|-0.13311|-0.04630|0.30590|0.14102 => -24.3554910061
HOST|0.00005|-0.28357|0.11367|-0.03035|-0.16124|-0.11779|-0.25062|-0.17270 => -165.513002797
SERVER|0.00004|-0.13950|-0.02482|-0.10639|-0.10666|-0.97794|-0.62528|0.10301 => -220.604630818
SERVER|0.00000|-0.32617|-0.14242|-0.05930|-0.03462|-0.08226|-0.29692|1.22283 => -175.289372968
SERVER|0.00008|0.12016|-0.21512|-0.00544|-0.23916|0.01771|0.74019|-0.83000 => 73.270205207
SERVER|0.00007|0.08233|-0.08562|0.06043|0.17127|0.64628|0.06751|0.75094 => 72.7371152612
SERVER|-0.00007|-0.32308|0.01659|-0.16782|0.12354|-0.36790|-0.22997|0.24561 => -101.727904293
SERVER|0.00009|-0.22801|-0.18643|-0.00210|-0.27703|0.07636|-0.12578|0.33906 => -182.092856888
SERVER|0.00009|-0.26199|0.11043|0.02033|-0.04614|0.04553|-0.22617|-0.21922 => -127.210645093
SERVER|-0.00005|-0.44650|0.07243|-0.13146|0.14064|-0.68437|0.47388|-0.79383 => 38.0036647399
HOST|-0.00034|0.08219|-0.18491|0.10912|0.18952|-0.62977|-0.33507|-0.00730 => -77.9460266083
SERVER|0.00004|0.28451|0.17920|0.21982|0.18382|-0.18657|-0.39366|0.58555 => -2.96686130676
HOST|0.00013|0.14598|-0.08916|0.07631|-0.30457|-0.22039|-0.52481|1.25765 => -192.573111832
HOST|-0.00005|-0.18930|-0.15926|0.00839|0.07986|0.13551|-0.31313|-0.15748 => -70.6863228326
SERVER|0.00002|0.18009|-0.07105|0.12981|0.12052|-0.40278|-0.30058|0.28848 => -25.2334153369
HOST|-0.00006|0.33877|-0.08530|-0.02465|0.12428|-0.22836|-0.81425|1.14231 => -121.931505906
SERVER|0.00008|0.16371|-0.03477|0.02920|0.25313|-0.23373|-0.93845|0.40033 => -119.555205374
SERVER|-0.00011|0.03764|0.12027|0.03324|0.12680|0.05004|-0.06139|-0.06036 => -3.08306649733
HOST|0.00002|0.17537|-0.04940|-0.06051|0.14142|0.47390|-0.12321|0.63353 => 36.9729381718
SERVER|-0.00005|-0.53510|-0.00164|-0.02532|0.04055|0.07492|-0.14726|0.19792 => -155.880945651
HOST|0.00011|0.81303|-0.18593|-0.07291|0.13546|0.43375|0.01651|1.43198 => 182.42918314
HOST|0.00016|-0.50857|0.26851|-0.11186|0.00399|-0.15330|-0.04196|-0.33357 => -66.403424988
SERVER|-0.00026|-0.04693|0.02711|-0.05962|-0.18735|0.05328|0.48381|0.52363 => -39.2363498602
SERVER|-0.00008|0.16000|-0.05467|-0.03254|0.07418|-0.26139|-0.38006|0.65637 => -70.722076465
SERVER|0.00001|0.20745|0.10438|-0.11829|0.07234|-0.40263|0.50950|-0.45549 => 149.673683987
HOST|-0.00013|0.02197|0.06261|0.11770|-0.04059|-0.64317|0.10569|-0.07845 => -25.16384431
HOST|0.00013|0.31107|0.11389|-0.05268|-0.01792|0.05817|0.00910|-0.06757 => 49.0428218626
SERVER|-0.00010|0.12000|0.02972|0.02508|-0.02508|0.60966|-0.36949|0.86064 => -121.677499051
SERVER|-0.00009|0.28827|0.01503|-0.00502|-0.10048|0.26945|-0.49499|-0.39716 => -142.725979413
SERVER|0.00015|0.04079|-0.09447|-0.06998|-0.33128|-0.69416|0.12031|-0.26983 => -96.8433400985
SERVER|0.00010|0.21839|0.01639|0.07271|-0.08669|-0.04742|-0.15637|-0.03466 => -45.4431863572
SERVER|0.00032|-0.40343|-0.06085|-0.01279|0.11947|-0.02623|-0.39276|-1.47364 => -76.0773720234
SERVER|-0.00005|0.19478|-0.27294|0.01017|0.25506|0.14705|0.14778|0.62454 => 111.713889942
HOST|0.00012|-0.69209|0.04388|0.03441|0.09205|0.15491|-0.28909|0.24901 => -112.798446625
SERVER|-0.00013|0.09045|0.29036|0.02458|-0.09492|-0.60327|-0.20918|-0.22787 => -116.675675942
SERVER|-0.00011|0.00427|0.13681|0.06236|-0.00999|-0.58186|-0.12817|-0.12685 => -91.4009254226
HOST|0.00005|0.38629|0.06446|0.08272|0.21098|-0.42570|0.56288|0.03484 => 243.442379947
HOST|-0.00001|0.03357|0.14505|-0.06762|-0.10767|-0.27900|-0.55546|1.19434 => -189.114319676
HOST|0.00024|-0.14961|0.21959|-0.16427|-0.28466|-0.16163|-0.06174|-1.30877 => -100.359531124
HOST|0.00010|-0.23056|-0.04238|0.06451|0.13384|-0.33134|-0.40425|-0.18180 => -62.1531679287
HOST|-0.00003|0.66344|-0.16823|-0.06910|-0.16757|0.30341|-0.68609|-0.23430 => -131.858307783
HOST|0.00002|-0.01065|-0.02745|0.12855|0.26471|-0.09614|-0.33781|0.20626 => 11.6442547293
SERVER|0.00013|-0.29711|-0.19721|-0.11722|0.22619|-0.41256|-1.09049|0.58063 => -225.141244629
HOST|0.00006|-0.53633|0.10748|-0.09910|-0.08064|0.14197|0.65648|0.01484 => 39.2770617288
SERVER|0.00005|0.12911|0.10655|0.04646|-0.00618|0.87037|0.19607|-0.04717 => 39.1363259312
SERVER|-0.00010|-0.44007|-0.09894|-0.06645|0.13970|-0.45578|-0.28506|-0.26667 => -112.506655245
HOST|0.00007|0.47085|0.08887|0.05497|0.01389|-0.32821|-0.14562|0.19717 => 48.661862601
HOST|-0.00006|-0.58606|-0.12347|0.14147|-0.11328|-0.37300|-0.01254|-0.49840 => -153.791259929
SERVER|0.00000|0.00989|0.15021|0.09138|-0.16221|0.03730|-0.27058|-0.50648 => -133.519516083
SERVER|-0.00004|0.20445|0.13469|0.05210|0.13117|-0.36327|0.03043|-0.77418 => 50.5326050901
HOST|-0.00035|-0.11971|0.12336|-0.03079|-0.03012|-0.14579|-0.13930|-0.08388 => -133.574946068
HOST|-0.00026|-0.40721|0.17425|0.06794|-0.06781|-0.01723|0.59637|-0.25114 => -3.29732848748
SERVER|0.00001|0.49011|0.17153|0.00292|0.06146|-0.34555|0.48838|-0.80278 => 176.551102524
SERVER|0.00005|-0.49077|0.01205|0.09821|0.00734|0.12925|-0.56565|-0.55047 => -225.813875521
HOST|0.00023|-0.58134|0.16060|-0.06677|0.09174|0.28060|0.11068|-0.66339 => -0.0509572002816
SERVER|-0.00007|-0.30312|-0.04172|-0.10632|-0.22776|-0.14249|0.47978|0.34805 => -66.4592723984
HOST|0.00008|0.10530|-0.12282|0.01133|0.09703|-0.14080|0.06949|-0.83595 => 62.3481568547
HOST|-0.00011|-0.05745|0.03980|0.13102|-0.35925|-0.27078|-0.81406|-0.86333 => -348.290814672
SERVER|-0.00004|-0.22438|0.08863|-0.00887|-0.07097|0.53609|-0.28761|0.08098 => -165.262663263
HOST|0.00001|-0.22516|0.10913|0.03181|-0.24897|-0.18729|0.01345|0.02672 => -139.742020385
HOST|0.00003|-0.17346|0.05337|-0.15508|-0.15639|0.14016|-0.36860|-0.77803 => -181.766610206
HOST|-0.00026|-0.22674|0.18812|-0.08614|0.06242|-0.24365|0.55355|-1.03303 => 59.3905883073
SERVER|0.00005|0.04510|-0.12301|0.06090|-0.12594|-0.19077|-0.28877|-0.37591 => -138.778861
